0.747993960175713,0.852467190883592,0.871845398343043,0.877088334358675,0.90424973343224,0.911240201080778,0.927728113201832,0.9376537305054,0.947403804183426,0.9560566218207,0.960205388253344,0.962506608679925,0.968506228947508,0.969499120092936,0.97174709346067,0.973263107060807,0.975088414025634,0.975958268690807,0.978533707122842,0.979580388653399,0.982563203574795,0.983561117156501,0.985343873246331,0.985832894688508,0.986586047085319,0.987258594063842,0.98795743807461,0.989915553346279,0.990137778801417,0.990217722154296,0.990531484727412,0.990827079189189,0.991539069039444,0.992033882463147,0.992624903420103,0.992953150483935,0.99318853256459,0.993371387634261,0.993805288368063,0.993880466776617,0.994126722746779,0.994216305951037,0.994453796650615,0.994490431254048,0.994715957872392,0.994751656346215,0.994876412349422,0.994934087230381,0.995346866159522,0.995508095413304,0.995570536123773,0.995810737466729,0.995900481886576,0.995982853957082,0.996103628661873,0.996143991401795,0.996215034064942,0.996246389794339,0.996325683369491,0.996348566226808,0.996417723103759,0.996432081402732,0.996463055043808,0.996476793866552,0.996509019349703,0.996534825442374,0.996598016106123,0.996657724535529,0.996707921413521,0.996730057624319,0.996770348106948,0.996778791186283,0.996811891027471,0.996837647618481,0.996871802897474,0.9968961914284,0.996946293378521,0.996958950456205,0.996998263756323,0.997039153633188,0.997066551554959,0.997081651617573,0.997122568692721,0.997143708280183,0.997193604938115,0.997228628541175,0.997297877692019,0.997317720283928,0.997380120335817,0.997396768757549,0.997430915602812,0.997436498517915,0.997467552151654,0.997482567418205,0.997510975184034,0.997523850338551,0.997553265745462,0.997573977209334,0.997640166126034,0.997654570111477,0.99767684143873,0.997687510179316,0.997716956711617,0.997769831953753,0.997787264995973,0.997806790131894,0.997825550780875,0.997846021179911,0.997877328732638,0.997894203333073,0.997912982873529,0.997933137188785,0.997949933271567,0.99796456945706,0.997986409159735,0.99800390204396,0.998022796749262,0.99802776916331,0.998086236824396,0.998089945376749,0.998121084229207,0.998124720973294,0.99813822433259,0.998145321909268,0.998170206334778,0.998191112136658,0.99819493455341,0.998206732913646,0.998214449661874,0.998220416588069,0.998235517385895,0.998248158520031,0.998265557476105,0.998272175927052,0.998284272088554,0.998292782142922,0.998309135300891,0.998330100573114,0.998424663504028,0.998432618822469,0.998445982072483,0.998451390707109,0.998473378540319,0.998476793836103,0.998484607091382,0.998491529433689,0.998501037634775,0.998505313207652,0.998521049508694,0.998531879897227,0.998536336361293,0.998538479636751,0.998541648882234,0.998546521494921,0.998553723770502,0.99856191259121,0.998567946966283,0.998570356746307,0.99857550034952,0.998579009726093,0.998586478098154,0.998589453930779,0.998593884655484,0.99859702921938,0.998623193896657,0.998625044631034,0.998629953556159,0.99863450567334,0.998653164681203,0.998657257685218,0.998662811552518,0.998665141944426,0.998668675709947,0.998672680502769,0.998680059099545,0.998684949828969,0.998695600400354,0.998697950495638,0.998703051130636,0.998705168798379,0.998710524164729,0.998714179512484,0.998723968891962,0.998727747190129,0.998733197804562,0.998735150010422,0.998739909564931,0.998743620768677,0.998746803325637,0.998751238537008,0.998754539943237,0.998758736195372,0.998762494978602,0.998765898195062,0.998772984899045,0.998774714159226,0.998789395991028,0.998801546862308,0.998807056303936,0.998808110270999,0.998816225418836,0.998817508446476,0.998821166162861,0.998825053522027,0.998841918771872,0.998844601897972,0.998849034588995,0.998852839201507,0.998860141790933,0.998862536089166,0.998868501251226,0.998873057402747,0.998875797455946,0.998877134479084,0.998882762103181,0.9988848918107,0.998888754297847,0.998890818101037,0.998892491274542,0.998893813894131,0.9988973600069,0.998898335222464,0.998901841087131,0.99890545069686,0.998907025878555,0.998909524626944,0.998912101169827,0.998915499838498,0.998917998194775,0.998921051036726,0.998924463414002,0.998927837018375,0.998929534698284,0.998932202098534,0.998936125361658,0.998938050411807,0.998939004818739,0.99894040129728,0.998942770363409,0.998943755943612,0.998945700489439,0.998948077003243,0.998950754590282,0.99895277056898,0.99895579580511,0.998957461533614,0.998958741820413,0.998959860961372,0.99896600263968,0.998966854059686,0.998968467441671,0.998970914372766,0.998973802296605,0.998975271843601,0.99897726469352,0.99897820275609,0.998983480296652,0.998984656154579,0.998988048318355,0.998989286127733,0.998991317711131,0.998993931494553,0.998997463192486,0.998998249254404,0.999002269507508,0.999003599113418,0.999005429737533,0.999007903345745,0.999012211978197,0.999013968142975,0.999017337527532,0.999018768640182,0.999025305059433,0.999027022168747,0.999030670476082,0.999033768409914,0.999035177088466,0.999037050048626,0.999041422587279,0.999043987495257,0.999049918723181,0.9990521624962,0.999054709376849,0.999055342374779,0.999056350251067,0.99905654569587,0.999061355880456,0.999063520200598,0.999067263764119,0.999068413155945,0.999069127024842,0.999071016570672,0.999075003401418,0.999075542346829,0.999078581240957,0.999081471752608,0.999082331480983,0.999083356791362,0.999085594936782,0.99908922797464,0.999128942355252,0.999130311297107,0.99913141424186,0.999134215571079,0.999138476731538,0.999139282833482,0.999142271201116,0.999148296878432,0.99914977347303,0.999150701089797,0.999153308340756,0.999155299092467,0.999156637941422,0.999157609041177,0.999159204481609,0.999160471853119,0.999164248318039,0.999165689548114,0.999168843541099,0.999172546277575,0.99917693116165,0.999177638722505,0.999179196330711,0.999181367318936,0.999182552122319,0.999183384603227,0.999185236668885,0.999186228439965,0.999187347909234,0.999188905024751,0.999192522294575,0.999193328270576,0.999196023065621,0.999196115802608,0.999197427758849,0.999199308802034,0.999200955840999,0.999201842616136,0.999204283752774,0.999205806819129,0.999207870054044,0.999209638580708,0.999210120819471,0.999212979294773,0.999214877113651,0.999216090062813,0.999218993558504,0.999220804965832,0.999222628054302,0.999223220607611,0.999224885704538,0.999226743659594,0.999227476948159,0.999229180150232,0.999230431057787,0.999231587446379,0.999232705008651,0.999232722800141,0.99923567247791,0.999237120258838,0.999240203272974,0.999242635985806,0.999243676619872,0.999245512279356,0.999247439937721,0.999247556130795,0.999251141330716,0.999251830681015,0.999253542577021,0.99925369653413,0.999255165342464,0.999256262665834,0.999256965942042,0.999257754956077,0.999259279394084,0.99926098516481,0.999262301291466,0.999263678936596,0.999265575296012,0.999266634493124,0.9992683928195,0.999269159843614,0.999270291272696,0.999271333776207,0.99927233058442,0.999272840332045,0.999273116280891,0.999273424023752,0.999274106563643,0.999274215592365,0.999275090179318,0.999275553714796,0.999276546521374,0.999277131161889,0.99927889493939,0.999279302501068,0.999280671236096,0.999281101188904,0.999281998827894,0.999282962571254,0.999284483088305,0.999284564124063,0.99928561898205,0.999286736850257,0.99928786599418,0.999288248489984,0.999288858396849,0.999289494228896,0.99929086651211,0.999291795236592,0.999293388259016,0.999295183391043,0.999296633134763,0.999296656596301,0.999296812853003,0.999297791178581,0.999298650973818,0.999300322177066,0.999300908577232,0.999302251742669,0.999303972730323,0.999304250900013,0.999305669369708,0.99930697923446,0.999307942492642,0.999308673299717,0.999310100334075,0.999310689090917,0.999311823621622,0.999311922444132,0.999314347353474,0.999314996809527,0.999316914938509,0.999317142522929,0.999318778210693,0.99931996292859,0.999321253305172,0.999321963543386,0.99932388666937,0.999324465599962,0.999325305505738,0.999325565294643,0.999327901560992,0.999328237412297,0.999329604293372,0.999329715484257,0.999330333090947,0.99933146007044,0.999332662755813,0.999332663225391,0.999333582999093,0.99933421564871,0.999335260317047,0.999335558453263,0.999336125724111,0.999336184824282,0.999337105073497,0.999337533799552,0.999338615029309,0.999339102203012,0.999340568661636,0.999340912949846,0.999341970206364,0.999342768039042,0.999343165618684,0.999343988174934,0.999344846227506,0.999345224873124,0.999345475604897,0.999346163099825,0.999347359627185,0.999348571644436,0.999349170987443,0.999349495002658,0.999350087829574,0.999351120675584,0.999352129079279,0.999352390046921,0.999353233478585,0.999354192581757,0.999355419395283,0.999355687905999,0.999357523853302,0.999358190748001,0.999359439615272,0.999359719075825,0.999361499121136,0.999361846540328,0.999363011144331,0.999363292206702,0.999363827656085,0.99936534143739,0.999366258548371,0.999366643738845,0.999367419624516,0.999368190378524,0.999369974448303,0.999370744140529,0.999371165146738,0.999371472813215
0.780506694836934,0.802046541893547,0.81538559475973,0.841097704057623,0.886972472067815,0.911569574678863,0.92384262067651,0.93010717786454,0.944431619473579,0.954115109747708,0.957894201090998,0.960878360476652,0.963673983176534,0.964951286818866,0.969726827809086,0.970685832152989,0.974100885392106,0.974655284383362,0.975786174619809,0.976012719917324,0.976849449531345,0.977272444940294,0.979139632395121,0.983440450718884,0.983818146127504,0.983939307837906,0.984133011439269,0.984204918322649,0.984552191853629,0.984629870729064,0.985769094063392,0.985884214656917,0.986015573800939,0.989114643815013,0.98931038829162,0.989379153712594,0.989458809995005,0.989506566274169,0.989626875457904,0.989675913681408,0.989791096493971,0.989830006797159,0.98994292060602,0.989989211602061,0.990136001790838,0.990215236479334,0.99032459969033,0.990866754121785,0.990970062581556,0.990985010667744,0.991090260304212,0.991132234692025,0.991393957591403,0.991902991848255,0.9923986971208,0.992429546781341,0.992536944317179,0.992778820782346,0.992860422233403,0.992883313484563,0.993121197826696,0.993128160836021,0.99324929243488,0.993263658188396,0.993325985841485,0.993493939750665,0.993568543254972,0.993589059326085,0.993793144327323,0.993801031905048,0.993819813130605,0.994062322960623,0.994231831564245,0.994242666887023,0.994321199031009,0.994335347020358,0.994505354883578,0.99451250226466,0.994688345129757,0.994692335026792,0.994873689282409,0.994891943537821,0.994921592354318,0.994952537616226,0.995255492828238,0.995262203892022,0.995281760086921,0.995291858398251,0.995385181788366,0.995399060943082,0.995478263761858,0.995483225377663,0.995599824092896,0.995678496645396,0.995926783750774,0.995958693949855,0.995984194507051,0.996098161270018,0.996248702668817,0.996251836602196,0.996321229855125,0.996324043576925,0.996331880280312,0.996333927367052,0.996393313304559,0.996404711086393,0.996420542956681,0.996426482489347,0.996497544489841,0.996632300135652,0.996660960311459,0.996675460685561,0.996925890320849,0.996928637206648,0.996987452222824,0.997026823548855,0.997197374842581,0.997224204726719,0.99728759661479,0.997292083518302,0.997331928310362,0.997338261732208,0.997395332767754,0.997398726620985,0.997515902355077,0.997548282066804,0.997608564700684,0.997612329263636,0.997644186080722,0.997676470633498,0.997734852937566,0.997751565341469,0.997762765604109,0.997801554268365,0.997837508402734,0.997845549382834,0.997878118827056,0.997882694538984,0.99793942140577,0.997944414201845,0.997964283845666,0.997966020190155,0.997979334584499,0.997999188726281,0.998043826789998,0.99805507560105,0.998076836154736,0.998084372704836,0.998097729867001,0.99811189653026,0.998122014796385,0.998127430846841,0.998150343853474,0.998157056245608,0.998166418275835,0.998171171912588,0.998205946504811,0.998215359875396,0.998245357922191,0.99824748361935,0.998258551773755,0.998260900115045,0.998272573218754,0.998274322956257,0.998300694289751,0.998304427578198,0.998310727154536,0.998315496146367,0.998346902172676,0.998358585033607,0.998367420526308,0.998374418726606,0.998389004261634,0.998392928995711,0.998398298386162,0.998399133207032,0.998407829802483,0.998413657667105,0.998426207822429,0.998431329599647,0.998442239409589,0.998445906508785,0.998454265125154,0.998465660458788,0.998475514174892,0.998477518888128,0.998489169261932,0.998492478139318,0.998500076192113,0.998502459525761,0.998512171005978,0.99851909993504,0.998528209869768,0.998534501301658,0.998547820858037,0.998548685523447,0.998552051544348,0.998553362797761,0.998581084136673,0.998582324186717,0.99859060491609,0.998592044666386,0.998597096489841,0.998598390781738,0.998607008061283,0.998611948920585,0.998617247158584,0.998620607283051,0.998631612293071,0.998636508767097,0.998646212790685,0.998648419361591,0.998652785841686,0.998654526741465,0.998658889298418,0.998666593620565,0.998672738343674,0.998677219318149,0.998683221803328,0.998685771028356,0.998690086038211,0.998694506923181,0.998697594145191,0.998699256601533,0.998706724604227,0.998708870096152,0.998713284647339,0.998717444784745,0.998723148213035,0.998728935774828,0.998741041305747,0.998745642623878,0.99875349224768,0.998754018819357,0.998757161212998,0.99875902706474,0.998782967310052,0.998790025254564,0.998800693504233,0.998803348451481,0.998806147807881,0.998807502142214,0.998809813852275,0.998817350814468,0.998820641401434,0.998823612966082,0.99882695516876,0.998827505509066,0.998831373169832,0.998835581720899,0.998890063393116,0.998895729757368,0.998898178035753,0.99890401748619,0.998905696622644,0.998906603320574,0.998923954549695,0.998925398501625,0.998929308054388,0.998929683834301,0.998975780437595,0.998978777868612,0.998982418221451,0.998982724214298,0.998984635278496,0.998984767682389,0.998987848032549,0.998988624336866,0.99899043302449,0.998993546556794,0.99899622327073,0.999006580008201,0.999010017667233,0.999011029718999,0.99901514983987,0.999016117141615,0.999020852017007,0.999021251797019,0.999024371570732,0.999026924031219,0.999029145257517,0.999029778110333,0.999032284365727,0.999034999620992,0.999036804998786,0.999039329473786,0.999040900248295,0.9990457592803,0.999048777992074,0.999050944261652,0.999054768174327,0.999056270975139,0.999058892696687,0.999059906661565,0.999062803522045,0.999064707880296,0.999070392793492,0.99907170317583,0.999074514690993,0.999076515054,0.999082019586119,0.999083693902252,0.999087489734962,0.999089321193996,0.999090605543296,0.999091490574735,0.99909719298904,0.999099026713164,0.999102222174618,0.999103514581066,0.999107108874954,0.999108798064312,0.999114260157225,0.999116598378514,0.999136323478255,0.999138277617043,0.999141161804139,0.999144932843979,0.999147299744575,0.999149177362291,0.99915010056488,0.999151363075484,0.999152998591075,0.999154681041015,0.999155861191769,0.999157134107742,0.999158140851728,0.999158400184704,0.999160348631247,0.999160960215066,0.999162130222641,0.999162831888656,0.999168953972826,0.999169867538252,0.999170993412868,0.999171860208094,0.999174137988459,0.99917484621593,0.999176952403668,0.999177687282057,0.999180388245552,0.999181454179797,0.999181920135772,0.999182657212493,0.999183434279376,0.999184269766979,0.999185565998259,0.999188508390494,0.999190910618409,0.999191829593624,0.99919438287067,0.999195602439366,0.999198429347654,0.999199210119386,0.999202277407386,0.99920317980057,0.999204995939766,0.999205589006607,0.999206312390098,0.999208036125811,0.999209871283455,0.999212020750951,0.99921278093382,0.999213542359826,0.999215158285279,0.999216431447873,0.999218122012125,0.99922012653158,0.999221386788998,0.999224716499461,0.999226658712557,0.999227174857986,0.999230263414812,0.999231368652038,0.999231773015091,0.999232357589259,0.999233819861512,0.999234599597562,0.9992360095749,0.999237783966833,0.999239304046976,0.999240350108876,0.999241979916333,0.999243831161919,0.999245068579008,0.999245191305952,0.999246336312835,0.999247165220094,0.999249244798217,0.999250683797845,0.999252815049465,0.999254229719881,0.999255717667606,0.999256456120454,0.999258039206366,0.999259274393258,0.999261222530963,0.999261710587293,0.999262600112756,0.999264229891703,0.999265237744284,0.999266034130988,0.999268154454743,0.999268879223841,0.999271141821754,0.999271909356522,0.999272954517996,0.999274181543601,0.999275117964268,0.999275167865109,0.999276752939743,0.999277499721571,0.999280482747797,0.999280638990419,0.999282343855427,0.999284249958347,0.999286117989734,0.999286306861767,0.999287760265698,0.999289677104154,0.99929075321903,0.999290852187233,0.999292393637786,0.999293152396436,0.99929478374912,0.99929505454186,0.999295904628225,0.999296090566008,0.999298132204461,0.999298372066441,0.99930059202399,0.999301942048406,0.999302408577243,0.999302712574994,0.999303585985521,0.999303929947742,0.999304944454005,0.999305038054207,0.999305700979935,0.999307057404342,0.999309621451284,0.999309850908327,0.999311197318969,0.999311867520885,0.999313042229317,0.999314030832978,0.999314983319087,0.999315447740917,0.999316301494803,0.999316773599101,0.99931933636395,0.999319650842468,0.999321795085519,0.999322436365688,0.999323991241652,0.999327943495667,0.99932876480231,0.999329187471798,0.999331463637631,0.999332130206056,0.999333682961465,0.999334152697866,0.999336583005399,0.999336969225282,0.999338445502234,0.999339007526184,0.999340593136329,0.999341015568661,0.99934166895332,0.999341771484766,0.99934273704654,0.99934322817896,0.999344763522207,0.999344853348382,0.999346701983296,0.999347303324676,0.999348036351993,0.999348449342627,0.999349353722028,0.999350816600217,0.999352637265324,0.999353145726313,0.999354291247468,0.999355077163673,0.999356180858719,0.999356180858719,0.999357298842662,0.999357602411939,0.999358046746088,0.999358576630069,0.999358839825707,0.999359887064384,0.999361457557861,0.999362325563043,0.999363169801707,0.999363537100042,0.999363982763045,0.999364421210252,0.999364573985641,0.999364908490177
0.708804188626124,0.817757304679743,0.845878375385341,0.851900769966287,0.863281544536001,0.896521619246525,0.90784571197362,0.909075348378916,0.924232245385004,0.931335876802811,0.943658844762635,0.947403229910999,0.956552730617895,0.962080780794914,0.964839612365894,0.969110473023266,0.972144645668885,0.973461364387458,0.975046526401174,0.975876826382493,0.977281309099179,0.97772912037902,0.978458950729666,0.979187255872339,0.979893861130098,0.980042269347505,0.98022322769647,0.984656574562571,0.984851493718618,0.985035908325829,0.985457977728518,0.985540921673408,0.98584350370833,0.985977848173747,0.987120833595683,0.987425771019813,0.987559612138342,0.98760713202289,0.987707970474389,0.987769051569129,0.988695720888492,0.988738347698745,0.988932641243008,0.988992663468847,0.989060992849939,0.989330125561454,0.989407731355628,0.989431974430946,0.989529078161361,0.98956697372232,0.989773270878469,0.98978765994357,0.989842565283823,0.98997381634975,0.990075432951649,0.990099334967969,0.990147672576274,0.990168077982315,0.990226161964632,0.990237144382312,0.990322856062198,0.990403280441091,0.990441117669806,0.990468016299667,0.990511870535504,0.990532437532422,0.990564689811353,0.99058558941391,0.990600825432544,0.990623745546165,0.990752556128176,0.990948842384345,0.990980883964748,0.990997539242386,0.991297440977993,0.991459496870932,0.991530936537084,0.991547882980679,0.991571551409857,0.991581377574392,0.991618983088577,0.991628703680534,0.991642905954596,0.991647580437225,0.99169279578903,0.992097163746196,0.992161928139082,0.992621915721939,0.993000537623688,0.993004181132295,0.993098008971383,0.993124291287675,0.993630813870605,0.993638042174781,0.993721330105991,0.993727046896551,0.993735223661557,0.993750195920773,0.993760665206672,0.993769606764353,0.993928599618879,0.993931737293481,0.993972998032839,0.994256548739723,0.994263924525715,0.994270108063863,0.994308841272847,0.994467646271672,0.994929054756601,0.994936073805912,0.994956890339877,0.995594971007893,0.99564210932484,0.995889778142686,0.995992118673831,0.995993911743268,0.996214098406138,0.99634639538102,0.99664599229431,0.996854016439842,0.997080077912658,0.997081501229446,0.997095280646023,0.997219304384252,0.997269269839869,0.997274017491397,0.997432774875032,0.997449442581654,0.997459939207169,0.99746613407088,0.997522091330834,0.997530607591108,0.997556194523572,0.997562812692146,0.997576410256738,0.99758642430052,0.997600473578743,0.997628291104327,0.997721108361358,0.997736106458125,0.997765426241742,0.997793923694891,0.997889549002161,0.997901910918946,0.997964810559567,0.997968417671435,0.99798560363192,0.997994768760587,0.99801432645712,0.998032086779278,0.998052512330143,0.998072677489337,0.998109762034692,0.998152724399673,0.998180303802695,0.998231727254078,0.998278911370739,0.998304175051185,0.998322502972747,0.998329978541377,0.998336647955462,0.998350194083035,0.998387304986061,0.998391498168442,0.998411717970268,0.998423164892766,0.998434691594237,0.99843687683854,0.998457781659107,0.998472270127205,0.998486162658727,0.998505758037803,0.998531774320765,0.998536204489941,0.998543452863108,0.998559945852984,0.998597539203792,0.998603140808297,0.9986102632953,0.998613697227261,0.998622919139655,0.998624780091775,0.998633028555352,0.998637223915708,0.998655526062497,0.99866169532558,0.998673502108192,0.998679088991648,0.998686756412277,0.998687977159042,0.998696857199585,0.998699319052254,0.998716414504296,0.998728270825664,0.998736197847733,0.998743164009984,0.998757117804613,0.99876258806194,0.998781406497632,0.998785591014542,0.998794548634875,0.998797947376772,0.998802202793065,0.99880841792412,0.998814021082301,0.998816057593833,0.998827889513505,0.998831556384406,0.99883937331327,0.998842058054485,0.998847292265042,0.99885240639207,0.998858664602027,0.998863443464029,0.998870740760206,0.998872776010394,0.99888251331445,0.998887630037844,0.998892169680909,0.99889380081495,0.998897921455954,0.998898454773528,0.998901431745405,0.998903564587756,0.998908458691146,0.998909496494225,0.998915608224558,0.998917445659215,0.998930532162391,0.998931084198356,0.998936326666466,0.998942107694611,0.998949066788483,0.998953431590033,0.998956643254131,0.998959601395214,0.998968129640789,0.998974441927326,0.998980285551786,0.998981169918428,0.998988348398149,0.998988827870307,0.998992041788434,0.998993238920391,0.998997875808291,0.998999523018018,0.999003105476276,0.999004288682495,0.999006265921717,0.999010825040485,0.999012884366197,0.999013349611246,0.999016660867919,0.999018065255365,0.999021302502513,0.999023374947003,0.999026955756066,0.999027711225037,0.999032844299377,0.999035037859447,0.999039179010922,0.999040061851213,0.999042402705559,0.999042746748572,0.999046635862353,0.99904811919956,0.999050384429713,0.999055270900237,0.999057680168706,0.999060986759844,0.999065051208297,0.999068458318231,0.99907143256774,0.999072248385402,0.999074797203766,0.999075836379545,0.999077895535044,0.999079824453878,0.999082651594443,0.99908517663066,0.999087049001875,0.999090086236157,0.999094244371203,0.999095017296362,0.999098509154711,0.999099573476981,0.999102912807114,0.999106428043779,0.999109201163746,0.999109551736364,0.999110623343762,0.999111756805002,0.999114684314739,0.999115312052785,0.999117566315467,0.999119115089752,0.999123246548656,0.999126802586078,0.999130208473057,0.999131425983319,0.99913493038889,0.999135056409401,0.999136278778068,0.999138027308394,0.999142768584243,0.999143173344356,0.99914397457788,0.999144562410421,0.999147585881094,0.999148092239792,0.999150640882931,0.999151318973441,0.999153236413623,0.999155444586748,0.99915829019908,0.999160951582615,0.999163531845439,0.999163593655269,0.999165161095444,0.999165794440274,0.999167784441719,0.999168362896189,0.999171181701878,0.999171973085323,0.999174905521904,0.99917550419592,0.999177540915607,0.999178268655836,0.999182207895878,0.999182207937795,0.999183712588453,0.999186144019513,0.999188214368682,0.999188539125662,0.999189463698636,0.999190370327768,0.999192796711209,0.999193935446273,0.999196428633082,0.999197335483523,0.999201108461386,0.999202812501158,0.999205584282362,0.999206931572104,0.999208746404869,0.999210155580583,0.99921174225239,0.999213069443573,0.999213793543469,0.999214373915496,0.999216955829137,0.999218724370384,0.999220366830651,0.999221116104488,0.999223518663385,0.999226906880881,0.999228540484984,0.999228620023403,0.999229881245544,0.99923061611155,0.999231640497913,0.999232285174755,0.999233395462476,0.999234692635396,0.999235296603554,0.999236121970161,0.999238166110479,0.999240328546013,0.999242447781537,0.999242643683843,0.999243196316948,0.999244083234339,0.9992448036786,0.999245540179313,0.999246424170803,0.999247067933084,0.99924894804476,0.999249665995711,0.999251101135139,0.999253166508124,0.999255482896069,0.999255624996513,0.999256985316368,0.999257924960471,0.999259143817165,0.99925995776239,0.999260728381653,0.999261618277834,0.999263722193256,0.999264007434024,0.99926501032094,0.999265899979013,0.999268286626712,0.999269023469151,0.99927016781715,0.999271142048651,0.999273487588693,0.999273780420368,0.99927527043659,0.999276190891705,0.999277391636344,0.999277902818017,0.999279407791658,0.999280745068556,0.99928266811567,0.999283210062167,0.999283945567986,0.999285557033855,0.999285943880388,0.999286853042371,0.99928773960947,0.999287995220446,0.999289251885131,0.999289875815322,0.999291037640603,0.99929242740752,0.999292808537978,0.999293545771561,0.999295222891785,0.999296359716858,0.999298059903366,0.999298348950601,0.999301094319469,0.999301737859915,0.999303857430685,0.999305202393698,0.999306485985178,0.999308208034794,0.999309092498344,0.999309645750215,0.999310811225287,0.999312027025344,0.999312713510818,0.999313515296646,0.999315163703015,0.999315428249001,0.999315980150607,0.999317185932359,0.999319190943514,0.999320228135138,0.999322175649046,0.999322879002737,0.999323902604856,0.999324452904075,0.999325402214692,0.99932581024289,0.999326955134319,0.999327584832322,0.99932916170846,0.999329918897052,0.99933141788107,0.999332150704271,0.999333037571503,0.999334058691283,0.999334266464694,0.999334993027317,0.99933576424268,0.999337243303624,0.999339951695595,0.999340737287783,0.999341291726381,0.999341560944683,0.9993428071072,0.999343851837712,0.999345546437151,0.99934571043671,0.999346804691467,0.999347759181388,0.999349293771741,0.999349553709126,0.999351021526997,0.999351637976973,0.999352413490574,0.999353348536191,0.999354345829053,0.999355686217127,0.999356372086837,0.999357165291298,0.999358152956226,0.999359807674885,0.99936040239072,0.999360616367262,0.999362437599426,0.999363016103922,0.99936420946513,0.999364637120949,0.999365711506704,0.999366389015317,0.999367825907859,0.999368388510521,0.999369007957837,0.999369372550687,0.999370466405023,0.999370954314489,0.999371727382574,0.999372058706774,0.999373283885434,0.999375017984529,0.999376206308121,0.999376813222384
0.804867647581823,0.823065236453687,0.835305920816848,0.844810637824119,0.869796920070312,0.871482659772852,0.897546761128257,0.90749156439334,0.920920775597379,0.932630211834993,0.945220628608044,0.948702283034357,0.956011086688938,0.957711153228077,0.965664090463854,0.974702880221558,0.978727253230591,0.979339115899214,0.980852672323803,0.981471572251956,0.982555612828398,0.983010773914812,0.983949339523795,0.984370871104748,0.984846062876549,0.984963177643649,0.985218558162729,0.98552776088957,0.986676993728404,0.987258832616882,0.987569032422702,0.98770258723397,0.987880380279747,0.988028032070577,0.988363814725024,0.988457641408803,0.988845101628604,0.988901920936978,0.989005839823594,0.98908601348797,0.989425725658067,0.98978293197365,0.989881337369769,0.990275314897945,0.990430439849139,0.990510383431672,0.990674984761993,0.990719927355357,0.991443974085754,0.991477749645762,0.991677393594491,0.99169310106713,0.991760514955598,0.991876819122038,0.991937420493779,0.991954780847884,0.992436713712702,0.992603688135428,0.992698331762087,0.992718922804257,0.992932243153169,0.992949420705559,0.992988623683534,0.993033600279102,0.993069778306888,0.9932966928117,0.993341392299661,0.993350836672879,0.993417309153586,0.993438020393212,0.994183631613404,0.994232487171316,0.994358165664373,0.994375378827115,0.994392286462577,0.994653849317699,0.994781167048073,0.994787674678836,0.994897841353433,0.994974587683399,0.995102944051073,0.995113089069341,0.99513770058779,0.995297293926944,0.995332931440481,0.995337209125195,0.995556455946924,0.995582320156501,0.995640517995064,0.995644803849222,0.995711458136808,0.995727006027997,0.995832484688508,0.995851470594797,0.995977047388411,0.995983325395056,0.996035021335263,0.996153118422518,0.996343053029074,0.996354565524107,0.996384661598353,0.996520506999519,0.996529821199073,0.996590888011214,0.99664997010757,0.996759110770405,0.996818180714947,0.996820599524741,0.996927399649935,0.996940668927398,0.996966382184979,0.996974171844347,0.99703263317062,0.997095179749231,0.997191512304942,0.99719458070171,0.997213989990757,0.997221441893859,0.997303579018771,0.997310271092222,0.997346308244565,0.997354991433228,0.997393424891601,0.997399327881777,0.997466929286045,0.997516667571313,0.997537907360797,0.997548272548116,0.997610313826087,0.997625284689991,0.997694176960447,0.997702083584076,0.997725684840408,0.997730380553455,0.997765339183888,0.99777522883234,0.997807049047748,0.997812006442787,0.997869995994128,0.997875674110164,0.997917855242923,0.997927647101891,0.997958033421157,0.997967947080562,0.997996248753435,0.99800028367057,0.998039222232099,0.998049720411494,0.998067965057095,0.99807746839036,0.998111216448412,0.998115193604137,0.998133762877633,0.998139229579218,0.998152037059289,0.998158514050614,0.998173760184906,0.998179508032443,0.998197298795,0.998212874178685,0.998237031226695,0.998239453040901,0.998254931579036,0.998262605156092,0.998270893531752,0.998273865215478,0.998278119072813,0.9982881799813,0.998300216602042,0.998306715975735,0.998319979223461,0.998321029974308,0.998340162370399,0.998341788044384,0.998353902571677,0.998358367528433,0.998365189502562,0.998367837515132,0.998373857310857,0.998375318490774,0.998387708920138,0.998388821167324,0.998390539943985,0.998393489378593,0.998523489929236,0.99852553105103,0.998530586900546,0.998537584128154,0.998546503650814,0.998557600899205,0.998561274305034,0.998567566831812,0.998574072000908,0.998579148832056,0.998589265401653,0.998594483316529,0.998598419834896,0.998601117487611,0.998605273573356,0.998608039988187,0.998615871056732,0.998617194126012,0.998625665893792,0.998629461203554,0.998632023143694,0.998633867015602,0.998641007690602,0.998645092038983,0.998657257755713,0.99866024225067,0.998667056289634,0.998668311165101,0.998676428190686,0.998687975311759,0.99869410778366,0.99869584097174,0.998701377397023,0.998702800614553,0.998706353005378,0.99870896619551,0.998713795169433,0.998716737247443,0.998731262510718,0.9987341344393,0.99874087885723,0.998745084832054,0.998746586890216,0.998748441813429,0.998753171358941,0.99875764121622,0.998762350918461,0.998769194184507,0.998772492886814,0.998773426187688,0.998781959850604,0.998785417342311,0.998794781842453,0.998798414550728,0.998804708795871,0.998807483784105,0.998815316325536,0.998816978010598,0.998822507112489,0.99882486009767,0.998832452942732,0.998842065223785,0.998847760995366,0.998851064505618,0.998858434871495,0.998859797891401,0.99886671107238,0.998871122259662,0.998877267190684,0.99887830111233,0.998883918530088,0.998885951802651,0.998890752686175,0.998891839426528,0.998893520725373,0.998897059296715,0.998901106679667,0.998903435265666,0.998909138402333,0.998910936912261,0.998914826466783,0.998915229409058,0.998916547351272,0.998918905400479,0.998922839537713,0.998924524211893,0.998932605242709,0.99893485984268,0.99894049341166,0.998941316234734,0.998946392340968,0.998949232369075,0.998959099942438,0.998961455626773,0.998967369298158,0.998968872252344,0.99897229133326,0.998974020935406,0.998978060174155,0.998981612483846,0.998985344684281,0.998987174370305,0.998990453862218,0.998993722426596,0.998997435691791,0.998999412485563,0.999007824998834,0.999014501894926,0.999017874014912,0.999018644378508,0.999021409638758,0.999022607840909,0.999024904455689,0.999025541405777,0.999030595646583,0.999031344062652,0.999034695518128,0.999035027371067,0.999037220952323,0.99903986364715,0.999043984506439,0.99904429736429,0.999049058550838,0.999052171238545,0.999055742684506,0.99905609974451,0.999059567070149,0.999061770928625,0.999066727504833,0.999068144491713,0.999071008166211,0.999072801663029,0.999075368373855,0.999076753531155,0.999081640335005,0.999083788769882,0.999084961085311,0.999085731529704,0.999088485609152,0.999090233908885,0.999091374956582,0.99909344967005,0.999096237602195,0.999098774570944,0.9991013954048,0.999106348322411,0.999110980802292,0.99911177610703,0.999114698928181,0.999115829036952,0.999117440823409,0.999120733742905,0.999124236112007,0.999124392952988,0.999125388856481,0.999126980868659,0.999127892023284,0.999129003105123,0.999131587126946,0.999134256685698,0.999137386077613,0.999137799410982,0.999139421326071,0.999139664308019,0.999142567003863,0.99914543613664,0.999147260978604,0.999150462114468,0.999151049580752,0.999153698113362,0.999155835145838,0.999157316378302,0.999158567342349,0.999159989585311,0.999163886199354,0.999166862631139,0.999168589983216,0.999169788604517,0.999172273123203,0.999174483465154,0.999175800665593,0.999176660989919,0.999177421278325,0.999179793953943,0.999181132278803,0.999181939849947,0.999184202781786,0.999185563316105,0.999187290000481,0.9991880356394,0.999191200137553,0.999192423860585,0.999194787305105,0.999195935641891,0.999197735866626,0.999199324555493,0.999202163508858,0.999203561811666,0.999204732753679,0.999206220754552,0.999207110174341,0.999207235263452,0.999207916114344,0.999208975414806,0.999209544630207,0.999210464953269,0.999212451221945,0.99921428349935,0.999215595420293,0.999217061032236,0.99921873064252,0.999219446185248,0.999223109092809,0.999224196818229,0.999226173331036,0.99922878818371,0.999231661578751,0.999233014540871,0.999235293340674,0.999235412098457,0.999236599408478,0.999237115825499,0.999238187058141,0.999239948828303,0.999241537054443,0.999242258245221,0.999244636930042,0.999244694903401,0.999245637691681,0.999246157194313,0.999248119220001,0.999249264311039,0.999251568286742,0.999252429463585,0.999254370939058,0.999255838451146,0.99925805917275,0.999258270580932,0.999259588141608,0.999260133512656,0.999261105473053,0.999261712819766,0.999263422685748,0.999265114624381,0.999266346493305,0.999267082982956,0.999269257424314,0.999270209619528,0.999271370845022,0.999272644360803,0.9992749999889,0.999275912720818,0.999277496259868,0.999277848756515,0.999279144560256,0.999279436126938,0.999280873252971,0.999281005010438,0.999282309503522,0.999284087567129,0.999285411527208,0.999285452682866,0.999288026068758,0.999288115716252,0.999289915061209,0.999290214536916,0.999291420493201,0.999292888942491,0.999293539923803,0.99929416533347,0.999295278895575,0.99929535118948,0.999296962321632,0.999297625982205,0.999298035009071,0.99929840339972,0.999299099134236,0.999299473134178,0.999300169119175,0.999300489543845,0.999301189177267,0.999301508839107,0.999302094355986,0.999304055854658,0.999305252999814,0.999305549176044,0.9993061689441,0.99930695818922,0.999307938372168,0.999308893595022,0.999309578800865,0.999310157538297,0.99931122204375,0.999311532058052,0.999312969332726,0.999313511032228,0.999314294215168,0.999314385327679,0.999315799941752,0.999317792073242,0.999318202355865,0.999318966981873,0.99931982863419,0.999320524548331,0.99932187056603,0.999322188267081,0.999322395288029,0.999323149518216,0.999324099736571,0.999324955722262,0.999326335020826,0.999326893148375,0.999328037833928,0.999328323670711,0.999329309417896,0.999330014555738
0.784724725601645,0.857815439610914,0.868434946230504,0.873855163397705,0.888575596353728,0.911972988712785,0.92495977766376,0.930102708158818,0.939422506838497,0.943890258319004,0.947105271053144,0.950327982124074,0.955374991017703,0.956316059085979,0.963899679411097,0.96609601441422,0.969091030294107,0.971103982719219,0.97327576638527,0.974427398756439,0.976274736987707,0.979310686415112,0.980570806047261,0.98074215525893,0.981417425235745,0.981690611529207,0.982654572778341,0.985216911451903,0.985708904277213,0.986048655954407,0.987005735675978,0.987085222713916,0.98727517199583,0.988014764304743,0.988449684120761,0.988526238114508,0.988724400136287,0.988952734615599,0.989378984270284,0.9894684763656,0.989625305848,0.989747760725734,0.989939598619741,0.990012772246687,0.990484245190472,0.990688062904221,0.990890137401485,0.990931010903635,0.991317443733772,0.991346576990966,0.991451605112474,0.991582968250934,0.9917531911988,0.99198711994234,0.992190822741331,0.992252363084478,0.992372370773094,0.992412920636202,0.992807391843145,0.992812832877963,0.992862157216909,0.993425421572715,0.993945181514045,0.994087816019394,0.99417215550979,0.994219374998567,0.994256912023033,0.994826311897342,0.994914275093205,0.994996363011575,0.995005869418849,0.99504367319323,0.995343656179133,0.995361894112868,0.995562496158285,0.995582335544696,0.995632339165308,0.995723299308095,0.996041738286149,0.996082633604748,0.99618461450994,0.996189886560886,0.996267213681431,0.996280121355478,0.996318262681781,0.996381915353322,0.996459752274362,0.996480862598548,0.996578693873623,0.996642411264752,0.996770228665931,0.996777738862381,0.99682413653877,0.996840040131644,0.996908436557854,0.997035581832898,0.997122990455652,0.997145228881244,0.997194289003752,0.997202476893339,0.997272060009397,0.99728832039048,0.997318712007048,0.997332779160291,0.997357219659055,0.997373037718163,0.99742127657162,0.997441621384732,0.997497379631571,0.997503590383197,0.997540594928747,0.997544357247219,0.997570224996676,0.99758142563113,0.997617568997091,0.997635732449633,0.997672885045264,0.997687582229058,0.997723138056325,0.997731538344122,0.997771382916784,0.997794001939296,0.997846077710725,0.997868093511033,0.997887098905663,0.997919218755542,0.997931298134566,0.997944165745689,0.997958549177432,0.997968243892402,0.998000693078046,0.998003764569709,0.998185104496416,0.998197463754567,0.998214455916338,0.998216018120394,0.998244701760375,0.998261826705743,0.998273377021499,0.998275817205546,0.998295691598606,0.998307819471534,0.998325859797895,0.998336908493086,0.998355109143824,0.998376224680318,0.998388899817299,0.998404284586244,0.998424271930456,0.998431996460231,0.998446718088986,0.998449704638812,0.998464133701044,0.998468119152118,0.998472429810918,0.998478435550787,0.998501312388442,0.99850518438098,0.998510868948599,0.998512128619995,0.998517385949404,0.998526162533396,0.998532830467458,0.998534286163397,0.998548824928734,0.998557294994337,0.998564619672727,0.99857610885489,0.998581066144853,0.998587891234298,0.998593894017604,0.998598440646549,0.998610131026665,0.998610397515702,0.998619890964876,0.998627212424274,0.998645637893601,0.998651853444621,0.998657000006935,0.998658705203725,0.998661374980637,0.99866767477274,0.998672729540232,0.998676319213166,0.998679594633055,0.998683175661299,0.998687014397171,0.998694670236396,0.998699249949342,0.998701993969838,0.998705859539547,0.998709217846169,0.998714351141263,0.998718480434389,0.998724616173901,0.99872580379319,0.998730245840919,0.998737588706287,0.998742661520655,0.998748831728647,0.998754976001666,0.998758419909768,0.998770527262663,0.998772566646585,0.998777037866413,0.998777664508203,0.998789669769761,0.998796613024343,0.998804788796594,0.998809158211656,0.998817100921079,0.998821037794709,0.998825353611946,0.998826705881262,0.998830481117668,0.998835507437904,0.998840958879909,0.998842237722348,0.998848402181604,0.998850913773382,0.998853938649682,0.998855435493927,0.998870325971575,0.998871665369766,0.998873550951272,0.998875886225546,0.998883273508671,0.998887158885282,0.998891467460169,0.998893078307304,0.998899162516045,0.998900918192339,0.998903667788141,0.998905497905369,0.998908880676849,0.998911892981929,0.998916335323732,0.998917186735059,0.99892210696166,0.998925631207813,0.998930094356867,0.998930384384029,0.998932182177051,0.998936684772508,0.998938090113312,0.998939421489462,0.99894258038176,0.998948180350222,0.998952132769713,0.998952494225797,0.998955763989951,0.998956178377645,0.998963170948045,0.998963362699265,0.998969491548067,0.998971674846456,0.998980016717441,0.998981568136252,0.998986298244834,0.998988191585506,0.998992774074806,0.998996333469776,0.99900017351134,0.99900229046559,0.999006236478142,0.99900636622442,0.999011693724168,0.999014456903834,0.999017534113631,0.999018956619046,0.999022659771475,0.999023929276367,0.99903092293462,0.999032840405441,0.999037504866982,0.999041204640364,0.9990441805933,0.999044947335393,0.999051356026103,0.99905366686049,0.999058450864221,0.999059307607314,0.999060037808451,0.999063241517303,0.999067219143401,0.999069717304367,0.999073610954144,0.999074151671984,0.999080588744241,0.999082249342549,0.99908432354914,0.999086238622375,0.999089716818457,0.999091062868865,0.999093846274269,0.999095850426565,0.999099271506358,0.999101432433359,0.99910276579613,0.999103311614375,0.999105902911046,0.999106260603191,0.999108887312636,0.999110931713719,0.999114345504891,0.999114556658322,0.999117025187822,0.999118666563341,0.999123103572185,0.999123227166944,0.999125938786846,0.999126905746713,0.999132493895747,0.999132765388248,0.999135180003743,0.999136474295698,0.99913799995762,0.999138923351429,0.999140961642299,0.999141878277199,0.999144950251268,0.99914763990151,0.999150713295133,0.99915220503368,0.99915493415783,0.999155618729419,0.999156641109028,0.999157713377589,0.999159678800663,0.99916051181426,0.999162110387566,0.999163195263515,0.999164176190336,0.99916426674822,0.999165736686794,0.999166150077483,0.999169652729474,0.999170363020156,0.999171800523288,0.999173643730947,0.999174228671293,0.999174775692021,0.999177451791646,0.999181168551514,0.999184188407348,0.999184309031611,0.999186142108695,0.999188383909243,0.999190893704593,0.999192749464474,0.999194680070766,0.999196895096881,0.999200084421416,0.999201165225978,0.999201600740319,0.999202995463366,0.999205364034,0.9992055894984,0.999207311781934,0.999208001808227,0.999211019686291,0.99921156521324,0.999213884922382,0.99921458287155,0.999217652592334,0.999217843488221,0.999220340987905,0.999221050602362,0.999221747233122,0.9992223819001,0.99922325745921,0.999224066929996,0.999225311966538,0.999225676497963,0.99922717459788,0.999228256045267,0.999229974807263,0.999231396827748,0.99923261716096,0.999234537376981,0.999237827362582,0.999238388749153,0.99923884782322,0.999239539100659,0.999240365123807,0.99924069667485,0.999243054943719,0.999243896965767,0.999246241737139,0.999246596063135,0.999249314189508,0.999250179489306,0.999252074554963,0.999252888071806,0.999254575827677,0.999256042525039,0.999257753768496,0.999260048692191,0.999261519303373,0.999262430376843,0.999265023605707,0.999265411521171,0.99926677334128,0.999268106309223,0.999269716746548,0.999269765983384,0.999271469309163,0.999272874240765,0.999274816021622,0.999276061986115,0.999276521064958,0.999277542321397,0.999278452221195,0.999278762070457,0.999282271394862,0.999284441462348,0.999285964913993,0.999286454268494,0.999288119927049,0.999289273121996,0.999290716570767,0.999291373594457,0.999293231718546,0.999293622831941,0.999293933698968,0.999294064208575,0.999294754948163,0.999294962028639,0.999297120325064,0.999297625087314,0.999298063438315,0.999299451920833,0.999300151897762,0.99930088754809,0.999302024885129,0.999304162525227,0.99930552696165,0.999305843457675,0.999306433064308,0.999307016857148,0.999307595564992,0.999307779544233,0.999308493505172,0.999309150541284,0.999310071716673,0.999310126837181,0.999310999839097,0.999311694839603,0.999312038790804,0.99931268653396,0.999313686827913,0.999314095038871,0.999315140198569,0.999316456561161,0.999317552532542,0.999318909723346,0.999319807590833,0.999320231112558,0.999320975205264,0.999321888757566,0.999322965520328,0.999323308855625,0.999324308086788,0.999326476612668,0.999327487165801,0.999328291855192,0.999329479622547,0.999331141427625,0.999332177370525,0.999332681964451,0.999333754720161,0.999334304423737,0.999335146053713,0.999335761101782,0.999337158686883,0.999338218861209,0.999338913227103,0.999339544059121,0.999340502057198,0.999341386727296,0.999342431919103,0.999343467971049,0.999344575646675,0.999345444594934,0.999346308339758,0.999347037072655,0.999348976436382,0.99934954895526,0.999350367664389,0.999350891030546,0.999352050127696,0.999352521133874,0.999353607307046,0.999353998175334,0.999355438916946,0.999356343288828,0.999358643801264,0.999359276522803,0.999360006467726,0.99936042136355
0.757901404078464,0.819493468166647,0.854805562308007,0.861549312735137,0.884830816111278,0.89233859068399,0.898998864135331,0.922828417845919,0.939472042647548,0.946532172046984,0.964672070409244,0.965615668333092,0.968386689960793,0.969028316465369,0.970814555417917,0.973056067926641,0.980709633886834,0.981544745170916,0.982768923851413,0.983332044427124,0.98398888286036,0.984148179847049,0.984688652392733,0.984878137755097,0.985238581571657,0.98531809001439,0.985934522022763,0.986282672825504,0.986464086114495,0.98656608166666,0.988134045041517,0.988291596645885,0.988432062584166,0.990211817251089,0.990286194164142,0.990943525116054,0.991051362975573,0.991118604073598,0.991222756594386,0.991290122359294,0.991414821798088,0.99147422879576,0.991568456301928,0.991587040049263,0.991698492719414,0.991723289293398,0.991775152820801,0.991809375059428,0.991894978198252,0.991991725708515,0.992244574258268,0.992255462900423,0.992709794052819,0.992728138740286,0.992926373939973,0.992971339679138,0.993078420989641,0.993097340145634,0.993133592638967,0.993170385049088,0.993201778171818,0.993212259202111,0.993257736066471,0.993288062728957,0.993320959821636,0.993334988247802,0.993367106685912,0.993392242072827,0.993439109795175,0.993463438820038,0.99351817987357,0.99353102277961,0.993609302833321,0.994124435399867,0.994161127928029,0.994169793379783,0.99419643248705,0.994223783677715,0.994260078602409,0.994333858722135,0.994366106473406,0.99438819668713,0.994400137680037,0.994412209814418,0.99449434704371,0.994502124111148,0.994516523832415,0.994521245473102,0.994532577630383,0.99454770744809,0.99456573520295,0.994573055455184,0.994596247010835,0.994600565225581,0.994615369574128,0.994650440600299,0.994662005389454,0.994682286867936,0.99469726276416,0.994703369740852,0.994742852329172,0.994771879980532,0.99488600189766,0.994894255812231,0.995326588293454,0.995335847394207,0.995388066080195,0.995391251896251,0.995425960387619,0.995533799069531,0.995777697517942,0.995788434801234,0.995905607992,0.99590967535449,0.995934581553574,0.995939591654852,0.996021528653301,0.996025467633136,0.996114270229684,0.996136373712327,0.996145526066905,0.996186946638989,0.996238645304432,0.996240255975124,0.996263903950178,0.996303619647064,0.996379634823945,0.996388984966129,0.996406063779022,0.996796946550467,0.99687758706781,0.996880702757604,0.99697056809198,0.996974160185273,0.996994663818224,0.997063231516157,0.997315541520542,0.99750613031453,0.997603243824463,0.997606195965293,0.997630686090647,0.997666798905523,0.997678385166377,0.997683825243601,0.997841804613906,0.997842727962724,0.997876243800237,0.99789195481457,0.997897522097934,0.997906669136354,0.997939307690397,0.997975502095138,0.998038142981511,0.99805527271619,0.99809601680022,0.998106494646145,0.998120804164809,0.998160890512824,0.998175297615185,0.998184681279573,0.998220909532897,0.998234966730529,0.998243945959796,0.998264663545786,0.998271612615876,0.998276649816872,0.998284884358681,0.998291735540156,0.998307473276287,0.998323784415301,0.998334650891125,0.9983391556825,0.99834488929348,0.998352308297955,0.998397693015067,0.998401034496017,0.99840914469217,0.998412705504234,0.998425886673819,0.998427858887866,0.998443713803256,0.998449817897723,0.998466391430091,0.998473445380383,0.998477683406573,0.998478097880288,0.9984882638259,0.998497086974386,0.998504981165652,0.998507387813778,0.998532374715664,0.998536260941073,0.998546625477257,0.998553233300477,0.99856299763767,0.998568404945772,0.998569944997671,0.998571634517251,0.998577654443885,0.998580334477933,0.998581770207637,0.998588929745372,0.998710903491228,0.998711564191794,0.998716874097657,0.998717371368105,0.998724481576954,0.998726629429529,0.998731669429813,0.998743453644489,0.998749215528897,0.998749950384029,0.998754161344931,0.998760532722591,0.998761771003369,0.99876790640195,0.998786311956247,0.998789289568237,0.998792927414671,0.998794714800504,0.998800072607265,0.998802779413878,0.998809367322639,0.998810495924178,0.998814677134823,0.998814697362378,0.99881843409496,0.99882067326615,0.998823330550922,0.998834866070927,0.998837274819103,0.99884171493307,0.998846752976505,0.998849352823802,0.998853321085868,0.998853354927848,0.998857614806681,0.998863114528398,0.998867271499316,0.998869765505315,0.99887242605493,0.998873931765537,0.998879540633035,0.998884155198279,0.9988865714971,0.998888284779501,0.998891669143574,0.99889367731789,0.998895811244795,0.998896959963267,0.998908957247673,0.998912103229627,0.99892327332912,0.998926496058192,0.998928273771544,0.998929320540931,0.998931356738685,0.998932830067888,0.998939457168122,0.998943083704783,0.998946101357219,0.998949508602093,0.998951870406695,0.998955265319437,0.998957303851599,0.998958235749733,0.998959318045011,0.998961421088515,0.998974996680303,0.998976421034337,0.998979970248338,0.998981847810758,0.998988802109276,0.998989845821677,0.998993485983808,0.998993907407917,0.998997080605131,0.998999144900897,0.999003529984192,0.999004320243906,0.999005786763848,0.999006049508988,0.999009164443614,0.999010489396429,0.999016155014309,0.999017158307678,0.999021152877391,0.999021608480905,0.999025232036225,0.999026899177289,0.999028769598464,0.999031621308592,0.999033910362906,0.999034539065176,0.999039437015891,0.999040272108124,0.999044863056708,0.999046346666636,0.999050483196719,0.999053718326953,0.999057217043411,0.999057502536649,0.999059443090823,0.999060360132592,0.999062180932111,0.999063112352691,0.99907392410072,0.999075803949863,0.999079860823098,0.999080474756949,0.999083555529045,0.999086080629263,0.999087348493197,0.999091175971996,0.999091901576442,0.999093409860893,0.999097047160851,0.999098886472507,0.999100028548903,0.999100710943203,0.999104263849155,0.999105643212025,0.999107358703675,0.99910832484541,0.999110623969437,0.99911140700087,0.999113122547504,0.999114154083288,0.999117006934899,0.999117816574419,0.999120189903031,0.999121235278076,0.99912437132821,0.999125062544362,0.999126018448148,0.999126994438939,0.999129572430054,0.999132202358873,0.999133364924639,0.99913420858488,0.99913735067166,0.999137810674377,0.999140732450843,0.999141467198782,0.999144527858785,0.999145164122849,0.999147330435785,0.999148293939272,0.999148702315246,0.999148837093394,0.999149891735742,0.999151074127774,0.999153552858554,0.999155427475377,0.99915652747897,0.999158297751191,0.999159046700086,0.999159817343264,0.999160768470459,0.999161633720466,0.999162814322789,0.999164384175819,0.999166422954555,0.999169488749016,0.999172887433942,0.999173616879238,0.999174683511994,0.999176086191992,0.999178078942104,0.999179402347837,0.999180211479095,0.999181260845836,0.999185389004672,0.999185450963951,0.999187056136026,0.999191704558446,0.999192911276695,0.999193472210548,0.999196542381392,0.999197084563086,0.999198191184015,0.999198829231528,0.99919951597436,0.999200438781528,0.999208524730345,0.999208851352707,0.999209725248777,0.999209915301962,0.999211080677897,0.999211202355511,0.999212157091525,0.999212823751875,0.999215085147658,0.999216706032224,0.999217181120266,0.999217315260874,0.999218117173062,0.999219507200484,0.999221020726427,0.999222669188283,0.999223672104806,0.999224022546689,0.999226655442925,0.999227191908006,0.999228962884729,0.9992292546098,0.999230037654769,0.999230246536568,0.999231685415345,0.999231905669933,0.999235418774909,0.999236442909863,0.999238276630446,0.999240208542543,0.999247800621115,0.999248289308449,0.999249860479567,0.999251309178286,0.99925251462937,0.999252667853215,0.999257619683929,0.999258250046958,0.999259621238314,0.999260431975484,0.999271679118183,0.999271893852335,0.999273204429464,0.999274398350515,0.999275689642056,0.999276405137949,0.9992770944327,0.999278429785637,0.999280789960565,0.999280852124518,0.999281849003151,0.999286310358758,0.999288420843856,0.99928850195875,0.999289221431005,0.999289653559624,0.999291137763896,0.999291702985709,0.99929295236222,0.999293459830175,0.999294400179421,0.999294676388526,0.999294981690885,0.999295273995209,0.999295506743447,0.999296498873657,0.999297572164808,0.999298508234345,0.999299703310919,0.999299948420349,0.999301238511558,0.999301645283335,0.999302790794996,0.999303207020922,0.999304481552308,0.999304653485323,0.999307425238483,0.999308225691129,0.999308305461111,0.999308797169924,0.999310112277909,0.999310184813324,0.999311726786753,0.999312892600763,0.999313649139648,0.99931372427475,0.999314027042836,0.999314978975796,0.999316034691374,0.999317021185189,0.999321061001714,0.999321449449919,0.999321909646021,0.999322346281449,0.999323033014777,0.999323922452937,0.999333985697999,0.999334463174438,0.999336126639679,0.999336808569461,0.999338378493482,0.999338631811318,0.999339359868185,0.999339780782687,0.999345802775599,0.999346312426193,0.999346640633331,0.999347673510561,0.999348920315721,0.999349314710839,0.999350476855129,0.999351037255306,0.999351656651772,0.999352018797873,0.999352749976645,0.999353682883224
0.786197974589493,0.84143247977565,0.855398134630094,0.859009669715622,0.874164546386007,0.890583042312162,0.898017829253711,0.90883566861903,0.911474608304495,0.915446453685631,0.920832413463138,0.935338588563726,0.948206480588876,0.951966838483859,0.958916808957436,0.959978405487441,0.962972848352419,0.964904253233628,0.966818418580096,0.967004394140437,0.969372827447546,0.969796649496595,0.970928923685725,0.971991090045811,0.972980736538584,0.97406792102971,0.974564816242229,0.974703686083296,0.975261967450825,0.975441794832969,0.976013281986444,0.976288810983929,0.976719962114255,0.980327008416232,0.980796934419901,0.980923937691986,0.981687046169006,0.981816471523647,0.983485974986145,0.983596051103612,0.984164403747756,0.984250101876472,0.98490481059343,0.98496664191532,0.985143979207196,0.985205459930895,0.985290322029873,0.985342986085647,0.985464951411451,0.98552245067117,0.985585301497584,0.986141953029884,0.987267449827158,0.987397553607987,0.987466105608172,0.987532929749759,0.988043791683115,0.988096263521077,0.988149873255361,0.988198701738494,0.988211889884013,0.988301568407738,0.988355671217947,0.988453846897178,0.988571757228059,0.988597412562896,0.988637192518856,0.988680794196722,0.989037299298072,0.989086148500852,0.989115500178082,0.989151433845706,0.989281858512784,0.989404455969987,0.991942714578512,0.991959974590577,0.9919877661848,0.99199894874423,0.99202281397146,0.992036226155823,0.992143482383148,0.992155430344439,0.992238328838875,0.992255612870554,0.99228422703019,0.992300470548434,0.992374595200329,0.992379029460204,0.992396048434952,0.992409376631195,0.992425235277988,0.992429456701776,0.992437121194937,0.992450220724268,0.992628762013627,0.992633304800963,0.992672811697901,0.992678661724812,0.992689426592954,0.992698926910466,0.992711022083153,0.992719025488217,0.992776720985331,0.992780279315328,0.992945949330907,0.992957282270192,0.99295906421821,0.992961110883649,0.993060482888586,0.993092922260677,0.993196987368569,0.993202313142828,0.993222907720916,0.99322697670961,0.993239493931469,0.993278101551554,0.993282311345089,0.993318644043982,0.993403974428074,0.993410418145935,0.993424387148184,0.993427598207659,0.993432658367198,0.99344226384232,0.993450398210041,0.993470416443214,0.993555090211362,0.993558735661766,0.993628353376593,0.993631710512962,0.99384411776106,0.99385319268651,0.993865039758879,0.993896035680132,0.993939395540882,0.993949111451164,0.993963428983335,0.993967715401181,0.994001064735235,0.994012833071474,0.994021170173306,0.994026061109702,0.994038374046394,0.994042487783176,0.994058746494332,0.994060997190658,0.994079699992955,0.994090280986305,0.994113121559404,0.994135084892813,0.994183665394386,0.994189644463914,0.994202450614427,0.99421195446276,0.994249577847926,0.994363434051553,0.994407660743553,0.994516939702636,0.994550163495143,0.994553493364112,0.994937736841295,0.994940121911353,0.99495265385759,0.995016443941669,0.995051397085376,0.995070667928572,0.995108533890398,0.995170483821319,0.995748241142269,0.995783194839749,0.995974472607749,0.996109692569462,0.99650557861895,0.996510605619359,0.996649511619206,0.996716859542927,0.996720427192115,0.996735418778825,0.99674041547117,0.996767507173414,0.99692611318252,0.997176914108464,0.997226951164574,0.997233204673627,0.997347663264414,0.997451609929527,0.99760690931783,0.997624038182099,0.997690694726554,0.997758784122527,0.997833015149908,0.997899861935751,0.997920927706615,0.997987881815757,0.998006525372041,0.998016461243227,0.998066124359082,0.99810090213088,0.998180571407187,0.998219334161703,0.998246347172955,0.998262135610794,0.998266045211042,0.998279155627559,0.998305243703615,0.998312459612059,0.998341656528265,0.998355050770777,0.998391245802955,0.998396853046443,0.998429049318341,0.998452195671921,0.998478844351153,0.998521602326791,0.998528144870038,0.998546830677659,0.998574714507761,0.998576698418635,0.998584331379741,0.998587746371783,0.998594749911461,0.99861235476844,0.998632804338966,0.998640377283862,0.998662416976091,0.998667106741697,0.998689854627299,0.998691724577287,0.998707315140739,0.998711276877709,0.998718037867296,0.998718961198147,0.998736488206552,0.99874393946828,0.998757088506445,0.99875977731903,0.998783895228528,0.998800334456391,0.998812594424109,0.998818744547101,0.998835733053776,0.998845618176073,0.998849286796114,0.998855071540394,0.998858883348527,0.998863910732098,0.998876704742679,0.998878793831875,0.99888142577334,0.99888689538239,0.998896551931078,0.998898042603304,0.998907697316531,0.998910087915572,0.998930924226853,0.998931724684891,0.998934159894036,0.998935400677382,0.998945239621338,0.998947648600589,0.998948433428554,0.9989518279334,0.998957460966451,0.998959693261107,0.998963778558153,0.998965189182331,0.998968157482421,0.998974287352941,0.998979730895044,0.998984423324295,0.998996405998447,0.998999538213195,0.999005167776994,0.999006021478964,0.99901080623594,0.999014560125458,0.999021077647119,0.99902220759543,0.999027048092554,0.999030887665752,0.999043543961444,0.999046162762347,0.999047896975798,0.99905309067971,0.99905750128821,0.999060175605991,0.999062969541903,0.999064303241973,0.999067005538841,0.999067822912771,0.999070496440146,0.999072385688152,0.999073151819633,0.999074465066538,0.99907887808833,0.999079680405524,0.999081477876204,0.999083764781432,0.999084843865452,0.999085897903856,0.999088410015382,0.999089106120193,0.999096337990683,0.99909781224195,0.999100926705337,0.999101630773898,0.99910776230578,0.999108628921868,0.999112958557333,0.999113710492445,0.999115970197821,0.999119844567898,0.99912214470824,0.999122310013745,0.999124380923455,0.999124993285301,0.999128521580982,0.999129351674114,0.999132444163698,0.999133692687023,0.999137851577649,0.99913981695154,0.999142661839321,0.999144228180182,0.999146828251408,0.999148265033511,0.999149290647451,0.999150917030503,0.999152416162566,0.999152674720359,0.999153586303153,0.999155090237025,0.999158689243563,0.999159824924501,0.999161564928397,0.999163081474221,0.999166026492433,0.999169063346895,0.999170743832002,0.999173057251822,0.999173594182271,0.999173929833824,0.999175153045162,0.999175819594994,0.999179464366757,0.999179852983583,0.999181256147058,0.999181818840524,0.999184749911915,0.999185558148496,0.999186182100148,0.999187048406168,0.999190261427669,0.999190932010511,0.999193740218099,0.999194867957103,0.999197679066343,0.999198032256409,0.999201371787727,0.99920207796777,0.999204768056912,0.999204953321497,0.999208432233281,0.999209762174205,0.999211024077637,0.999212537413011,0.999214436003384,0.999215038506229,0.999216096960493,0.999216987127951,0.999220099251046,0.999221906085787,0.999224974867412,0.999225327354453,0.999227085526281,0.999228536258687,0.999234606587525,0.999235767826355,0.999237099408495,0.999237354742567,0.999240645791297,0.999241991017514,0.999242534473297,0.999244454136898,0.999247442371361,0.999248557222082,0.999249612372176,0.999250192321745,0.999252998850514,0.999253356517155,0.999258392920354,0.999259431589426,0.999261446215326,0.999261789206437,0.999263334314062,0.999263551999907,0.999265443439161,0.999265533053687,0.999268046538231,0.999270640999526,0.999272591125226,0.999273252599105,0.999274882541175,0.99927527495738,0.999276522738338,0.999276653896868,0.999277216259556,0.999278088017091,0.999278970609637,0.99928007577645,0.999281857187819,0.9992830005104,0.999283907927125,0.999284079380787,0.999285237483812,0.999286257337878,0.999287634654017,0.999288295129244,0.999290433541489,0.999290556415872,0.999291160079153,0.999291626049667,0.999292778261892,0.999293979507596,0.999296127937757,0.999296858286742,0.999298350726188,0.999299665543103,0.999300793274748,0.999301200889318,0.999302094671511,0.999302563877417,0.999304028301085,0.999304535277196,0.999307324085581,0.999307943396024,0.999308959582273,0.999309367109206,0.9993108121722,0.999311407527059,0.999313086881886,0.999313719627306,0.999314974047022,0.9993157084294,0.999317306249203,0.999319491013193,0.999321559556868,0.999322307374265,0.999323352764645,0.999324085484585,0.999325209772229,0.999325439008133,0.999327283787308,0.999328105428879,0.999329958655315,0.999331349107447,0.999333358835279,0.999334908585955,0.999335847798445,0.999336492849919,0.999337282988795,0.999337745558598,0.999338878437786,0.999340258800575,0.999342784302806,0.999342846695692,0.999344267486503,0.999344516220338,0.999345375993908,0.999346205131174,0.999346513351782,0.999347361484143,0.999347930901419,0.999348188846239,0.999349147314183,0.999350975146815,0.999351513198638,0.999351849839243,0.999354130400596,0.999354409818061,0.999354966709844,0.999355346790681,0.999356140246753,0.999356673588943,0.999357353974272,0.999357656855625,0.99935830919113,0.999358986500735,0.999359996048168,0.999361133888374,0.999363373162118,0.999364074158324,0.999364292356004,0.999364604094485,0.999366054385634,0.999366416464683,0.999368501817333,0.999369544664558,0.999370025374753,0.99937070303739
0.792988004939368,0.823835415506262,0.849097474056908,0.849764711112674,0.87712558896945,0.882583314076449,0.893473254302229,0.897097551586315,0.899859547876157,0.902260817144897,0.908861014138444,0.915673446219048,0.934559565894477,0.935063006808814,0.940143260136206,0.945405455563774,0.950738512210194,0.955942132026798,0.960440351971254,0.961059862053197,0.965252586178046,0.96682950914049,0.971790586853786,0.975475045267093,0.976973794877666,0.977171002726214,0.978326616603609,0.97940650403143,0.980748885085347,0.980926030676765,0.981465741934521,0.982032168866985,0.982744485581543,0.98293639156575,0.983864062123657,0.984043188572423,0.984668438958566,0.984864424240952,0.985343441073473,0.985468213062302,0.98576053852774,0.98612807856402,0.989281839685948,0.989348268455013,0.989565357876053,0.98967818598989,0.989879404674036,0.989957533815486,0.990075449118473,0.99016233449446,0.990330792633028,0.990360142187227,0.990526620482522,0.990579066094094,0.990670062410067,0.990727214733234,0.990811312155843,0.99083704529067,0.990945733475613,0.991000300472449,0.991095646505125,0.991170151407657,0.991242224671383,0.991257166412182,0.991323028683643,0.991343960526508,0.991431167524648,0.991463085109035,0.991487952910964,0.991512718943223,0.992316765893589,0.992329400715643,0.992567239218537,0.992580265463193,0.992662304459035,0.992930998497909,0.993101725347339,0.99311925622449,0.993153548122813,0.993175159689612,0.993236864178553,0.993264641696139,0.99362251585077,0.993643088187631,0.993969897151261,0.993992710713413,0.995224902346134,0.995231551767845,0.995768541712073,0.995836702862814,0.995855648410546,0.995868446599744,0.995923332880171,0.996018416802043,0.996311223855158,0.996316198991997,0.996452046141295,0.996454917567689,0.996481645690209,0.996498793400973,0.996807105537771,0.996823175928313,0.996839327996886,0.996846620190603,0.996859285879915,0.996957870564861,0.996984691113598,0.996985685840597,0.997126063841677,0.997260138959182,0.99739632273627,0.99741607905059,0.997521916197577,0.997566239228873,0.997606404412818,0.997619750813397,0.997646230956591,0.997653424816051,0.997739134213361,0.997781179409818,0.997873259661684,0.997910317962616,0.997924035019611,0.997936446135332,0.997970870208456,0.997977402857279,0.997999096342336,0.998006026294191,0.998033856738162,0.998042517998773,0.998087973410882,0.998093740527552,0.998107470287971,0.998122794308663,0.99813212095192,0.998134868654447,0.998159564870229,0.998184080394883,0.99821324074592,0.998222317353462,0.998255141381961,0.998259939160093,0.998308575493322,0.998317942918752,0.998344712253373,0.998350430899362,0.998377747155605,0.998389478577271,0.998396668081736,0.998402483076781,0.998414332662948,0.99841836614956,0.998425367766145,0.998433236279887,0.998441171851003,0.998452227138552,0.998459369530666,0.998465754751935,0.998478163431233,0.998481495015792,0.998490925594036,0.998512187430394,0.99860330552437,0.998606246403415,0.99861891447059,0.998646696496854,0.998662675733923,0.998665823122846,0.998702914192324,0.998707686273071,0.99871532285779,0.998719774499006,0.99872719518248,0.998728882835363,0.998734653300469,0.998737344560829,0.99874430741023,0.998750358874861,0.998755098522104,0.998769762797341,0.998777271047367,0.998779504663963,0.998787190069366,0.998789823485774,0.998796137326002,0.998799723784372,0.998804092149575,0.998805669382843,0.998810070633163,0.998814124693057,0.998820589068333,0.998826141803219,0.998831528788572,0.998833210637357,0.998838786524034,0.998841070431589,0.998843570197569,0.998844236547472,0.998849762897327,0.998851161495761,0.998855490639077,0.998859739298688,0.998863719950392,0.998866441849199,0.998869405518646,0.998871514860191,0.998874240935203,0.998876669732981,0.998879139772336,0.998883617369376,0.998889315755709,0.99889159033844,0.998894284879085,0.998898892342869,0.998903795314992,0.998906152553799,0.998912510574525,0.998913787613107,0.998917338948393,0.998921996540004,0.998926138289021,0.998928885860702,0.998932865291656,0.998933785188399,0.998936244459586,0.99893718375644,0.998938736184348,0.998941250524799,0.998943809961308,0.998945072422288,0.998947771465597,0.998951132187986,0.998954960678091,0.998956098769385,0.998961726404179,0.998962894675296,0.998966174194894,0.998966480694042,0.99897438887234,0.998976094921298,0.998978395006024,0.998983167289996,0.998987007908698,0.998989175030017,0.998992259473167,0.998992849589824,0.998994808721438,0.998998081320503,0.999002426298391,0.999007451702374,0.999010165131627,0.999011974971967,0.999015180300853,0.99901827648872,0.999021447214254,0.999021518114633,0.999023859251889,0.999025456927096,0.999028304292158,0.999031343821114,0.999035331773877,0.999038627414977,0.99904142875937,0.999042366355556,0.99904707969956,0.999049605893813,0.999049975924554,0.999051692751785,0.999053818063901,0.999055031636392,0.999056320848732,0.999059026710574,0.999062894821529,0.999063960278964,0.999066968560199,0.999068214469891,0.999069848981805,0.999071982070997,0.999076141945738,0.999077251207302,0.999080514780331,0.999082697469156,0.999083684714458,0.999085276160259,0.99908967113481,0.999091270035425,0.999095391556215,0.999097256565504,0.999100333184395,0.999102672227208,0.999103950848032,0.999105168340708,0.999107479007543,0.999108908072379,0.9991107047229,0.999112090639601,0.999115044796592,0.999116116290903,0.999117623306492,0.999118214709983,0.999120146987468,0.999121664875442,0.999124377926259,0.999125250018113,0.999127505382601,0.999130549736996,0.999133657407024,0.999137089991388,0.999138908681547,0.999140555426815,0.999144352034422,0.999147863641476,0.999149443334998,0.999150011567865,0.999151022638532,0.999152769258538,0.999155116245447,0.999156525332505,0.999157764668373,0.999159906128727,0.999162863931479,0.999163129212976,0.99916676117063,0.999167289905738,0.999168812041664,0.999169138441185,0.999170258009137,0.99917089364688,0.999172300240846,0.999173547376963,0.999174134422028,0.999176238232447,0.999179711923986,0.999180048657131,0.999180799287299,0.999181967667042,0.999183974515822,0.999184661559305,0.999187184030295,0.999187895161736,0.999188997562875,0.999190536422323,0.999191691289918,0.999192637239882,0.999193783474053,0.999194168764138,0.999195221636006,0.999198440192417,0.999201111094349,0.999201795200508,0.999202646698791,0.99920481353667,0.999206281288235,0.999206419921215,0.999208343994864,0.999209752673889,0.999211124961955,0.999212566898397,0.999214960748596,0.999215522362907,0.999219388583287,0.999219914798625,0.999221673905353,0.999221838926569,0.999223253215316,0.999223905110427,0.999227110531833,0.999228850199812,0.999232160587124,0.999232633696778,0.999234122707912,0.999235574386615,0.999237150544582,0.999237301720799,0.999238905994973,0.999239793222477,0.999240741784193,0.99924085746131,0.999242023088903,0.999244402985453,0.999248009108542,0.999248708826889,0.999251809001262,0.999252911035362,0.999253784201765,0.999254470540465,0.999255693904236,0.999257303160161,0.999260233708588,0.999261246543113,0.99926172498732,0.999261984941197,0.999264781247838,0.999265635805195,0.99926641264671,0.999267014258055,0.999268177417071,0.999268706653584,0.999269364313767,0.999269830452564,0.99927136909669,0.99927164991908,0.999272918655875,0.999273442356759,0.999274358198706,0.999274626389947,0.999276021317046,0.999276021385979,0.999278444622323,0.999278819152661,0.999279694108856,0.999279840964373,0.999281443554296,0.999282180061368,0.99928348402825,0.999285064777497,0.99928648033502,0.999286671850046,0.999287851583047,0.999288968144801,0.999290353410604,0.999291306329639,0.99929407658977,0.999294909729566,0.999296062168584,0.999297457298821,0.999298150019493,0.999298354866731,0.999300347322605,0.999300703174644,0.999301370238431,0.999302387862995,0.999303917313346,0.999304465818515,0.999305409984629,0.999306088782365,0.99930736068895,0.999308104636579,0.999308973949554,0.999310004016291,0.999311128168898,0.999311427529666,0.999312940647143,0.999313742065421,0.99931429492875,0.999314521132332,0.999315736139277,0.999317642740584,0.999318444195215,0.999319589536553,0.999320639742596,0.999322000081376,0.999322808224172,0.999323826755567,0.999324529844852,0.999325019588113,0.999325182728392,0.999325542873144,0.999326615588307,0.999327421364299,0.999328339649489,0.999328569200045,0.999329346687081,0.999329776841579,0.999330004237406,0.999330360959985,0.999331070696515,0.999331836599414,0.999332513644528,0.999333114709071,0.999334553493277,0.999334942298008,0.999335545986929,0.999335791707439,0.999337229989208,0.999337902870003,0.999338342999016,0.999338437590797,0.999339000322708,0.999339939035513,0.999341729536344,0.999342063889494,0.999342669341198,0.99934299006933,0.999343572242728,0.999344803735115,0.999345104191626,0.999345726256768,0.999346970713319,0.999347597756559,0.999349166665827,0.999349704764902,0.999351777107463,0.999352445849356,0.999355041656174,0.999356185690668,0.999356765065276,0.999357173415676,0.999357388680472,0.999357640235704
0.792637554642278,0.804552883803948,0.831457650882217,0.86672250039966,0.872236929276541,0.920088802391043,0.941748451904118,0.95428092064588,0.964255757020067,0.965989337665223,0.970765732536426,0.971550995891196,0.974563324074009,0.97548513005102,0.977792390020092,0.978324273576913,0.979620632328173,0.98040648196266,0.980787021740823,0.981504235418084,0.982004709718804,0.982186569773747,0.982645782034823,0.982849340776346,0.983107001237206,0.983406941139229,0.983636949543961,0.983686649819599,0.985842554625831,0.985999547481394,0.986174453531183,0.986217537331644,0.98641600995266,0.986625993895075,0.988537766344171,0.988631633099866,0.989242272498562,0.98928653957985,0.989396561878868,0.98999147665016,0.990087628820773,0.990174784540835,0.9908614949146,0.990945724356536,0.991029120936861,0.991070013331436,0.991251874783641,0.991375585739428,0.992184096443746,0.992237076864414,0.992471127894731,0.992504117509067,0.992808659748254,0.992898376868516,0.993033862697394,0.993136963967326,0.993162195771816,0.993469792545445,0.993530317165122,0.993552287756878,0.993798040282895,0.994196876790296,0.994389418558121,0.994426474782473,0.994521559142974,0.994541119996496,0.994652327117292,0.994742987705695,0.994822352815498,0.994862884638922,0.99493385204264,0.995058369422587,0.99510899617529,0.995140628516941,0.995200352153885,0.995216836948617,0.995267726289312,0.995332629544038,0.995433695391517,0.995458785037441,0.995556406050288,0.995586245139997,0.995658623237325,0.995696783596257,0.995784796987197,0.995806201601721,0.995882953556202,0.995895912684183,0.995945246920756,0.995971836811298,0.996013232971936,0.996023619061261,0.996077025391923,0.996083675547019,0.9961093908863,0.996112321720019,0.996139862034663,0.996202898092119,0.996246887737081,0.996255350333507,0.996313625233694,0.996338539107241,0.996453262522243,0.996464708246721,0.996504540483338,0.996527449140841,0.996985472493187,0.997004239579903,0.997049253949426,0.997062303114853,0.997072093534014,0.997083810722451,0.997098677267868,0.997108510514821,0.997127290240427,0.997143111110123,0.997162467328964,0.997174145998129,0.997198370600116,0.997206653485256,0.997213288450021,0.997225423517973,0.997239952047025,0.997248483580127,0.997346701263959,0.997352735658649,0.997593925764719,0.997596574428148,0.997616098608645,0.99762335085768,0.99764343881955,0.997652596330188,0.997674340924667,0.997685451357709,0.997700120741009,0.997713510966017,0.997718673345605,0.997724955095201,0.997733579086044,0.997740800159035,0.997753656168258,0.997758972567346,0.997769738614647,0.997774455367485,0.997790441152749,0.997794443163008,0.997802124277889,0.99780876856314,0.997819844398904,0.997825162590958,0.997830055927155,0.997836162636899,0.998185527396175,0.998193307693103,0.998196791733348,0.998203023305263,0.998204680790464,0.998205188569192,0.998212185641586,0.998215267481941,0.9982211558632,0.998222195781555,0.998234634172926,0.998239805727746,0.998249602519887,0.998259721808312,0.998262296161647,0.998269373416541,0.998275257242761,0.998279621665275,0.998287193448543,0.99828778093054,0.998296977019238,0.998302919277061,0.998310884296706,0.998315726358259,0.9983206256365,0.998323938393687,0.998329797374813,0.99833220617978,0.998338589727021,0.998340326774313,0.998342477343689,0.99834383732562,0.998355074094626,0.998356933762036,0.998361085180507,0.998365166779498,0.99836964723619,0.998372524060539,0.998382195796209,0.998384277969035,0.998389155096465,0.998391949341706,0.998397134830245,0.998398568279374,0.998406499975351,0.998408794590138,0.998415576256244,0.998416777094762,0.998420160057074,0.998564622124743,0.998568272086948,0.998571742706021,0.998573517139788,0.998573806157033,0.998576940712428,0.998581457318709,0.998584873660528,0.998586967390346,0.998620351453552,0.99862349252166,0.998634157012905,0.998635214411876,0.99864036621203,0.998642546604291,0.998645227023794,0.998647128826082,0.998653220188197,0.998654821235874,0.998662295766968,0.998665556821271,0.998671370718762,0.998674321330395,0.998676334059048,0.998678522688626,0.998694899580141,0.998695998117991,0.998699019079114,0.998700214772271,0.998701929667439,0.99870796051061,0.998711629498618,0.998715464421378,0.998718129931122,0.9987234457242,0.998728528766829,0.998729962201804,0.99873667822037,0.998739608216883,0.998742126698384,0.998743092029948,0.998746551679472,0.998748615447551,0.99875409606897,0.998755359593898,0.998758342197762,0.998760164933778,0.998765376828598,0.998768771142925,0.998773492978855,0.998774953449663,0.998777903216605,0.99878154437865,0.998784195717961,0.998785846030688,0.998789197518298,0.998790022425361,0.99879376789082,0.998794788225979,0.99880874693643,0.998809462166538,0.998812762321286,0.998815393602482,0.9988189536702,0.998820169730476,0.998825211440177,0.998827962105219,0.998834222871107,0.998838290223111,0.998841623006624,0.998843762387971,0.9988508924417,0.99885236013777,0.998853168236415,0.998854127547783,0.998854893114931,0.998856155231427,0.998858934852886,0.998859952068547,0.998863245514021,0.998865283129182,0.998866508185804,0.998867798013238,0.998874665798416,0.998876442854061,0.998878435671625,0.998880093145796,0.998885371333273,0.998885880341209,0.998887745707691,0.998889399344967,0.998894757530711,0.998895907805656,0.998897368530711,0.998900654480221,0.99890308563604,0.998904722343229,0.998905085970714,0.998906474601495,0.998908249761817,0.998909227877231,0.998912551120066,0.99891367447089,0.998915578145626,0.998917216552014,0.998926787253715,0.998928659569686,0.998932004363773,0.998932739472311,0.998935766033894,0.99893766297607,0.998940522080505,0.998941201538722,0.998942311093458,0.99894367707017,0.998947476274567,0.998948154270944,0.998950180376596,0.998951531573741,0.99895201000875,0.998952829955764,0.99895374277876,0.99895473691003,0.998969578910394,0.998970455888044,0.998971315570808,0.998971552011914,0.998974604376711,0.998975404119031,0.998975879191881,0.998976526391627,0.998977333936316,0.998978099269298,0.998979233554736,0.999002996994394,0.99901362308062,0.999013637571394,0.999016653250636,0.999018916751834,0.999020835280267,0.999024297427923,0.999026444665601,0.999027070859456,0.999028540526395,0.999145112161698,0.999147841861186,0.999149134357149,0.999150878910868,0.999152969616833,0.999154427603393,0.999154951711706,0.999156539524087,0.999164706833693,0.999166917247341,0.999167820248149,0.999168755017394,0.999169480193603,0.999170758113096,0.999171904765815,0.999177390247301,0.999177873429051,0.999179135693455,0.999180004847901,0.999181288432643,0.999182185469223,0.999184725782421,0.999186764645708,0.999195059803655,0.999200393243157,0.999205837448024,0.999207701067308,0.999208908833263,0.999209084175123,0.999210502592112,0.999211481162044,0.999212537024437,0.999215655686198,0.999216992503512,0.999217357730817,0.999221514118812,0.999222750563096,0.999225480959414,0.999226619755664,0.999230054387977,0.999230428339411,0.999231357043231,0.999232773935127,0.999233290020438,0.999243830701466,0.999246188880193,0.999247526991495,0.999250133741087,0.99925016595148,0.999253472182663,0.999254852165648,0.999256745357667,0.999257387158257,0.999258093274609,0.999258472338859,0.999259197366113,0.999260749798839,0.999261730310745,0.999262674582263,0.999270806053144,0.999271447696209,0.999272969509918,0.999273509638206,0.999274776101746,0.999275480157928,0.999279357808894,0.999280035024016,0.999281583502644,0.999282971489125,0.999286335771663,0.999286399591707,0.999288272317623,0.999288316291489,0.999289403641553,0.999290045831371,0.999290603783309,0.999291543761112,0.999293752926563,0.999294367641838,0.999295672409115,0.999296411154231,0.999298476541663,0.999299044702843,0.999300822456588,0.999301050689092,0.999306203570168,0.999306801005133,0.999308527098923,0.999309153985115,0.999309860559188,0.999310661083362,0.999311586385986,0.999312486974564,0.999314280072054,0.999314438899259,0.999315082861479,0.999315682010843,0.999317095361443,0.999317838624744,0.999318188331988,0.999318573681067,0.999321420140028,0.999322692271477,0.999323247696212,0.999323778194493,0.999325573759495,0.999326005856141,0.999327533461141,0.999327704911146,0.999328022853398,0.999328902573002,0.999329415953447,0.999329629441641,0.999330422229947,0.999332067596254,0.999332496113465,0.999332803842844,0.999333189996675,0.999333561162164,0.999337091866567,0.999337100303316,0.999339835244572,0.99934096779964,0.999343698540732,0.999345221765991,0.999345710621802,0.999346282951299,0.99934785838883,0.999348481815109,0.999350258479029,0.999350511301993,0.999351444072537,0.999351695176529,0.99935236645047,0.999352681434779,0.999353235881715,0.999353490391784,0.999354241827822,0.999355089451892,0.999355285851662,0.999355907379759,0.999356453197796,0.99935738959876,0.999357965053785,0.999358465382086,0.999358956606905,0.99935967618903,0.999360169350767,0.999360255584897,0.999361439769133,0.999361632798285,0.999362523052923,0.999362576792367,0.999364084208554,0.999364388502007
0.688337466585799,0.755170981780518,0.793634335350152,0.819939485119652,0.889987711059697,0.902366493787785,0.919918834040072,0.931961324041787,0.938924534220118,0.946036419535954,0.952846944307414,0.957498337095239,0.961437275149198,0.962950209503811,0.964805143204964,0.965452818275614,0.966434065090789,0.97300137850168,0.974222489434888,0.974886044042342,0.975783715135127,0.9760036377635,0.976649201484644,0.97680143010062,0.977280360885723,0.97746251734313,0.978371422973002,0.978574403041163,0.978814933374486,0.978975760789349,0.979258285032555,0.979376468144604,0.979721583088062,0.979886768491463,0.980338327275813,0.980437488542842,0.980593050579801,0.9806620350861,0.980881716517917,0.981165635270408,0.981361222171033,0.981437909794194,0.981540703910937,0.981557983645179,0.981692090063068,0.981719238923122,0.981845701265294,0.981873283895542,0.98190690758934,0.981931220999351,0.982028602687577,0.982105916623184,0.982170692089158,0.982403903162331,0.982535757323735,0.982551931320668,0.982597997903407,0.983151358048837,0.983219530185126,0.983229250634687,0.983256893188122,0.983305740734239,0.983360532037831,0.983641450152509,0.983690919686798,0.983700196150127,0.983723142339087,0.983742556671248,0.984066134020831,0.984089376588187,0.98410061144106,0.984116963187932,0.984183654913475,0.984194415189002,0.984231641821659,0.984244264399375,0.98426662842503,0.98426687391671,0.984292422659267,0.984295731695988,0.984318888103563,0.984330730296583,0.984752392263974,0.984758742760288,0.984781695310078,0.98541141484388,0.985434429131054,0.98547318883757,0.985511218501,0.985514931129251,0.98574623813497,0.985748013188335,0.985756195272168,0.985771218538299,0.985781019306828,0.985783389957563,0.985799932112609,0.986140002849598,0.986168468047385,0.986173654786905,0.986429590607821,0.986434557036902,0.986841527938498,0.986924686374782,0.987199652387114,0.987205971043772,0.987296889671038,0.987348906744794,0.987415021668512,0.987489911157661,0.987504470250024,0.987701629808021,0.987711140380221,0.987713872805501,0.98772385555803,0.987949230050064,0.987978097971343,0.987982180578879,0.98801817001532,0.988020919984024,0.988044135471307,0.98805777197686,0.988064678228326,0.988072000432882,0.988224761059972,0.988534608309155,0.988587395377333,0.988593951173613,0.988614859072496,0.988615856246311,0.988670812083399,0.988672431742172,0.988683664137837,0.988686935642344,0.988730779777947,0.988731720536946,0.988767797260742,0.988837674605982,0.988853057785713,0.988868395180455,0.988961759030777,0.988969991578902,0.988974807243949,0.988978513498538,0.989040760610046,0.989048232431777,0.989051648682466,0.989054126929919,0.989208999106852,0.989212425215808,0.98923908711856,0.98941015001708,0.989540140279316,0.989543919755126,0.989597824783471,0.989608386873975,0.989673142935387,0.989710656023225,0.989849233197682,0.989934501089101,0.990053759267285,0.990057146496812,0.990142393914673,0.990173822772419,0.990238208745629,0.990321459513479,0.990398256747445,0.990448243970095,0.990493694036611,0.990508678026993,0.990581084414783,0.990626662226997,0.990659586968536,0.990673814409429,0.990703939629097,0.990738107315627,0.99080193027618,0.990804722410952,0.990818511141796,0.990820929581995,0.990894792844186,0.990905846217289,0.990959534712359,0.990988687346365,0.990993144206549,0.991007661991958,0.991060286340659,0.991066391298858,0.991099226212891,0.991102274639559,0.991121092114423,0.991124409827401,0.99114312220831,0.991149735878329,0.991155534951735,0.99116161159655,0.991169071150124,0.991182276686601,0.991184961016019,0.99119343065154,0.991210735642973,0.991225881103372,0.991237593404914,0.991244232833318,0.991269926272045,0.991275904067025,0.991294358933254,0.991305695286777,0.991327782624554,0.991332835094641,0.991344131896732,0.991346908926912,0.991372121843099,0.991375276094176,0.991381535274297,0.991386412153779,0.991407862479145,0.991409883486245,0.991416712769262,0.991419927880711,0.991437536948883,0.991448289848731,0.991462282314356,0.991464133083964,0.991477106254743,0.991480887891244,0.991491296007186,0.991493735340549,0.991499717120533,0.991506208332699,0.991510002238239,0.991512164148486,0.991517471596027,0.991518122345316,0.991524172737404,0.991534689283999,0.991542786661253,0.99154768316226,0.991548214589556,0.991555264895348,0.991562185606862,0.991566324496626,0.991574542217346,0.991577314383429,0.991582387735016,0.991588895015353,0.991592955226071,0.991594945776544,0.991599858737406,0.991603367241045,0.991607808033288,0.991612159251087,0.991622260522247,0.991625005772724,0.991637260192745,0.99164040865836,0.991649393394008,0.99165422472937,0.991668356729962,0.991672053459848,0.991675440698536,0.99167767815978,0.991683784317374,0.991684710376913,0.991691945636887,0.991693372869598,0.991699625985887,0.991699951433502,0.991707377262617,0.991708352643614,0.991715894085241,0.991718953602912,0.991724321870057,0.99172655414903,0.991730694183195,0.991731340436553,0.991732127746459,0.991736001734228,0.991738151244121,0.991738496651188,0.991739578843714,0.991742769903251,0.991748818095224,0.99175792489422,0.991760221597073,0.991761978813689,0.991776515810689,0.991776675006666,0.99178162185146,0.991783183404026,0.991785309954311,0.991787802793939,0.991791117494248,0.991793492462263,0.991794590726818,0.991796075484766,0.991802312804053,0.991803756847735,0.99180762102914,0.991809037866512,0.991810271748576,0.991811712987208,0.991814571535209,0.991817670357094,0.991820114841891,0.991822488392011,0.991824148855582,0.991826455326482,0.991832955820879,0.991834283373552,0.991836282690145,0.991839033305539,0.991841553788208,0.991844761715113,0.991847565631281,0.99184959797521,0.991852368726621,0.991852640668307,0.991853826855748,0.991856326044546,0.991860215757772,0.991861018298575,0.991863856484843,0.991864780107676,0.991867349056006,0.991868510691978,0.99187332818307,0.99187345068348,0.991874893906767,0.99187566778723,0.99187857678344,0.991882572150959,0.99188363206492,0.991883788948684,0.991885338252054,0.991886819595696,0.991889477071159,0.991891297682018,0.991895721427291,0.991897951015457,0.991901462458229,0.991903774971492,0.991905543698737,0.991907225522275,0.991909478506776,0.991909664543149,0.991911972446118,0.991912468412974,0.991913727523068,0.991913913637469,0.991915877803054,0.991916549219568,0.991919302062821,0.991919929706613,0.991920573739563,0.991922619995739,0.991924904523142,0.991925116975643,0.991929212326546,0.991929850876337,0.991930836498329,0.991932505031772,0.991934831371347,0.991936682598533,0.99193950057856,0.991940664483047,0.991944531535041,0.991945453030826,0.991946580703417,0.991947189709398,0.99194780914189,0.991948769504927,0.991950588896307,0.991952850169661,0.991955814898343,0.991956694351778,0.991958087190324,0.991958899837355,0.991960734637089,0.991961702309748,0.991962906542355,0.991963656401769,0.991965398998903,0.991966494432832,0.991969015287832,0.991969348379014,0.99197054344302,0.991971971258566,0.991973737619027,0.991974795524175,0.991976080571841,0.991978346697052,0.991983478701917,0.991983762756296,0.991985369353879,0.991986812943993,0.991988153591016,0.991988958169023,0.991989566569179,0.991990363913739,0.991991542726252,0.991993087048311,0.99199395704452,0.991995690302258,0.991997269111397,0.991997597195861,0.991999080886955,0.991999769274156,0.992001665264675,0.992002551593933,0.992004899781515,0.992005193293682,0.992007074526747,0.992007562419678,0.992009808235234,0.992011042066814,0.992012679402929,0.992013511257013,0.992015665155421,0.992016438892759,0.992018087128997,0.992018355750042,0.99201934964504,0.992019908691299,0.992021092594851,0.992021501417294,0.992022358553266,0.992023384212374,0.992024816338914,0.992026050103497,0.99202724539201,0.992027530876511,0.992029590350849,0.992030124840657,0.992030401713806,0.992030930868931,0.992032295215957,0.992032534514098,0.992034723380684,0.992036246528721,0.992037780144285,0.992038235551355,0.992038743994535,0.992041248907251,0.992042609781982,0.992043273318719,0.992044095641463,0.992044515143192,0.992046222710897,0.99204672676492,0.992047572933783,0.992048083478747,0.992048922242766,0.992049619016881,0.992050416203211,0.992050925801457,0.992052469392785,0.992052640102588,0.992053474178369,0.992054461770025,0.992055796946742,0.992056657097985,0.992058169165754,0.99205898020668,0.992059895687887,0.992060425787399,0.992062537587476,0.992063159877497,0.992064239389128,0.99206600720799,0.992067054242707,0.992068203917948,0.992070194982806,0.992070356461503,0.992070662653176,0.992071479399951,0.992072350368538,0.992072657273332,0.99207317095527,0.992073467712686,0.992074370219487,0.992074405061139,0.992075859514203,0.992076002130437,0.992077646972174,0.992078240682925,0.992080471393477,0.992080710822909,0.992082182374699,0.992082526742487,0.992083377894379,0.992084018320805,0.9920857235959,0.992086737296935,0.992087202373473,0.992087763960412,0.992088519215486,0.99208860663525,0.992089449837168,0.992090072331344
0.748120251994515,0.815761513385053,0.822816365951156,0.834153869458761,0.87364767467175,0.913059642457228,0.922346149788904,0.932570897708152,0.936734165697916,0.946294234829191,0.955771632807024,0.95837302091436,0.966599439607085,0.969441308464257,0.973021918243883,0.97368823075471,0.976510130268384,0.976997765788628,0.978445178344527,0.979055998590351,0.980564844524787,0.980789182295026,0.981367377995489,0.98173644300871,0.985193007717527,0.985597131822653,0.985914776484373,0.986021063497024,0.986257481169431,0.986397686491316,0.9866085887663,0.986676393829783,0.98699406460803,0.987138425331133,0.987355537899066,0.987461668087867,0.987692625968873,0.987766527418433,0.98792807292666,0.98805182236966,0.988206914546147,0.988313493299158,0.988380460583229,0.988448332597864,0.988520329669434,0.988584295510968,0.988640893782609,0.988809756981331,0.988887902646681,0.988915508284252,0.989023929003481,0.989073282045018,0.989193644323196,0.989208129146231,0.989255582581006,0.989318040446271,0.989370621658742,0.989416973603857,0.989453507014561,0.989498315932523,0.9895911558148,0.98960779811365,0.989623960773013,0.989645260245851,0.989727336587123,0.989735404017288,0.989760786780616,0.98977627026438,0.989849030157925,0.989863059019693,0.989904123674618,0.989932978395067,0.989959959422298,0.989974150781551,0.989987726415688,0.990006410178487,0.990042437088032,0.990054809232476,0.990078142410116,0.990095006358021,0.990111562169009,0.990121756159472,0.990138988750881,0.990146433903665,0.990176321189539,0.990194198481748,0.990211176547122,0.99049553391294,0.990521217425068,0.990537178357101,0.990567729265577,0.990579683046124,0.990616507735435,0.99062248816595,0.990631264964614,0.990638272435579,0.990659109839973,0.990674666530365,0.990699905877448,0.990715520493963,0.990826319818966,0.990834510932867,0.990850378577044,0.990857551991748,0.990873859323381,0.990879377383272,0.990884108100152,0.990889026114762,0.990898431931634,0.990906824671345,0.990918958689668,0.990928218883811,0.990941499673847,0.990948187381002,0.99097065935365,0.990980132817071,0.990985644011748,0.990996016788132,0.991000330159251,0.991003916670956,0.991166427031815,0.991168773698922,0.991176840302226,0.991189507414754,0.991192976733069,0.991200114076607,0.991208773372451,0.991211750098546,0.991222034634277,0.99122748898473,0.991338878494774,0.991347765495087,0.991353436182237,0.991356660679079,0.99136098524457,0.991362624096184,0.991368535083811,0.991369223566434,0.991378721384719,0.991383126985707,0.991384993621343,0.991391248127129,0.991400760089014,0.991405632234264,0.991413599505222,0.991420811148473,0.991431298667988,0.991435841536928,0.991441577891528,0.991444283802989,0.991448415028993,0.991452634886592,0.991457715219158,0.991469469676123,0.991473764076371,0.991478041810201,0.991485346170611,0.991493492739838,0.991498960067719,0.991503810155248,0.991509200694116,0.991512924678475,0.991516178153073,0.991520646239966,0.991526155949662,0.99153038207214,0.991535786316206,0.991544076224973,0.991552840832064,0.991557607242303,0.991562730727125,0.991565726620934,0.991570488699385,0.991576044869921,0.991583778885489,0.991590735958476,0.991593379051766,0.991601644388331,0.991603149722375,0.991606771673743,0.991610933839199,0.991613765709957,0.991620509448692,0.991627759247041,0.991633032216218,0.991635870361309,0.9916416221212,0.991643845335861,0.991651788528538,0.991655774172837,0.991661207934034,0.99166348181628,0.991667124908692,0.991668788006449,0.991671381154683,0.991672422600149,0.991676666014461,0.991678014895597,0.991680672642679,0.991683886920786,0.991687200686131,0.99168781971987,0.991690787007502,0.991694044332303,0.991698289592128,0.99170060181852,0.991702965788176,0.991705222927207,0.99170809446958,0.991710578772697,0.991713121588541,0.991719141244178,0.991721100656767,0.991723665686988,0.991726288607317,0.991729766873326,0.991733435168883,0.991733836233391,0.99173506760585,0.991737039222401,0.991742440180577,0.991748536201148,0.991752691811219,0.991754039640867,0.991757291590674,0.991759119528815,0.991761961119847,0.991764584306271,0.991767283428209,0.991771445965276,0.991775449167327,0.991776668124418,0.991778237974196,0.991780458154704,0.991784536894324,0.991786923742294,0.991788949722959,0.991789409477958,0.991790578756668,0.99179217478735,0.991795965512515,0.991797070360893,0.991798428944371,0.99180161145573,0.991803170755097,0.991803569358363,0.991806356225498,0.991809302146047,0.991812581501805,0.991812735630245,0.991815782139413,0.991817442278729,0.991820161147262,0.991821451527458,0.991823045406322,0.991826322591239,0.991829770871383,0.991831010942205,0.99183253186157,0.991833015551743,0.991834649579117,0.991835148206397,0.991836034156048,0.991837853693624,0.991840622243079,0.991844183233605,0.991846595920311,0.991848923908653,0.991853199713935,0.991854967510956,0.99185812559809,0.991860817081538,0.991863555134114,0.991864329589092,0.991866543933578,0.991868138797599,0.991870414391322,0.991870995122359,0.99187220762433,0.99187371874503,0.991877480503867,0.991878326466367,0.991878745638088,0.991879680410575,0.991882386526129,0.991882914110226,0.991884709027776,0.99188841722397,0.99188994657867,0.991890498684795,0.991894154123491,0.99189524586534,0.991899406489654,0.991900151660928,0.991900968595915,0.991903070769256,0.991904487868577,0.991905142612017,0.99190721535106,0.991908043089922,0.991911201176187,0.991911629635062,0.99191344923648,0.991915718138276,0.991919222230199,0.99192034411284,0.991922082622946,0.991924179070578,0.991925728591904,0.991928100479225,0.991931498879507,0.991932838747138,0.991934409960038,0.991936485670535,0.991938166988473,0.991940294981163,0.991943305947293,0.991945169683714,0.991946993367189,0.991948615077112,0.991949723877069,0.991951087875045,0.991952658388408,0.991954023908192,0.991955711357254,0.991957052517819,0.991957870563376,0.991959746218955,0.991961054487969,0.991961860054393,0.991963555783508,0.991965097882714,0.99196641216607,0.991967036187515,0.99196820290311,0.991969447959572,0.991970138198157,0.991970988341523,0.991972073421869,0.991973419163718,0.991974004866729,0.99197483812394,0.991977335843751,0.991978171110903,0.99197882994632,0.991979676514313,0.991981633349963,0.991982426508202,0.991982812472951,0.991983327441721,0.991984427986463,0.991985862569433,0.991987278277874,0.991988202155437,0.99198858128813,0.991990092566355,0.991991400297603,0.991991506590762,0.99199265341774,0.991993391634372,0.991994787001666,0.991995149109898,0.991995879233059,0.991996459561096,0.991999181835623,0.991999339730534,0.99200024906419,0.992001371253667,0.992002401386061,0.992002738243444,0.99200370119309,0.992004756435171,0.992006605711511,0.992007660478568,0.992009538359605,0.992013600729332,0.992015209286709,0.992015539747806,0.992016948781286,0.992017984455894,0.992019214637296,0.992019570067504,0.992022005047765,0.9920233197743,0.992024270409606,0.99202460342534,0.992025410615537,0.992025997314412,0.992027275512192,0.992027823788456,0.992029165292514,0.992030120930873,0.992030946210967,0.992031422745146,0.992032431120731,0.992033368780459,0.99203471131671,0.992035950719002,0.992036391928269,0.992037518392425,0.992037971571978,0.992038143926747,0.992039072916018,0.992040278698877,0.992042316269251,0.992042775481977,0.992043603684225,0.992044364216541,0.992045344029581,0.99204604817225,0.992046793470885,0.992047973146166,0.992048624065178,0.992048971388424,0.992051191468231,0.992052070765478,0.992052675005571,0.992053052383119,0.992053883552518,0.99205418444843,0.99205465149496,0.992054710609386,0.992055344465961,0.992056109506571,0.992056963223333,0.992057803875008,0.992058826601788,0.992059535217974,0.992060773826029,0.992061178153847,0.99206275961877,0.992063188118777,0.992064321379829,0.992064788545894,0.992065611873793,0.992066417873835,0.992067741696248,0.992068087589313,0.992069120326466,0.992070002917144,0.992070462746305,0.992070680880964,0.992071049958775,0.992071475689274,0.992072090498884,0.992072384852231,0.992072644239451,0.992073754279263,0.992074596495746,0.992074840280903,0.992075364555547,0.99207544055296,0.992076818232467,0.992077475284707,0.992078077895209,0.99207860530459,0.992079404628135,0.992080241175289,0.992081195014739,0.992082290722004,0.992083180397223,0.992083953298309,0.992084373681947,0.992084980576846,0.992085749095409,0.992086147439034,0.99208685519573,0.992087220220022,0.992087665952162,0.992088388405322,0.992088608385065,0.992088941898035,0.992089698791787,0.992090027677576,0.99209054981232,0.992091456344342,0.992092530661354,0.992092629515395,0.992094375146334,0.992094608545074,0.992095539934416,0.992095647878252,0.992095914234249,0.992096255370093,0.992096781886572,0.992097624212374,0.992098245592945,0.992098420245878,0.992098817070743,0.992099000182561,0.992099826341019,0.992100414432325,0.992100822101202,0.992100899114961,0.992101094247033,0.992101848229162,0.992102342417532,0.992102505922144,0.992103229706482,0.992104076885687
0.776500434625658,0.800959594440775,0.837737457728252,0.8597299093495,0.879496099846123,0.893369738896683,0.898669639209038,0.903099583418927,0.90927887153973,0.91229899856194,0.921122108080121,0.922603803942015,0.930705771090384,0.934375940401527,0.941719467885848,0.942078139189269,0.946749857805493,0.949050196680023,0.954478000939863,0.959259956099526,0.96389034126414,0.968187800397018,0.969695207909475,0.970264035576965,0.971814690006426,0.97226633801994,0.974365695049361,0.974547492519833,0.975287075587884,0.975823908185413,0.976478093749138,0.976738259710193,0.977166967907061,0.977723390544667,0.978113461429566,0.97822418193405,0.978636765056027,0.978729243802415,0.979541709477174,0.979628801526268,0.9798179819357,0.979901269004167,0.980048557082276,0.980106951181502,0.980436299835767,0.980582853546514,0.981094437318555,0.98121728883223,0.981291715378837,0.981391765480184,0.981503137697533,0.98162044758575,0.981808272407556,0.981886792526806,0.981952923625918,0.981977780776802,0.9829265258612,0.982986267135715,0.983100738400385,0.983160091642695,0.98324393205265,0.983276975405217,0.983337436095258,0.983360678096287,0.98342640265833,0.983446925140046,0.983525547364431,0.983551852951709,0.983611275173699,0.983633265888815,0.983700627831143,0.983721706682657,0.983784167631899,0.983826246930719,0.98384983763506,0.983899431389014,0.98397955507506,0.984010712787121,0.984068459953546,0.984100429621543,0.984170699592082,0.984202122495235,0.984250436405724,0.984261964926575,0.984301962521026,0.984318484522013,0.984407003625395,0.984412840155566,0.984442729599464,0.984466402653585,0.984494648560154,0.984505773464432,0.984548052970204,0.984557990025539,0.984577909067201,0.984601467390272,0.984624012863158,0.984633924860017,0.98464540248126,0.984667723703886,0.984724181117014,0.984739746165525,0.984753628712283,0.98479498812435,0.984809321088041,0.984813536699335,0.984845593407448,0.984860476731602,0.984869259382831,0.984885179621108,0.98489690787864,0.984913847493212,0.984929566945127,0.984941102442706,0.98494971008173,0.984999961690624,0.985048383959902,0.985053461312335,0.985063876312601,0.985074278861262,0.985089366887797,0.985114473690004,0.985122115703602,0.985127059434757,0.985152839993949,0.985156667139259,0.985193399936672,0.985200453112048,0.985216418008195,0.985225602891629,0.98524352126644,0.985250956652845,0.985257638265083,0.985261385075651,0.985270959705301,0.985277916879902,0.98528912536036,0.985291600536161,0.985310157079912,0.985314853056247,0.985330992668845,0.985340165809713,0.985356796614824,0.985362434575105,0.985382096396203,0.985388648667778,0.985403647386787,0.985409326182229,0.985415720154508,0.985420200637779,0.985426848428943,0.985434422216643,0.98544297494079,0.985452906150058,0.985457193871928,0.98546594074234,0.98547279213014,0.985477588019295,0.985498258520343,0.985501559718116,0.985516893481411,0.985523900314827,0.985528444433139,0.985533768170094,0.985548841950541,0.985554196252011,0.985560252703934,0.985569879608237,0.985573674478095,0.985577943379431,0.985585703858113,0.985592420769902,0.985614555431677,0.985617562154981,0.985627023868796,0.985633302729086,0.985642536174141,0.985644779330422,0.985647353012697,0.985651818527322,0.985656973108246,0.985658970374509,0.985665178061932,0.985667136836779,0.985676233060495,0.98567871642384,0.985686593028773,0.985690392609844,0.985700090348868,0.985701683994674,0.985703545477798,0.985705135275031,0.985712413410287,0.985715655313545,0.985721544043188,0.985726088777047,0.985730679426786,0.985732586066805,0.985742319793533,0.98578232856162,0.98578549361059,0.985787314241186,0.985793385206158,0.985795479179241,0.985798257124998,0.985800374817585,0.985807019618892,0.985808993463404,0.985813766674835,0.985815217583097,0.985820616934625,0.985822452243636,0.985824573695532,0.985827196196738,0.9858325992808,0.985833913353309,0.985836295229271,0.985837599596397,0.985840726027607,0.985842446960001,0.985847140496927,0.985861891404216,0.985866017039224,0.985869081614811,0.985884535181079,0.985888135363643,0.98589125218525,0.985894165237594,0.985908350584796,0.985909218517117,0.985928385433577,0.985929888099471,0.985934560571008,0.985937056671848,0.985946026278433,0.985946943082153,0.985949478812948,0.985966227751523,0.985971193838129,0.985973259394655,0.985981630357827,0.985982205829194,0.985997625163447,0.985999605174915,0.986001995797731,0.986002574345468,0.986005684199065,0.986008104255972,0.986013070630312,0.986015103044924,0.986021271718955,0.986022843573244,0.986025243694371,0.986026306204461,0.986030270513407,0.986032017168105,0.98606331083928,0.986065925793856,0.986071825373588,0.986075008575654,0.986077250352398,0.986089257697935,0.986108372489958,0.986121783031094,0.986135952133425,0.986138698835024,0.986150728991569,0.986151058901537,0.986174177460052,0.986176173607059,0.986185050074459,0.986186546136564,0.986191065382934,0.986192515631437,0.986239324586789,0.986240973709825,0.986243152658181,0.986245623394469,0.98624792330163,0.98625018802531,0.986258345608332,0.986259723842738,0.98626139150824,0.986263092760878,0.986281507105845,0.986285500223066,0.986303620495612,0.986304393030966,0.986310081840364,0.986312155442713,0.986334664698554,0.986338589045103,0.986347557595362,0.986348427984794,0.986349519862131,0.986350329411441,0.986351023019081,0.986352615075025,0.986359980456222,0.98636052860725,0.986403722508384,0.986411416870459,0.986443762773442,0.986463601240793,0.986466176097467,0.98646825899677,0.986477781749334,0.986490632089605,0.98649176682197,0.986496299503532,0.986502574697442,0.986504764705978,0.986510508825513,0.986511808393464,0.986529542408228,0.986530444222398,0.986534213691477,0.986538358946332,0.986542084801701,0.98654574637007,0.986547724940839,0.986548059753809,0.986550833014258,0.986552701884495,0.9865544817602,0.986554946488571,0.986557595850983,0.986576500667968,0.986577620778805,0.986578902628313,0.986581820019793,0.98658667246495,0.986586889135944,0.986588834840945,0.986591649872375,0.986600929047524,0.986603016480396,0.986610369390722,0.986656524766305,0.986663207363097,0.986663855939677,0.986667173645168,0.986670149822055,0.986674119972236,0.986675351475849,0.986675357526871,0.986682398934577,0.986685396983289,0.986687500475193,0.986687765977535,0.986688383488387,0.986693733430674,0.986704353834778,0.986706128798243,0.986707892393812,0.986714728247957,0.986715976610954,0.986723686733528,0.986728108015048,0.986729302181092,0.986731200071948,0.986732097345434,0.98673492591568,0.986737459916376,0.986739376770714,0.986740498885955,0.986748858565831,0.986755211556133,0.986759467249084,0.986760855255455,0.986763943790942,0.986766040427401,0.986767558380502,0.986767712789683,0.986768484858278,0.986769280619677,0.986769858096902,0.986770457501089,0.986781793663751,0.986783137110198,0.98678456513582,0.986786352257356,0.986788187818434,0.986790187968202,0.986794757635084,0.986794808817065,0.986797500077364,0.986798104395474,0.986803643388551,0.986804680734911,0.986814693308387,0.986816307886388,0.986820448652522,0.986823715433824,0.986824599369173,0.986826007723893,0.986829455817181,0.986829851202389,0.98683089714912,0.986831376708815,0.986837465478193,0.986838522950634,0.986840396521505,0.986842436274964,0.986843248139303,0.986843532084405,0.986845734209486,0.986846539904119,0.986847412179823,0.9868485031412,0.986849175159992,0.986849427189152,0.986856403260388,0.986857686579135,0.986858522046248,0.986859738016491,0.986869417115557,0.986874901438591,0.986879614905147,0.98688008174945,0.986884190651308,0.986884438392824,0.986887679376779,0.986898089562648,0.98689975073714,0.986900360905883,0.986910017241432,0.986911682500895,0.986916331040242,0.986917004280119,0.986917576331927,0.9869184578356,0.986920715887467,0.986921721263522,0.986923127737944,0.986923680267358,0.986926086321041,0.986926292978493,0.986934663644508,0.986938843174576,0.986940105471531,0.98694049369521,0.986941707163054,0.98694251986309,0.98694345404888,0.986944141160113,0.986945198611109,0.986947012463017,0.986953714160089,0.986953916106645,0.986957301574306,0.986957546284316,0.986959567261756,0.986959764649138,0.986960769017213,0.986961068364786,0.986962748058985,0.986970757918276,0.986972113314411,0.986972994285824,0.986975671943681,0.986975721015212,0.986977429624,0.986977506752503,0.986980574146988,0.986980982301463,0.98698226003703,0.986983147547874,0.986983418188381,0.986983783987196,0.986984370554473,0.986985469102925,0.986986910746249,0.986987389358786,0.986988741647178,0.986989525765875,0.986991805955283,0.986995066092999,0.986996270126791,0.987002551841786,0.98700297310037,0.987003223934713,0.987007114484446,0.987009996343135,0.987012256372745,0.987014847281467,0.987016331614619,0.987017167178652,0.987020358562813,0.987020388579696,0.98702351042204,0.987025307795844,0.987025733734922,0.987026155437596,0.987028806810633,0.987029545906121,0.987030579171051,0.987031408950534,0.98703574648101,0.987036348501752
0.784561614584714,0.871621804315126,0.891674782092945,0.898151368265155,0.921958105986857,0.932959931282743,0.945911810633249,0.94678861439992,0.951701633331038,0.952278226117432,0.958202978183732,0.959190439557213,0.965076950225453,0.96584545240021,0.967358452852418,0.971750079441118,0.972784545251459,0.97319249113865,0.974034029428174,0.974567166592229,0.975153785070525,0.97803166771412,0.97850017739614,0.978942901379186,0.980272866687433,0.980465144543726,0.980906179018567,0.981102474169718,0.981331749658071,0.981401369563609,0.981815632729085,0.981939543577613,0.982862669995893,0.984402733596918,0.984604131952914,0.984666841400062,0.985371253367996,0.985458680033011,0.985646437527624,0.985677684556205,0.988037051489082,0.988145407155323,0.988213167633073,0.988229728157611,0.988411035949909,0.988456952239263,0.988555942333933,0.988690660402092,0.988936462310444,0.988964829177397,0.989088197565458,0.989135630420351,0.989181102712091,0.989198840001274,0.989290350237891,0.989946024353979,0.990044544856163,0.990064472910699,0.990267387539293,0.99028724020127,0.990327049051419,0.990809501022421,0.990958506004427,0.990971293151086,0.991425388051349,0.991481408753448,0.991592898746032,0.991640162648401,0.991690954604805,0.99172886825131,0.992267048756019,0.992285633308051,0.99232504117517,0.992342373659231,0.992369662230864,0.992373407409595,0.992558727050679,0.992567148123417,0.992625482217895,0.992640856065804,0.992656888953634,0.992660026499316,0.993428918765059,0.993445398148218,0.993501743863955,0.99351198346856,0.993574254210509,0.993580447048515,0.993631580586453,0.993642584425436,0.993936496705723,0.994093175360901,0.994180925350957,0.994184547660441,0.99429864355891,0.994306169194306,0.994362565678248,0.994368925358576,0.994402518689362,0.994407267037006,0.994436203698872,0.994441089074818,0.994447301072035,0.994455531825717,0.9944709974017,0.994475174381986,0.994715869901051,0.994720082683528,0.994748799850948,0.994764983649799,0.994777000990005,0.994779162777144,0.995027373572938,0.995229164603787,0.995250519658663,0.995258782596792,0.995341016364574,0.995354071199425,0.995422307393876,0.995428259098172,0.99547259418578,0.995478267231289,0.995493034661998,0.995495223666287,0.995535594706837,0.995542215063917,0.995618103207789,0.995619169514502,0.99564201594086,0.99566487449843,0.995810878195144,0.995842309325391,0.995860854366848,0.995864633492724,0.995965965240077,0.995972096441977,0.996057052993462,0.996059961682077,0.996078885749156,0.996081944768598,0.996136612735776,0.996137550747885,0.996293372461956,0.99629674552666,0.996444661189201,0.996455088913143,0.996535242132093,0.996540331515705,0.996594659259262,0.996691455011101,0.996731065213262,0.996782761014967,0.996894342265047,0.996895988047855,0.996914875374793,0.996929214688321,0.997013447160558,0.997036259183157,0.997224210634143,0.997256962195201,0.997383610437325,0.997431269273534,0.997444274676739,0.997481020753938,0.997546228039477,0.997560552995574,0.997583419899581,0.997597208724086,0.997618240496802,0.997646954748602,0.997729919649214,0.997732079047048,0.997806524211735,0.99783158080935,0.997886763734996,0.997896873788832,0.997951910047069,0.997985627422692,0.998022604605578,0.998028852482637,0.998041374039654,0.998051136870437,0.998076836204024,0.998082663399532,0.998093799833979,0.998106645790267,0.998113542809,0.998134998833533,0.998139371067693,0.998145415068806,0.998174714345551,0.998186653021971,0.998200790105576,0.998202522837304,0.998210478080633,0.998223889507967,0.998233806906646,0.998240126265872,0.998253035930242,0.99827083968337,0.998287241392394,0.998293028892627,0.998324655665542,0.998337372036469,0.998364330746338,0.998374567088393,0.998385356465374,0.998396862415908,0.998406579592412,0.998415787208595,0.998461159176164,0.998468469648811,0.998482340642603,0.998492808230333,0.998502573002893,0.998503884098777,0.998517320267014,0.998519467724915,0.998533429546764,0.998537844132349,0.99854771141513,0.998555792965256,0.998564849174799,0.998567668678394,0.998582986686582,0.998584674168627,0.998589608434999,0.998596794789297,0.998605120389358,0.998609531017647,0.998614020226581,0.998617686159807,0.998627632278715,0.998629570796977,0.998639179535047,0.998640816264763,0.998649621374638,0.998651146456786,0.9986552678833,0.99865956041945,0.998661295105763,0.998669593533311,0.998676011296869,0.998682185431915,0.99869187299496,0.99869627685528,0.998700491115363,0.998701384172935,0.998705771720943,0.998706224349349,0.998714067956796,0.998718253220697,0.998719409674624,0.998722033035435,0.998725197850449,0.998727550198303,0.998730967795191,0.998734017407907,0.998736489855001,0.998738033734636,0.998744656846323,0.998750843872518,0.998756622237503,0.998761378663848,0.998763030778272,0.998768625513177,0.998772904186673,0.998775504166626,0.998778551430625,0.998788496719568,0.99879673682585,0.99879805136623,0.998799581021398,0.998799972350074,0.998804655227619,0.998810674840695,0.998828162529377,0.998832215496549,0.998904265276125,0.998907506579871,0.998912335054319,0.998914523591167,0.998917632253259,0.998919718562211,0.998924110495255,0.998926196142214,0.998928376638901,0.998929772996491,0.998933182279844,0.998940079775885,0.998945115020074,0.998946427339047,0.998951502749116,0.998953997948587,0.998955167017039,0.998956798578656,0.99895958018347,0.998960256892874,0.998962311428824,0.998965496333275,0.999010676996793,0.999012724037684,0.999015674394575,0.999018203437228,0.999021584638195,0.99902367603928,0.999026188032038,0.999026907671958,0.99902807634815,0.999030379378653,0.999033524507029,0.999037400293788,0.999044499516483,0.999045253545521,0.999047779545008,0.999049043820518,0.999050371066937,0.999051345127327,0.999054019505201,0.999056231700598,0.999058355940914,0.99906083851097,0.999061896827942,0.999065263683711,0.999070128468746,0.999071431154338,0.999073428458562,0.999074929171597,0.999076725279279,0.999078904870446,0.999083164578398,0.999084082353297,0.999085481706886,0.999086675698549,0.99908786502788,0.999091314016126,0.999093883822751,0.999097358367005,0.999098067335332,0.999099579758552,0.999102879205612,0.99910321748249,0.999105415253797,0.999105789268517,0.999107092622556,0.999107713362578,0.999114347087477,0.999115308176083,0.999118278914603,0.999121034099139,0.999129588634934,0.999131772877967,0.999133572207798,0.999134439298769,0.999136311811222,0.999137832954598,0.999139303737797,0.999140028168387,0.999140336389516,0.999141133024371,0.999142311535901,0.999143535744757,0.999145435096182,0.999146760677445,0.999147902874692,0.999148739959473,0.99915050925589,0.999151151490876,0.999152224399284,0.999152421010268,0.999155151163722,0.99915911460381,0.999160975232804,0.999161282297127,0.999164857058586,0.999167292962019,0.999170959429054,0.999171880064234,0.999173318284119,0.999174015345201,0.999176036355871,0.999176842574759,0.999178428288076,0.999179943743603,0.999181765067677,0.999182687557143,0.999184227724896,0.999185035264249,0.999186699821527,0.99918752058684,0.999189184365364,0.999190342121629,0.999192574169796,0.999193008932891,0.999194317549208,0.999195137205347,0.999200326099809,0.99920073620807,0.999201872797644,0.999205658891575,0.999207730475526,0.999208226091259,0.999209890932595,0.99921116751991,0.999213744540289,0.99921444479343,0.99921778152281,0.999219094266241,0.999220846520662,0.999221598128517,0.999224340516034,0.999224616854721,0.999226833839205,0.999227823349404,0.999229501639413,0.999229892106539,0.999230886369383,0.999231188411257,0.999232839246592,0.999233730733683,0.999235360772638,0.99923553195654,0.999236669965108,0.999238180288612,0.999238934803469,0.999239521755766,0.999239979694626,0.999241223411668,0.999241886658666,0.999243283059397,0.999246442415101,0.99924700032167,0.999249412996414,0.999250238543697,0.999251773453182,0.999252728143894,0.999254757449264,0.99925525586336,0.999256688396579,0.999257781193377,0.999259112965561,0.999259582106329,0.999260385786978,0.999260974766698,0.999261546964916,0.999263004371693,0.999263748763519,0.999264496638872,0.999264886078656,0.999265864515161,0.99926726673957,0.999268339439779,0.999269452234991,0.999270016569296,0.999270860359604,0.999271808210125,0.999276757068348,0.999277380857598,0.999277817197905,0.999278485104672,0.999279130900648,0.999279652318402,0.999280609057479,0.999281530140076,0.999282288596824,0.999282820289113,0.999283362050209,0.999284218611174,0.999285154045182,0.99928572102022,0.999287746002488,0.999288841073184,0.999290111900083,0.999290394565658,0.999290497578871,0.999291517996391,0.999292891380522,0.999293407004016,0.999294460856268,0.999295068505116,0.999296701346172,0.999296897597502,0.999298092762906,0.999298943152688,0.999299825257658,0.999299860527628,0.999300590131068,0.999301893594989,0.999302701148288,0.99930327225407,0.99930416877609,0.999304777020916,0.999305282375734,0.999305663020084,0.999305861855079,0.999306085826485,0.999306290901079,0.999306651696162,0.999307516771179,0.999308152114948
0.844395838444231,0.873876873649186,0.88734497493237,0.897056087827817,0.912264337514247,0.921982578016605,0.931017373238644,0.93525105752988,0.941380140899507,0.942865800575461,0.951684057256675,0.952963454865182,0.956283305846577,0.960620360964741,0.962036365794849,0.963841779099013,0.967209527215126,0.967863129453663,0.970298036737833,0.976609044934803,0.980315052163848,0.980668565369435,0.981465638782455,0.981662910312581,0.983986143804826,0.984075327756822,0.984390361290951,0.984571333760248,0.985062837105146,0.985600370913948,0.986050726653687,0.986166830231292,0.986386402140973,0.986416499038474,0.986666946150253,0.986773528352883,0.986913258295886,0.986970462300956,0.987173521572426,0.987283557886556,0.988619557176175,0.988688517097413,0.989081830226717,0.989109710908755,0.989561827041088,0.98960839474049,0.989714279393655,0.989736084893057,0.989893630953786,0.989929252913234,0.989991677357564,0.990046900921456,0.992077085603185,0.992095222902806,0.992200771825511,0.992260929989147,0.992309498146295,0.992341783732923,0.993092830301693,0.993114307540794,0.993251558935001,0.993292638985262,0.993459636281202,0.99348381252418,0.994098006864261,0.99411587308235,0.994139786294891,0.994145289985511,0.994360803987244,0.994392159170839,0.994705927748747,0.994720062277158,0.995054403543075,0.995540604673908,0.995742914134173,0.995765477987416,0.995881463991386,0.995964752641755,0.99618362711616,0.996189087820688,0.996351111597112,0.996379302489274,0.996633391451367,0.996708561057083,0.99673410778905,0.99674363835255,0.996821476390129,0.996833913728154,0.996913386304418,0.996954422817284,0.997145986332424,0.99717130494698,0.99719487964408,0.997237662271474,0.997333258170287,0.997363942397279,0.997394522830961,0.997400240648704,0.997480184122365,0.997488045236416,0.997627810634521,0.99765875608242,0.997766374835742,0.997770038687834,0.997797029379713,0.99781978315096,0.997825841083308,0.997851277958608,0.997880480873544,0.997899396262034,0.997927817699384,0.997931683795312,0.997947838379977,0.997953586761587,0.997979229032222,0.997993762262705,0.998006825019584,0.998016656611895,0.99804408462498,0.998060081749612,0.998079708826001,0.998083635190627,0.998094530874387,0.998111816374385,0.998131791711582,0.998134531675607,0.998144929110117,0.998160442345653,0.998198245500992,0.998201289652436,0.99821661804038,0.998226878592749,0.998245037516715,0.998252313226851,0.998260677862841,0.998265072113,0.998281996436941,0.998288897977327,0.998300546631924,0.998305172460671,0.998333266509924,0.99834328628267,0.998349046321563,0.998355760512918,0.998362947639598,0.998365773995037,0.998394417413229,0.998403258695963,0.998419162573834,0.998426238067581,0.998430172790664,0.99844812779215,0.998467565364696,0.998475608623759,0.998502830288182,0.998510022747149,0.998605312912405,0.998608760834867,0.998614286584441,0.99861621729101,0.998625240139156,0.998625788906159,0.998636827614329,0.998640254470963,0.998660244393092,0.998665326249816,0.998673028898932,0.998674413014095,0.998678429335025,0.998682537485546,0.998687767137273,0.998690475826664,0.998696592244864,0.998704068832381,0.998708395563284,0.998711472920665,0.998721705006556,0.998725115427385,0.998729155612433,0.998731883491786,0.99873291979124,0.998736230448884,0.998740553959929,0.998743748361427,0.998748541899071,0.998752333739134,0.99875634488437,0.998758575948133,0.998777866363747,0.998779976940463,0.998784704435085,0.998786799117272,0.998836090573411,0.998838084164177,0.998845831669881,0.998845970323982,0.998851860224132,0.998854032127073,0.998856654929873,0.998860591677453,0.998869449869431,0.998869802593489,0.998873594558258,0.998879362938923,0.998890673365906,0.998894737362432,0.998901758952923,0.998903698814009,0.998912616068084,0.998916518017098,0.99891948701477,0.998922897697448,0.998929158297521,0.998930775386577,0.998933261351824,0.998933641852429,0.998935847706887,0.998936898040264,0.998942177727738,0.998943638924266,0.998947145015808,0.998948415786888,0.998951740807398,0.998953384935226,0.998955603786205,0.998960903714026,0.998963762903737,0.998967105160825,0.998970177305789,0.998972815583752,0.998976645902755,0.998977490546307,0.998980749676441,0.998980882649663,0.998984551663004,0.998985534582331,0.99899047733828,0.998991805261931,0.99899549038357,0.998997181765295,0.999002322382038,0.999003305356224,0.999005657223166,0.999009272654139,0.999012835263572,0.999014186172003,0.99901846757828,0.999019514311001,0.999022022017358,0.999025007253078,0.999027767675059,0.999028482385913,0.999030048143488,0.999030485241428,0.999035298373521,0.999040529377936,0.999044006961765,0.999045558007528,0.999048911717219,0.999052308541275,0.999056053000337,0.999057872645809,0.999059523612006,0.99906102376685,0.999065084559482,0.999066413195915,0.999067254699446,0.99907135984604,0.999073828940448,0.999075404123271,0.999080691277777,0.999082029624396,0.999088504111036,0.999089257075994,0.99909213875039,0.999093720644262,0.999096450874014,0.999098959423362,0.999101637786291,0.999104213701309,0.99910687291938,0.999107319769251,0.999110376216904,0.999111285046269,0.999113569846355,0.99911529379522,0.999119023881384,0.999120036351267,0.999120994633845,0.999122280764288,0.999124471295406,0.999125776479823,0.999128651884065,0.999129406629851,0.999132113007,0.999134045137576,0.999134860890293,0.999135078765505,0.99913640968236,0.999137916379225,0.999140315012186,0.999142457229777,0.999144963060439,0.999145836967325,0.999147976884918,0.999151364702993,0.999153409679983,0.999155470765171,0.999158939814446,0.999159969672882,0.999160765069618,0.999163933070302,0.999167124070545,0.999168697740231,0.9991696738902,0.999170917574579,0.99917384398,0.999174267992531,0.999176380941136,0.999177427391335,0.999179774037805,0.999181118975487,0.999184271816699,0.999185245111663,0.999186755300448,0.999187510404485,0.999188531229033,0.999189213903124,0.999191064429865,0.999192714426224,0.999194452659475,0.999195799130954,0.999196620264561,0.999197367151125,0.999198523119106,0.99919898151942,0.999200103124077,0.999202549168203,0.999204152557612,0.999204480569107,0.999205487799872,0.999206525252651,0.99920774551848,0.999208294846765,0.999209435431729,0.999211732877009,0.999213827598857,0.999214105278235,0.999215628767895,0.99921743167293,0.99922144461995,0.999223011251486,0.999223608120265,0.999223764398549,0.999225345816708,0.999226298592544,0.999227333697858,0.999228513434442,0.999229597324059,0.999231337981288,0.99923397186292,0.999235175546206,0.999236878637186,0.999237101681209,0.999238331748095,0.999239355845434,0.999241353241577,0.999243086192944,0.999244179763046,0.999244883300904,0.999245844350888,0.999247272549596,0.999247726200381,0.999248926968991,0.999249453647373,0.999250179664317,0.999251971150216,0.999252560731367,0.999254134503078,0.99925459329851,0.999256205857225,0.99925632094516,0.999257140186599,0.999257923387051,0.999259134879098,0.999260319815388,0.999260802691009,0.99926114884525,0.999262789596296,0.999264126669613,0.999266303575297,0.999266472657627,0.999268316606618,0.999268688393644,0.999270989440569,0.999273330470059,0.999275879878916,0.999276616660154,0.999277222655658,0.999278106245765,0.999278296714508,0.999279330318686,0.999279895440843,0.999280066488748,0.99928108933799,0.999281463496479,0.999281616811041,0.999282584826222,0.999283371951582,0.999283496344397,0.999285010518703,0.999285722899138,0.99928683434153,0.999286913612851,0.999288289005106,0.999288853083803,0.999289450510757,0.999290137980448,0.999291190290692,0.999292105848977,0.99929287893823,0.999293866682421,0.999294356394986,0.999294903571249,0.999295626223268,0.999296918325259,0.999297628205429,0.999298834960749,0.999299752213552,0.999300136380313,0.999300272545671,0.999301288331745,0.999302215634661,0.9993023358509,0.999303872572036,0.999304655162363,0.999305120534478,0.999305717924302,0.999306503376186,0.99930705843058,0.999307964939735,0.999309103505895,0.999310223099246,0.999311267784166,0.999312154912861,0.999312985255076,0.999314102614341,0.999315414838792,0.999316184875346,0.999317290719479,0.999317773428167,0.999318379459749,0.999320018523034,0.99932049149852,0.999321974293645,0.999322635304676,0.999323627749411,0.999323908551999,0.999324876162788,0.999325389458351,0.999327681564709,0.999328816722566,0.999331172781201,0.999332487408148,0.999333296604392,0.999333780429643,0.999334170972654,0.99933516386736,0.999335959507431,0.99933770828489,0.99933899589217,0.999339943583685,0.999340832020433,0.999341078433891,0.999342339317158,0.999343451643217,0.99934530943492,0.999345354181541,0.999346578432387,0.999347210631177,0.999348572199085,0.999349119845163,0.99935003336481,0.999351327955508,0.99935184484643,0.999352427645464,0.999354388870956,0.999355220431535,0.999357005047314,0.999357716410595,0.999358408162467,0.999358949864105,0.999360225281492,0.999361763924696,0.999362480919787,0.999362482845761,0.999363183380262,0.99936360434238,0.99936576609135,0.999366935780926
0.834492734317483,0.892758059002545,0.895945328442843,0.900818673658428,0.910182970949682,0.917260516901458,0.9292629068086,0.932994044846527,0.935532215663033,0.942623690246655,0.954355607011654,0.962304942271311,0.969351160260124,0.971208232304987,0.974125573483601,0.975310728065908,0.977156987626278,0.977875918328236,0.979370831462665,0.982551713893427,0.983151111097653,0.986208692061182,0.987208834686545,0.987488202431767,0.98786438163021,0.988004092445472,0.988566187073156,0.988957437243432,0.9898450198508,0.990028794593678,0.990445888352722,0.99052249840873,0.990677965420646,0.990782909486316,0.990900297247446,0.990964833163135,0.991636136451755,0.991745845866435,0.991844969118222,0.991878510324702,0.992017081275074,0.992124684894306,0.992174246578987,0.99223197284412,0.992284300382354,0.992415428788575,0.992483990519343,0.992502206814593,0.992586287801212,0.99263298290003,0.992658030502653,0.992725422782688,0.992813562079038,0.99285997536124,0.992907782335132,0.992932084572952,0.992981940621946,0.993010575272647,0.993039321587703,0.993044740859844,0.993237136549492,0.993249834473703,0.993285137059311,0.993310181677051,0.993343694147482,0.99335770588955,0.993406805479155,0.993421029469228,0.993455586107106,0.993466093556078,0.993493728310146,0.993506346656082,0.993523813051599,0.993530237825048,0.993560789453639,0.993577291092037,0.9936361233624,0.993659564300389,0.993732535409954,0.993743662480279,0.993758185415436,0.993771395849304,0.993865285871734,0.993875208762336,0.993944776004912,0.994162222731698,0.994169666798907,0.994699791061915,0.994712573619515,0.994717790746643,0.9949251447401,0.994931029226809,0.995039834203118,0.995059336203006,0.995279645403404,0.995302435804928,0.995359602690379,0.995462478822114,0.995728434166907,0.995748866475599,0.996031934519555,0.996045458020265,0.99637609605454,0.996411895828728,0.996457671763496,0.996458504323411,0.996533224398022,0.996552384030599,0.996594370043734,0.996603835470415,0.996758950822054,0.996781039394623,0.996903269787598,0.99690802951125,0.996936635770044,0.996955909597193,0.996972894470318,0.996986449410911,0.99701805688244,0.997024862403557,0.99705034550278,0.997073923238915,0.997122059620648,0.997137335335361,0.997219569575704,0.997232129015627,0.997242457141023,0.997267321101609,0.997297969980755,0.997321535712306,0.99742054063406,0.997451271246316,0.997462924303501,0.997466278454478,0.997506449291685,0.997526983847108,0.99757360359007,0.997641759642415,0.99768757996738,0.997695202767373,0.997718074951963,0.99773081398929,0.997759403125522,0.997763008399403,0.997801016051368,0.997826649133505,0.997870396939878,0.997877597526673,0.997897568881728,0.997904890003446,0.997940570867599,0.997951226960284,0.997979468375709,0.997986932366644,0.998013192861051,0.99801885184043,0.998039602641451,0.998044263384363,0.99807112861682,0.998072812344916,0.998096555973177,0.998101294723101,0.998104688302364,0.99810820664525,0.9981251119552,0.998169612409816,0.998179007963947,0.998182818323082,0.998193734630833,0.998197789879994,0.998217112772617,0.99822106730111,0.99825085490787,0.998256491746971,0.998267459542509,0.998272810781894,0.998289627664019,0.99829961549171,0.998302823699855,0.998305300757784,0.998317235665527,0.998327144507018,0.998329284064555,0.99833489502676,0.998345496429542,0.998365424995476,0.998384577091548,0.998388908099169,0.998403622726227,0.998416908695606,0.998424890202607,0.998427583702573,0.998445241198797,0.998448291461179,0.99845412482998,0.998456327763948,0.998468180600735,0.998472788981528,0.998475566726564,0.998479651208873,0.998491259728433,0.998495723711305,0.998503912937385,0.998505964061134,0.998515306252946,0.998517541842303,0.998534172804628,0.998545587552286,0.998555309492342,0.998563259164836,0.998569252939949,0.998570898013224,0.998575579425851,0.998575676384033,0.998581539877686,0.998584341441673,0.99859135564503,0.99859664328155,0.998610040516737,0.998612203288137,0.998622832549703,0.998627658940096,0.998632815538482,0.99863744657057,0.998647046669818,0.998655356269805,0.998661165375561,0.998664500846048,0.998681768001694,0.998683479757739,0.998690087348077,0.99869206607785,0.998702047987505,0.998704352552787,0.998710450874672,0.998713886419131,0.998725545904758,0.998729649223752,0.998740524221013,0.998741419653365,0.998749104230153,0.998754287845554,0.998762271624519,0.998762992885264,0.998765589188436,0.998766249912608,0.998771009819867,0.998772681657165,0.998777951057273,0.998781695998898,0.998786624451979,0.998786942244528,0.998790040978382,0.998793564158966,0.998798379068465,0.99880076630984,0.998806723496373,0.998810521382782,0.998814562385629,0.998820414492534,0.998826473012195,0.998827513767059,0.998829642840013,0.998831973622393,0.998834907080943,0.998838257042553,0.998839634053813,0.998840408831018,0.998845284028645,0.998847664730376,0.998851498032994,0.998854335436871,0.998863405393403,0.99886745979098,0.998879149628431,0.998883946518378,0.998888690311444,0.998892985108371,0.998897558210197,0.99889987245325,0.998907763219539,0.998909573820518,0.99891062086652,0.99891452033406,0.998915711967363,0.998916520104294,0.998920217544978,0.998922741139036,0.998927210028561,0.998928778402415,0.9989317245486,0.998933243261347,0.998938635030834,0.998939402026264,0.99894248015051,0.998948229682907,0.998953899906264,0.998954786807635,0.998958961750301,0.9989609420258,0.99896352361882,0.99896649374921,0.998969561034185,0.998970058376114,0.998972067593983,0.998972873010123,0.998976764147729,0.998979607254945,0.998982302747258,0.998983260207479,0.998986466686313,0.998988388583326,0.998991621992336,0.998991713043592,0.998994024365635,0.998995676604663,0.99899903488919,0.999000150793775,0.999001129648781,0.999002452630599,0.999004585782611,0.999006281401091,0.999009692325824,0.999010510140862,0.999014051258631,0.999015566221603,0.999019614135726,0.999020845515455,0.999025268940618,0.999028184719259,0.999029810255847,0.999031611933979,0.999035451352979,0.999036115073061,0.999038084098867,0.99904031924104,0.999042883861568,0.999045090439295,0.999046461042469,0.999047972001121,0.999054037482531,0.999054615383342,0.999057890485422,0.999059913370429,0.99906345578377,0.999064115391119,0.999065593103988,0.999066516709761,0.999070092680947,0.999070859446863,0.999073665208697,0.999076398257481,0.999079072393839,0.999079785644479,0.99908216667268,0.999082894763313,0.999083740006502,0.999085795647556,0.999087140052291,0.99908897710899,0.999093539398809,0.999093831717772,0.999096119361163,0.99909706525929,0.999099907859572,0.99910145388562,0.999102885849866,0.999103781230668,0.999104824913308,0.999105829720384,0.999108715866881,0.999111429121535,0.999114095271415,0.999114797969028,0.999117106721357,0.999117679722357,0.999119158543004,0.999120009159016,0.999122719898763,0.99912400198162,0.999126212740337,0.999126435270111,0.999128014166125,0.999129244610589,0.99913288653185,0.999133826240849,0.99913548477058,0.999136101078207,0.999140469323578,0.999140791813446,0.999142961139336,0.999143737099871,0.999145896451878,0.999146329317663,0.999147717387107,0.999149809284368,0.999152077697532,0.999154575743214,0.999156527110772,0.999157446560395,0.999157882318398,0.999159462929827,0.999161005681487,0.999162869385139,0.999164264815559,0.999164933917436,0.999167274482133,0.999169425319762,0.999172529939426,0.999172643773109,0.999175563342688,0.999176804398918,0.999178230694153,0.999178805770513,0.99918138951605,0.999182760392018,0.999183334973061,0.999185516027049,0.999187356409544,0.999189755393839,0.999190764444646,0.999191864658808,0.999192631992821,0.99919362362376,0.999195497334278,0.999195912987912,0.999199736473225,0.999200866514728,0.999202325894868,0.999203265513837,0.999203826625747,0.999204719555526,0.999205601505062,0.999206172522319,0.999207877265301,0.99920988277864,0.999210664524605,0.99921093835528,0.99921171806957,0.999212647738092,0.999214077502914,0.999215335430267,0.999217171275679,0.999219049785073,0.999220701004398,0.999221131857893,0.999221680541432,0.999223209063352,0.999224210921887,0.999224849635824,0.999227113820041,0.999227256713409,0.999230073520202,0.999230940329233,0.999232650984303,0.999233252078378,0.999234921783511,0.999235193100365,0.999236672856933,0.999236974996304,0.999240003277467,0.999240907217839,0.999241821438769,0.999243503921441,0.999244396786426,0.999245190066797,0.999246621353981,0.999248417246972,0.999250741334482,0.999251254937124,0.999253207816018,0.99925389683604,0.999254570235928,0.999256669467542,0.999260601616912,0.999261053728944,0.999263170425797,0.999264223668998,0.99926542556491,0.999267111538268,0.999268798935657,0.999269759842905,0.999271520241194,0.999272251654475,0.999273181283722,0.999273483917828,0.999274915902288,0.999275587536653,0.999276139075714,0.999277227154385,0.999278356217215,0.999278604123779,0.999279615643415,0.999280306114001,0.99928108111191,0.999282446100866,0.999283866339603,0.999284545052317,0.999284931907222,0.999285388222771
0.775669834295922,0.790542500728704,0.804134667365126,0.810973602016858,0.841661363691045,0.886456471757068,0.906333701627843,0.909540182459841,0.915822263894586,0.924984976702927,0.935785648220543,0.943576548534803,0.94492493985081,0.949168626458657,0.958017162040795,0.958681215493266,0.96189682948925,0.965012263041548,0.968830919038191,0.970570190986697,0.97548255634727,0.976296223407354,0.977372035562861,0.980174131957445,0.981442216549201,0.981715395001343,0.982351660659544,0.982620590613784,0.98301820668441,0.983294838482028,0.983725983831874,0.984075019531614,0.984831056296912,0.984941874185457,0.985215490405707,0.985359942489808,0.985468055303657,0.985540020292037,0.985832271977122,0.98595787680952,0.986310522470868,0.986458662416046,0.986644118004695,0.98671080647833,0.986933148349156,0.987030123488061,0.987143086140088,0.987198578802156,0.987264547635928,0.987307068450478,0.987376027212663,0.989501423182883,0.989535064186089,0.989553546098411,0.989593779564644,0.989626389634006,0.989667366789185,0.989715373193258,0.989863440593432,0.989891291246114,0.989950163542069,0.989976607366345,0.990068816742977,0.990098823991287,0.99023644869692,0.990268506111044,0.990306470876199,0.990362603021445,0.990410918923097,0.99043989215357,0.990480173118922,0.990502278236733,0.990634802082623,0.990696663258525,0.990784877214137,0.990796888154354,0.990819960945151,0.990837853596717,0.990866389872893,0.990880552204543,0.990908821571731,0.990915911071722,0.990939411841672,0.99095640517324,0.991008773253444,0.99102877433147,0.991399017692787,0.991415626417114,0.991440330837319,0.991455381196285,0.991494764535793,0.991505540401699,0.991534743257848,0.991544414953483,0.991569701258515,0.991682521481856,0.99171125760082,0.991727646395762,0.991735855989523,0.991743753819343,0.991778938930974,0.991786606013699,0.991841110860068,0.99184908130133,0.991857642059916,0.99187839634114,0.991964053330547,0.991983569772374,0.992003515825452,0.99200827872918,0.992019573929906,0.992030739484949,0.992347582173396,0.992357113407915,0.992388823434499,0.992435021799312,0.992441600389302,0.992447056040294,0.992457424349137,0.992461657278715,0.992471764599802,0.992480552565327,0.992485960702086,0.992488473864207,0.992502041891166,0.99250425275246,0.992511267243381,0.992512422535036,0.992638024822378,0.992641026697688,0.992683778008823,0.992688839517104,0.992703269657711,0.992704883885148,0.992743112467458,0.992751586711524,0.992776840482921,0.992781448985584,0.992817182817139,0.992867799798451,0.992888521959295,0.992913986336571,0.992923529075433,0.992926911559047,0.992938466087923,0.992958410690646,0.992969643946807,0.992975481229322,0.992995608198371,0.992996308636108,0.993164525374953,0.993167928076934,0.993199697548644,0.993202739619572,0.993225959034183,0.993228519941194,0.993239549253712,0.993241436087968,0.993250639617759,0.99325391721759,0.993291352454838,0.993294095227245,0.993306148196061,0.993309598522425,0.993317776334983,0.993319703345626,0.993452516573332,0.993455854373062,0.993511677899399,0.993514040109289,0.993518645942511,0.993552895899744,0.993601934315914,0.993605557194455,0.993651141891411,0.993668508005625,0.993688876378831,0.993702644207249,0.993705769721278,0.993714489407696,0.993723703254783,0.993725353749121,0.993728368179402,0.993730706100232,0.993737234755852,0.993738129838016,0.993751015030077,0.993754038641583,0.993762497349896,0.994079234396498,0.994120156479098,0.994151839018943,0.994264834295924,0.994265514167756,0.994292946137892,0.99473296490647,0.994780535174549,0.994790993282516,0.994792770692125,0.994798130120445,0.994883335822852,0.99488427820852,0.994898277992852,0.994931266601197,0.994934144052413,0.99493875963467,0.994941435376587,0.994941965489426,0.994953782224104,0.994961016608774,0.994963526744741,0.994973076412609,0.994976828651195,0.995009279642185,0.995438868654095,0.995483335582367,0.99556677260732,0.995568491334424,0.995573973965625,0.995575991819248,0.99567515669349,0.99567723796148,0.995682525514129,0.995685843473515,0.995688544957754,0.995688950771252,0.995691451502529,0.996037205667411,0.996199784947843,0.9962013037272,0.996286305851857,0.996300449351661,0.996326303747839,0.996326865424527,0.996555567258202,0.996557285570035,0.997175594042769,0.99717837763382,0.997361181668605,0.997363927546451,0.997367825422221,0.997379004205333,0.997500445048458,0.997504368108782,0.997653710959995,0.997655016913016,0.997796353882749,0.997796560510829,0.997848749031329,0.997871890873289,0.997913470617825,0.99791501820701,0.997915604895931,0.997915701633137,0.998029565502169,0.998030320561637,0.998140826406813,0.998169569482447,0.998223860333521,0.998224094703915,0.998304676710271,0.998323481191177,0.998340988259946,0.998347956344983,0.998359195142001,0.998455535995539,0.998466680388238,0.998475415909357,0.998514189009949,0.998521053850179,0.998535475803177,0.99853993146212,0.998555922778028,0.998571986871508,0.998576592251839,0.998579711100585,0.998604022296899,0.998604206210669,0.998613102781434,0.998644938127956,0.998679971519184,0.99868084498059,0.998686639849689,0.99869101958747,0.998703397496333,0.998704584029345,0.998709769819977,0.998710923141843,0.998720281073684,0.998739821317369,0.998755741935493,0.998762998612476,0.998770518822111,0.998790500912207,0.998793626509145,0.998796258793406,0.998819421954797,0.998821126847898,0.998828799261321,0.998832969533315,0.998840251204886,0.998848882240146,0.998860772999343,0.998866576391582,0.99886920784055,0.9988822204745,0.998886446079959,0.998896985666947,0.998905247807799,0.998907493483744,0.998916672979877,0.998919987292058,0.998925740596526,0.998939618024474,0.998945706679582,0.998947309609213,0.998950209750865,0.998952713827281,0.998956225609893,0.998961696793324,0.998972660842772,0.998973329446722,0.998981365925671,0.99898356825932,0.998984880690652,0.998987523041282,0.998989729384004,0.998991366756054,0.998996997166678,0.998997873976723,0.999002672579991,0.999003271591959,0.999009254472011,0.999019588961356,0.99903590513471,0.999037739840312,0.999044904655449,0.999047898244628,0.999050975298766,0.999053757741685,0.999055033593851,0.999056745272114,0.99905823696078,0.999060209952136,0.999063669909665,0.999066458932313,0.999067628954057,0.999068805766494,0.999070318965983,0.999073031745055,0.999075715427729,0.999081790985424,0.999088776688016,0.999090094008321,0.999096555578588,0.999100571001684,0.999104095364655,0.999107062376763,0.999109378393416,0.999110432346695,0.999112085205478,0.999112228655018,0.999113011018633,0.999115134130536,0.999117312728661,0.999119055922139,0.999121198838734,0.999123903604972,0.999125657065247,0.999125802172516,0.999128198090125,0.999131230335717,0.999133142595006,0.999134395027902,0.999135670285437,0.999138238752957,0.999139422125485,0.999140553761918,0.999143779027608,0.999144352330962,0.999146786325696,0.999147556828453,0.999148185105037,0.999148988820161,0.999152319952678,0.999153147053581,0.99915625624608,0.999158814893619,0.999161386067981,0.999162587300536,0.999164844722834,0.999165114748784,0.999168948730365,0.999173119296982,0.999174605845693,0.999174984769168,0.999177433389569,0.999178290118492,0.999183078751914,0.999184066521675,0.999186124919087,0.999187850192621,0.999191040188326,0.999193190270267,0.999196117999247,0.999196807390043,0.999197846372725,0.99919870538077,0.999203954254955,0.999205708209618,0.999206582322214,0.999208275141857,0.999209127393253,0.999211208775694,0.999212167074153,0.999212593598811,0.999213814490819,0.999215043289862,0.999216903622402,0.999217347959455,0.999220452300373,0.999220758261988,0.99922248056457,0.999223820938186,0.999226037947573,0.999226848954456,0.999227506633392,0.999229075017078,0.999232370379152,0.999232565866912,0.99923625877929,0.999236438280667,0.999237673849596,0.999238038295286,0.999239163426268,0.999240534000394,0.999241773056881,0.999242837864764,0.999244204438425,0.999245334939821,0.999247445700844,0.999248191230229,0.999252606534966,0.999253147953808,0.999254065083998,0.999254536055033,0.999255054039602,0.999256201504263,0.999257437182333,0.999258840074349,0.999259631446333,0.99926140019931,0.999264565654949,0.999265368405364,0.999266732922435,0.999267434211785,0.999269059570766,0.999269485809343,0.999272091295848,0.999272931469082,0.999274638571341,0.999275582582792,0.999276593581632,0.999277101443876,0.999278658419053,0.999279933620187,0.999280577873849,0.999280730121993,0.999281913376045,0.999282185359033,0.999283069294415,0.999283857799227,0.999284867590198,0.999285430825886,0.999286769675708,0.99928767368882,0.99928820944586,0.999288450464607,0.999290005105215,0.999290574843995,0.999292723789532,0.999293525311546,0.999294403808747,0.999296480398729,0.999297875703154,0.999298427076177,0.99929866306922,0.999298923484158,0.999300539651892,0.999301132534806,0.999302718315918,0.999303516893758,0.999305481686631,0.999305911424006,0.999306424981258,0.999307130061736,0.999308070130266,0.999308489141504,0.999309135133924,0.999310639851049
0.810820181925003,0.861826280785636,0.872869221105626,0.872919475643082,0.894720374904594,0.935684563623186,0.950592825331057,0.954432933748571,0.958785668791806,0.967777193118777,0.97134520006181,0.973381932547265,0.975539105697893,0.977167985228334,0.978420266764619,0.979236624628262,0.980312617970403,0.980689561684747,0.981500975098551,0.981779863052748,0.98297578308568,0.983257269557303,0.984071073989208,0.984187812919804,0.984375243459174,0.984596587726916,0.984961060842734,0.985054653567368,0.98578678238834,0.986008326983926,0.986177968002586,0.986272325341327,0.986591378178717,0.986687057125656,0.986851567083267,0.986936977786512,0.987123529269233,0.987239880323348,0.987370345010621,0.987437144257877,0.987588884415939,0.987627209672336,0.987680031672206,0.987793323438016,0.987908536677066,0.987949995911632,0.988049798576696,0.988102581586812,0.988228569584688,0.988260143491776,0.988759870372511,0.988829175205383,0.988901235921901,0.98892011828293,0.988999669317977,0.989042152103309,0.989084886114189,0.989110493465482,0.989161959303057,0.989232571929097,0.989257350823056,0.989274979831862,0.989313531335183,0.989333070754089,0.989734730610993,0.989750848870221,0.989780473342251,0.989799286851967,0.989834299496277,0.989848368199609,0.990152524853603,0.990164312381224,0.990185133801557,0.990192683707625,0.990217797625972,0.990228347052129,0.990261726297489,0.990299198508439,0.990670564264057,0.990684425370153,0.990877082794459,0.990890838925791,0.991188675190162,0.991195825016115,0.991286854985223,0.991294817807583,0.991304364861159,0.991315506699092,0.991341962374939,0.99135201077259,0.991373980609616,0.991381139253024,0.991407148568825,0.991415163620822,0.991425354100777,0.991432215126005,0.991498411957287,0.991506025347964,0.991522798595773,0.991525946230499,0.991537078502068,0.991544015694668,0.991558933122725,0.99157115495313,0.991590958846244,0.991599814567593,0.991611568327482,0.991616647039451,0.992019932261786,0.99203352086587,0.992203984581151,0.992205370669325,0.992215643167202,0.992221574312214,0.992237386969326,0.992246271871574,0.99226394893499,0.992272750492443,0.992873706797799,0.992886546966995,0.993365223917096,0.993373112240476,0.994460488216758,0.994535797188689,0.99494275888072,0.994978483298738,0.995208725970634,0.995211567271085,0.995221812307064,0.995234772594761,0.995295557968014,0.995305508994356,0.995482216770581,0.995850417462118,0.995873495645503,0.995911639572542,0.996078983943422,0.99612688696767,0.996137428298435,0.996142185301212,0.99617362444944,0.996197663941182,0.996218239148229,0.99622469043027,0.996239220071134,0.996304632148423,0.99635971393788,0.996362639579553,0.99667205790926,0.996674190424017,0.997009252510553,0.99701766969339,0.997023056087583,0.997029680506484,0.997048351477394,0.997057685324206,0.997087794467897,0.997114636543658,0.997181596798781,0.997193291863898,0.997251964840379,0.997253567639387,0.997311866808216,0.997347379669294,0.99735237890775,0.997359678516515,0.997409055381426,0.997417473665156,0.997428245304583,0.997448755052523,0.997491764293897,0.997513009483608,0.997623135134282,0.99764719719871,0.99771494234356,0.997735738744195,0.997801365033526,0.997805291631159,0.997881167911882,0.99789198021234,0.997931284431406,0.997940158475472,0.997959847412236,0.99796735892288,0.998009143819937,0.99801004765284,0.99801892870339,0.998023221359557,0.998091499964501,0.998110892758123,0.998145805691961,0.998147776143989,0.998163464732955,0.998176628917742,0.998190751330626,0.998197831027362,0.998205264557824,0.998208015819117,0.998227472868882,0.998245168926195,0.998264712747629,0.998272490736061,0.998305804898771,0.998309240696295,0.998320805517976,0.998328617886717,0.998338370261764,0.998343289238919,0.998350863527298,0.99835527717157,0.998362963565447,0.998369505703908,0.998389366847969,0.998400351778,0.9984159760378,0.998421257782073,0.998447095122745,0.998451815614987,0.998454589262089,0.998466444258881,0.998479639346881,0.998486562192067,0.998500249793787,0.99850956069419,0.998540591346503,0.998541997377429,0.998552959151021,0.998556124907806,0.998562190967763,0.998565524311906,0.998590950439911,0.998593223656369,0.998597575565458,0.998608128721867,0.998627543147098,0.9986292663108,0.998634856990546,0.998641303398574,0.998684195191162,0.998686948584382,0.99869149930052,0.998693919617712,0.998736755584129,0.998739441698882,0.998746582146552,0.998749060920899,0.998755257060135,0.998759339822825,0.998762773250252,0.99877657623427,0.998781876007517,0.998785956405561,0.998801534536712,0.998802657813486,0.998815253792028,0.998817578689972,0.998820790233265,0.998825232972276,0.99883072616022,0.998832664449746,0.998846045334107,0.998848131101874,0.998850251270431,0.998854192829508,0.99886649473228,0.998868751026401,0.998882351703161,0.998884795503878,0.998887423270716,0.998890970808383,0.998899661834394,0.998902017590957,0.998909134829047,0.998911642948161,0.998913541837583,0.998919135740779,0.998920716136923,0.998926077446212,0.99893291957332,0.998934450011621,0.998936371313374,0.99893728104802,0.998943633652014,0.998946340905217,0.998951009925096,0.99895349946488,0.998957503270257,0.998960824428671,0.998963416336539,0.998964838217079,0.998967753903376,0.998968665571596,0.998971315602779,0.998972256548922,0.998976497154143,0.998978877387715,0.998985429288527,0.998986215349718,0.998990917002037,0.998991700283841,0.99899511629616,0.99899624647039,0.998997475306593,0.998998077782242,0.999001165740077,0.999002069991902,0.999002969750471,0.999003414961973,0.999007642597315,0.999064203781614,0.999066047209682,0.999066702580455,0.999069564062878,0.999071315150349,0.999078031571638,0.999079260211867,0.99908241682657,0.999082768575615,0.999087292933921,0.999091330971687,0.999095082325913,0.999096056967454,0.999096226758625,0.99909706729582,0.999098126318638,0.999101936711503,0.99910677200265,0.999108076608914,0.99911243992023,0.999113307496323,0.999114359956152,0.99911517806568,0.999117970342389,0.999118812069774,0.999120776933761,0.999125215956738,0.999128268014074,0.999130332130945,0.999131104570228,0.99913207355343,0.999133053637368,0.999145445142239,0.999148773442711,0.999149542210624,0.999150987876324,0.999152691478062,0.999154952905757,0.999156849466933,0.999158300222816,0.999159442937665,0.999160610915741,0.999161243741633,0.999164274564428,0.999165563795494,0.999167769506139,0.999168290165526,0.999171806018667,0.999173385691676,0.999174462318856,0.999175165294555,0.999178473188182,0.999181061230604,0.999183173961557,0.999183956077286,0.999185687209696,0.999187080515376,0.999189132451975,0.999190505447273,0.999192136065983,0.999193262497003,0.999205113317697,0.99920540909156,0.99920696152872,0.999208381980464,0.999211940436956,0.99921273045289,0.999215137492971,0.999216310957845,0.999216716270312,0.999217272887021,0.999218934016637,0.999220046350397,0.999220567671922,0.999221690417245,0.999223000285667,0.999224222303273,0.999224842633556,0.999226642638384,0.999229313593975,0.999230009989755,0.999231729559038,0.999233575441425,0.999235733992062,0.999235908337171,0.999236800903791,0.999237342317632,0.99923791980574,0.999238264302312,0.999240144825784,0.999240940271138,0.999242252087667,0.999243032589414,0.999244002815465,0.999245874568395,0.999247232891717,0.999248497907175,0.999250416977996,0.999251069095724,0.999252970252507,0.999253307893897,0.999254598037166,0.999255772049459,0.999257766283572,0.999258428597431,0.999258916563382,0.999259623718853,0.999260234919218,0.999260265920193,0.999261261609333,0.999262555985806,0.999264649040998,0.99926499986296,0.999266788856116,0.999267161029998,0.999267777478042,0.999268570420905,0.999269623133773,0.999270340967319,0.999272797951783,0.999273239225568,0.999275154893313,0.999275869308794,0.999276755575059,0.999278423166449,0.999279461443883,0.999280371338247,0.999282050930029,0.99928250822584,0.999283359434909,0.999283858100174,0.999284661625642,0.999285469039762,0.999286413802541,0.999288398263048,0.999289609949461,0.99929035446637,0.999291207450882,0.999292023573057,0.999294093803762,0.999294332272084,0.999296744820285,0.99929761089315,0.999299625517341,0.999299815190763,0.99930057344592,0.999301139361737,0.999303508564602,0.9993045444782,0.999305997402211,0.999306748650705,0.999307804894541,0.999308137315136,0.999309521225144,0.999310063514,0.999312430790276,0.999313027678059,0.999314088090474,0.999314457122983,0.999315609605763,0.99931688419558,0.999317423935288,0.999318355767168,0.999319408617046,0.999319856351981,0.999320555072583,0.999320695314518,0.999322077558273,0.999322121158691,0.999322702259904,0.999323667637564,0.999324314086242,0.999324617299295,0.999326233130533,0.999326505698235,0.99932755614247,0.999328113027885,0.999328395023373,0.99932927099945,0.99933064693455,0.999331466050304,0.999332839120528,0.999333455872838,0.999333709884253,0.999333816781487,0.999334167633347,0.999334829453326,0.999335734429558,0.999336085015146,0.999336629697012,0.999337232402065
0.828010273521677,0.857393364167522,0.884672878946874,0.894683876796242,0.920848283953418,0.92236191559114,0.931958645482997,0.937729942165082,0.943803599223328,0.950514310591553,0.953312767561488,0.956126155481423,0.962761358413288,0.964094301463986,0.966551044916922,0.9673789933641,0.969249326776281,0.970512048005063,0.972758110921483,0.972983775398208,0.974933120644996,0.975383495113835,0.977002100412138,0.977163061355223,0.983762489000011,0.983895559881604,0.986292010655628,0.987602807740518,0.988501616154075,0.988651448136635,0.989284734601983,0.989409669369975,0.989703840717685,0.989763672268657,0.990222832944956,0.990319264175631,0.990391858290911,0.990443436003349,0.990838808342166,0.990880836147453,0.991231958829266,0.991302849206419,0.991446384336827,0.9914903998242,0.991554067372827,0.99164424538618,0.991952971083812,0.992021967530055,0.992128694807643,0.992179769263868,0.992864641026037,0.993340650993655,0.99350822193545,0.993540778015691,0.994080317026893,0.994105366082485,0.994205853087894,0.99423672735961,0.994545636664631,0.99472626584706,0.994915470529135,0.995010178208956,0.995288930506798,0.995312248555998,0.995341155760437,0.995399442638134,0.995433628236396,0.99545908637582,0.995650689966665,0.995760133139563,0.995868038208932,0.995910934880037,0.996130290442431,0.996139315749298,0.996377288824026,0.996481254153382,0.996538665972872,0.996563299990029,0.99660153866196,0.99661849886328,0.996693434488746,0.99671147212218,0.996784571670394,0.996823042013628,0.996919893025241,0.996953742313739,0.996982795604203,0.996991929950136,0.997124727378325,0.997134661803889,0.997189553184263,0.997208107018143,0.997284830111992,0.997310637545213,0.997324876590986,0.997329290751748,0.997411456769109,0.997480726461732,0.997524038699531,0.997564465523969,0.997580553121083,0.997607937298313,0.997641861079748,0.997654038206662,0.99766368811401,0.997679365614709,0.997706066396437,0.997709506578294,0.997719926795674,0.997731650344263,0.997797592963784,0.997798404236161,0.997843742617937,0.997864057817746,0.997883152788764,0.997899049382707,0.997909746647517,0.997919503523774,0.997950402788284,0.997952490619439,0.997984860397793,0.997994226670383,0.998010639704495,0.998025127588581,0.998041917400398,0.998054852072888,0.998064299262206,0.998072380378572,0.99808592706765,0.998100304191833,0.998125234073244,0.998128537759721,0.998141833267313,0.998146510391186,0.998163358888915,0.998168195128413,0.998180436838986,0.998184057694846,0.99820004206635,0.998227693893555,0.998240488132231,0.998245024454509,0.998249902708565,0.9982524826138,0.998260153238445,0.998269247273992,0.998285752699244,0.998293131308467,0.998306390454575,0.998313915194019,0.998328898751802,0.998334335575646,0.998353117820517,0.998359827912037,0.998362260098229,0.99836928860421,0.998372783935993,0.998377673210191,0.998383551815654,0.99838968940997,0.998401521883665,0.998408799264892,0.998420703189661,0.998426232152652,0.998436310093438,0.998444469220583,0.998451514566031,0.99845279856647,0.99845827864529,0.998461301838303,0.998473460949318,0.99847755758928,0.998484418104271,0.998487467798159,0.998493078295603,0.998497204876512,0.998509162804112,0.998510791393709,0.998521451747119,0.998529577460993,0.998531924008516,0.998537055619666,0.998543650915565,0.998545034603869,0.998551240468599,0.998555170324792,0.998561904524617,0.998563058549036,0.998569507140827,0.998575010082761,0.998588365774898,0.998592980172912,0.998596170671024,0.998596776011099,0.998603512803541,0.998606088735566,0.998614860556164,0.998617508909517,0.998626990086981,0.998629296292727,0.998634359299405,0.99863605173434,0.998641743853956,0.998656523027006,0.998664641387115,0.998666417104759,0.998679283337573,0.998682283827415,0.998684727478557,0.998685064252597,0.998692192725986,0.998695018268159,0.998697310232053,0.998697340541864,0.998700890720443,0.998701783846571,0.998712618710936,0.998715862934493,0.998732049801924,0.99874000807675,0.998743089443173,0.998745447133665,0.998748754859468,0.998751796494966,0.99875943997648,0.998760082369724,0.998764059921561,0.998765923480276,0.998773201613295,0.998774944110163,0.998781472440526,0.998782561657796,0.998783997067072,0.998787196665701,0.998791627509359,0.998797641059927,0.998800908169759,0.998802955081472,0.998804940109442,0.998808774008716,0.998812548529006,0.998813564682838,0.998816048957503,0.998819020534663,0.998822592833412,0.998827353056796,0.998832035231523,0.998833836880458,0.998836356173558,0.998836538869035,0.998839014875707,0.998841209598532,0.998842540758329,0.998843672225904,0.998846812817078,0.998848099969998,0.99885224011945,0.998853906054861,0.998857322116901,0.998859116944354,0.998863144443417,0.99886388108699,0.99886736213476,0.998868517603509,0.998871357637451,0.998871833634959,0.998873973043604,0.998875161684776,0.998878273681554,0.99888033434609,0.998882164483669,0.998884740755267,0.998886379947206,0.998887700032882,0.998888720856355,0.998890676361473,0.99889355112626,0.998895010068919,0.998896737133697,0.998901823566353,0.99890460646722,0.998905835127891,0.998933870448573,0.998935076854651,0.998939921362102,0.9989416690166,0.998952432158408,0.998953793364306,0.998957323368646,0.998958981083611,0.998962391783227,0.998964855121292,0.99896974768659,0.99897019421226,0.998974419421261,0.998974965220338,0.998980115841017,0.998981820941425,0.99898668200388,0.998990870204037,0.9989947382191,0.998996216876455,0.998998130230076,0.998999761734621,0.99900082673895,0.999001324095164,0.999003863894195,0.999005226782531,0.999007773631311,0.99900893208443,0.999010769129168,0.999012674076966,0.999014493011114,0.999015949819614,0.999019270676803,0.99902292945229,0.999026464324013,0.999027171458181,0.999030236602125,0.999032458252369,0.999035332812965,0.999036835573367,0.999038529766192,0.999039776009373,0.999042115730639,0.99904297654435,0.999047475409657,0.999048041048211,0.999050738719259,0.999079931351123,0.999083141239068,0.999085772789019,0.999086886740377,0.999087459518225,0.999090034813855,0.999091764021887,0.999094155319453,0.999096207068052,0.999097265651798,0.999099433289748,0.999101437218544,0.999102783772088,0.999104880822551,0.999106559362806,0.999123198742809,0.999123200940241,0.999124948598001,0.9991255743493,0.999126452714591,0.999126466842627,0.999128080437555,0.999130689896962,0.999133515404123,0.999133892900667,0.999135166319278,0.999137777085729,0.99913955157713,0.99914195214802,0.999143175217218,0.999143804117644,0.999145783098138,0.999146610850708,0.999147530086929,0.999148568284637,0.99915031302189,0.99915093578247,0.999152921279059,0.999153920210738,0.999155925183334,0.999157076438868,0.999157947231674,0.999158476857268,0.999159425997654,0.999161447862717,0.999162206108795,0.999163776748904,0.999165151516465,0.999165484700647,0.999166027775319,0.999168117701979,0.999174429415945,0.999174612916313,0.999177535978472,0.99917886182494,0.999180207280949,0.999181016727231,0.999182558959533,0.999183794809103,0.999185065635625,0.999185591876479,0.999187367198516,0.999244920770052,0.999245362545705,0.999245557549371,0.999248213961972,0.99924880737038,0.999249830620072,0.999250801926854,0.999252525614252,0.999253800991929,0.999254509568088,0.999255545083124,0.999256906368489,0.999257703860028,0.999260060901743,0.999261157016196,0.999261868608872,0.999262442143585,0.999263297225565,0.999263616295747,0.999265418807443,0.999267002922301,0.999268324698067,0.999268338580796,0.999269260231742,0.999270608780895,0.999271533809675,0.999271862111907,0.999272441156029,0.999273705149052,0.999274092499527,0.99927425659295,0.999275423723936,0.999277020325198,0.999277437810297,0.999278555749473,0.999279886140935,0.999280801751623,0.999282538196124,0.999283238813833,0.999284743119497,0.999285155032321,0.999285830111168,0.9992859958912,0.999287907629134,0.999288651956732,0.99928965256734,0.999289878007056,0.99929118764668,0.99929194276088,0.999292740453047,0.999293266959998,0.999295844947681,0.999296545937012,0.999297331510459,0.999297780219871,0.999299209290077,0.999300018702857,0.999301352140002,0.999301635844505,0.999302306375074,0.999302738546709,0.999303265290894,0.999303810488295,0.999305122747188,0.999305693590598,0.999306818163425,0.999307040106215,0.999307501933264,0.999311013931447,0.999313123765327,0.99931314452379,0.999314583650598,0.999316696732803,0.999317625482352,0.999318371684655,0.999319994604198,0.999320682295191,0.999321348677307,0.999321392876608,0.999322708347216,0.999323537774518,0.999326055672301,0.999326869589892,0.999327930964864,0.999328481471899,0.999329305370473,0.999329902327199,0.999330879760715,0.999331005971687,0.999331877366188,0.999332807487104,0.999334767699973,0.999335276102914,0.999335915213215,0.999336010658859,0.999336747536519,0.999337423939202,0.999337823951686,0.999337949414903,0.999338445505104,0.999339012546127,0.999340443314672,0.999340714324333,0.999341284421697,0.999341545773528,0.999342147913537,0.999342157269178,0.999342670435619,0.999342800632049
0.808230005682014,0.828035364736716,0.842544121154524,0.887132119065833,0.903071915672495,0.918678581734507,0.925258318201069,0.933670354730849,0.945982756960989,0.951759847051059,0.956427274822073,0.960358932650265,0.964774415385314,0.967594881048789,0.972152883129539,0.973595529514233,0.974969562369886,0.975301549459144,0.97682056077751,0.977482729866697,0.980820905588539,0.981328595494782,0.983777585823468,0.984302442857527,0.984888011285646,0.985179238842934,0.985715260274544,0.986052073809987,0.986453966192678,0.9867929233095,0.987811214697785,0.98804564020077,0.988451787725768,0.988530150326232,0.988707653419937,0.988897412304953,0.989015288523075,0.989355055549601,0.990001335018317,0.991183983523511,0.991326888739594,0.99149415549406,0.991641665713509,0.99166094567142,0.991763229892094,0.992018646618352,0.99245815496523,0.99252406848305,0.992700203635973,0.992836249095969,0.992893469624388,0.993285995802535,0.993359723764342,0.993407409837517,0.993659190196204,0.993689726928647,0.99374732997357,0.993762447719192,0.993925300684356,0.993952940163665,0.994715596112329,0.994732104658304,0.994946091173068,0.994959870587956,0.995333960973112,0.995341470075183,0.995433582010782,0.995451588910595,0.995580394799543,0.995611104876436,0.995653659843996,0.995669043323911,0.995901831775095,0.995966789972641,0.996178079675621,0.996276508164242,0.996405514122095,0.996422823540935,0.996496029075819,0.996514792724457,0.996621445857624,0.996688107246976,0.996840304116684,0.99691056656178,0.996953071176147,0.996962640369351,0.997031966368976,0.997050255368438,0.997083579688115,0.997124668992811,0.997215382264125,0.997223812460682,0.997250881768295,0.997295001938107,0.997332610276182,0.997344257652095,0.99738641544207,0.997403063994389,0.997436455654277,0.997450584497798,0.997467230046932,0.997495714890764,0.997524073423723,0.997553500886089,0.997639639054808,0.997662817467996,0.997675445996483,0.997679030846673,0.997723261328571,0.9977943564933,0.9978138412797,0.99783029519238,0.997919228726165,0.997944240677325,0.997981854273007,0.997993724845853,0.998050342430825,0.998069071665265,0.99809901693289,0.998107436398009,0.998137238950647,0.998172921791208,0.998209750841168,0.998215254667657,0.998231502389247,0.998240644052229,0.998259516816078,0.99826530634345,0.998283136683978,0.998340730223171,0.998371698145031,0.998375850134577,0.998403832633301,0.998415985054823,0.998453353495867,0.998458048198599,0.998476279325632,0.998488836714301,0.99851821735006,0.998528057243119,0.998536576985061,0.998538308215157,0.998544207517173,0.998548440946882,0.998567189875491,0.998576815092366,0.998584369172743,0.998589746557491,0.998595638644029,0.998600999584253,0.998623284008307,0.998632115166939,0.99864532862012,0.998648607090463,0.998667254453896,0.99867122963437,0.998681864963405,0.998684912465075,0.998692552426779,0.998694669557677,0.998704351335713,0.998711112643621,0.998718710961385,0.998721023416214,0.998759641725031,0.998767026243268,0.998771451688038,0.998774807768771,0.998781918465263,0.998785708553932,0.998789883088897,0.998793885805521,0.998804534435376,0.9988056268488,0.998812028922553,0.998820959034359,0.998824767716291,0.998827579746269,0.998830999625078,0.998835691253508,0.998846366287514,0.998851105150193,0.998860885417341,0.998865806514322,0.998868221220141,0.998878755954602,0.998891403813731,0.9989024082642,0.998909771439732,0.998911300066057,0.998914588547284,0.99891766559387,0.998919703429368,0.998920954357573,0.998925445922863,0.998928438533202,0.998935735460965,0.998936638291481,0.998940632107986,0.998944422505478,0.998953447611875,0.998954369110466,0.998960905736344,0.998966303534361,0.998971422449224,0.998972745114005,0.998976394094269,0.998980022691054,0.99898522725003,0.998987086509144,0.998995194030397,0.998997428007884,0.999004175520552,0.999005008470808,0.99901220398125,0.999013244992099,0.999014644823296,0.999023295047288,0.99902938132128,0.999032445596429,0.999036061571242,0.999038696758098,0.999041054250897,0.999044391691405,0.999045433547451,0.999046648655453,0.999047605934261,0.999051599970775,0.999056909516455,0.999059321611291,0.99906177277527,0.999064969193481,0.999067014725411,0.999070040037539,0.999071117455866,0.999074882743054,0.999076489045595,0.999079693304745,0.999081303365808,0.999082672644453,0.999084887562494,0.999087724606167,0.999090226771546,0.999093870143159,0.999095326164655,0.99909552931449,0.999098009506988,0.999100755501195,0.999102436489926,0.99910628820784,0.999106786451945,0.999108423815404,0.999109986603997,0.999111583401398,0.999112589922269,0.999114093696324,0.99911722867933,0.999118135216786,0.999120334735493,0.999121364551504,0.999122010971348,0.999122413851188,0.999123566155096,0.999125069307822,0.999128040285067,0.999128066947851,0.99913116572747,0.999133458550774,0.999134612184098,0.99913559231376,0.999137374118029,0.99913886939084,0.999141371776779,0.999143319103509,0.999144124444392,0.999145244226286,0.999146175352172,0.999146976096198,0.999150059263907,0.999151017628704,0.999153078142346,0.99915394172569,0.999155393659166,0.999157136604664,0.999159389416291,0.999160551867711,0.999161873438756,0.999165615797034,0.999167213715049,0.99916786642643,0.999168619092086,0.999169451978256,0.99917125163903,0.999171911695034,0.999172984834846,0.999173330631241,0.999174678671252,0.999175960844941,0.999177225026417,0.999178196538392,0.999180869047213,0.99918215161219,0.999183631181551,0.999185272908114,0.999186689861052,0.999189090859543,0.999190933450384,0.99919182330847,0.999193187176622,0.999193491568535,0.999194403408578,0.999194816396034,0.999196563529621,0.999196961140155,0.999197644151083,0.999201123315226,0.999202232268841,0.999202763467572,0.999204226945623,0.999205369087602,0.999206386673285,0.999207070658885,0.999208839841934,0.999210692797448,0.999212553817079,0.999212656235014,0.999214409315138,0.999216995631052,0.999218125595449,0.999220131117877,0.999222403664805,0.999223078359065,0.999224929881997,0.999225526441071,0.999227739789954,0.999230384497523,0.999232362216304,0.999233123036755,0.999233527125668,0.999236531155873,0.999236987276151,0.999238375170455,0.999238669715328,0.999239632916834,0.999240206876891,0.999240504972269,0.999242369933625,0.999243086014224,0.999243516663176,0.999244613322903,0.999245766439244,0.99924679948635,0.999247630014569,0.999250705489961,0.99925291504491,0.999254500095443,0.999256272555079,0.999257702956851,0.999258466160248,0.999260110413562,0.999260971036239,0.999261281470998,0.999261483321967,0.999262031381742,0.999262741863156,0.999263268947252,0.999263915878048,0.999266189838427,0.999268037780862,0.999269705294464,0.99927054029209,0.999271201857395,0.999272110348106,0.999272508231623,0.999274519444915,0.999275911618318,0.999276448616811,0.999277390878462,0.999279960113047,0.999280552619842,0.999280890306418,0.999280952013838,0.999282023041891,0.999282727293015,0.999283651965923,0.999284106904605,0.999285080900301,0.999285786820129,0.99928660968601,0.999287230474946,0.999287994232735,0.999288738810989,0.999290347352039,0.999291035612299,0.999292734663154,0.99929456189093,0.999295292856378,0.999295627700561,0.9992965359862,0.999297107384531,0.99929755938548,0.999297900460989,0.999299492494602,0.999300042373487,0.999301006572845,0.99930231132425,0.999303737218959,0.999305659758409,0.999307497389177,0.999307585538068,0.999309905854017,0.999310799406853,0.999312761268538,0.999313388943395,0.999313865125044,0.999315032400564,0.999316330895598,0.999316410225884,0.999316599204911,0.999317031724146,0.999318773422845,0.999319094184672,0.999320502902032,0.999321785552553,0.999323206849176,0.999323476128222,0.999324186580534,0.999324822626474,0.999325348917199,0.99932550632525,0.999325675656359,0.999326736301765,0.999328009488656,0.999328090315056,0.999329082693553,0.999329319795786,0.999330985386336,0.999331560529757,0.999332833980086,0.999333740583499,0.999334932776403,0.999335999086046,0.999337157382274,0.999337435450726,0.999338022673069,0.999338342445626,0.99933900235206,0.999339950673538,0.999341593218461,0.999342581128992,0.999344088595439,0.999345259501188,0.999346447363162,0.999346833758227,0.999347581114113,0.99934823282444,0.999348872704316,0.999348896897419,0.999349260597259,0.999349942023586,0.999350442277023,0.999351105365781,0.999351403078826,0.99935177803782,0.999352328329741,0.999352927583518,0.999353837944129,0.999354622705858,0.999355090689782,0.999355151547742,0.999356021371426,0.999356740971787,0.999357070746567,0.999357523982964,0.999357688922762,0.99935856480468,0.999359673162847,0.999359793247574,0.99936111677915,0.999361621591934,0.999362668209882,0.999362859455064,0.999363528986896,0.999363801065426,0.999364372049659,0.999365403894267,0.999366134017173,0.999366713069806,0.999367872048174,0.999367981935884,0.999368625146003,0.999369934269101,0.999371138692975,0.999371223680778,0.999371784996696,0.999372337589802,0.999373208859466,0.999373517764447,0.999373945368954,0.999374685397796
0.738709758820531,0.847082086444136,0.848813135161866,0.860596259161191,0.884726344437628,0.899860606057607,0.926410837946514,0.933798483548182,0.943569169035142,0.955477727935674,0.959465245844336,0.961876118966229,0.964708373643149,0.966787477438352,0.968864000161523,0.978202186223096,0.981293540551902,0.981776929658168,0.98376360643267,0.983992724248906,0.984707817406756,0.985182752853229,0.986135791908581,0.986564639510399,0.987073013226051,0.98726492442996,0.987613866258325,0.987911533196472,0.988226601515139,0.988296022519542,0.988557158676843,0.98868172122557,0.988936616357075,0.989037692025367,0.989239804532,0.989315876526043,0.990103039959062,0.990222186016736,0.990364501162071,0.990393594368641,0.990594795671658,0.990643523039469,0.990764396369555,0.990814130730033,0.990921315357894,0.990973792258194,0.991047507038185,0.991082057139041,0.991238226157932,0.991308163104745,0.991518299192377,0.991575283333873,0.991623776226524,0.991641604731691,0.991718889533274,0.991753798818622,0.991817017240483,0.991856086488565,0.991901067999532,0.9919186469668,0.99200250352144,0.992025201670055,0.992064515970893,0.992082539497945,0.992123872170044,0.992133547680137,0.992210162886418,0.992288650934075,0.992338739556455,0.99236321925519,0.992383771960773,0.992390912011902,0.992431047730041,0.992450925496813,0.992781166849877,0.992868582343558,0.992906279905966,0.99291751762902,0.992945909843611,0.992967776506822,0.993073410041675,0.993103665716278,0.993171267265758,0.993185656325691,0.993214136097514,0.993231024722105,0.993247698204679,0.99348517801165,0.993546802234429,0.993558562825412,0.993616618368528,0.993622008318592,0.993654200927846,0.993664928154126,0.99373548514164,0.993749089941502,0.993768327745095,0.993774735608175,0.993790117471972,0.993799385372387,0.993822371059076,0.993830414837972,0.993847450594512,0.993874253258808,0.993893814241243,0.993917129425674,0.993926630013756,0.99393102427207,0.993947672900718,0.993960579773595,0.993974874501149,0.993985682657133,0.994055171495331,0.994058178461502,0.994146766423702,0.9941493446244,0.994189586548895,0.994193699216638,0.994306283161601,0.994316233467548,0.994368714198308,0.994383627773503,0.994390178123106,0.994453379006581,0.994461948863894,0.994464659977461,0.99450944075318,0.994514940385542,0.994558835611973,0.994566316913838,0.994584284961424,0.994635960287207,0.994656534833894,0.99466138639821,0.995018015814312,0.995024395287205,0.995025227576952,0.995048701533132,0.995054200080993,0.995274535669127,0.995303333508057,0.995344381298995,0.995386918996972,0.995390892246201,0.995406587512067,0.995414546057501,0.995499117570994,0.995504955945334,0.995700785632941,0.995711383675982,0.995725647031167,0.995732194307829,0.995762460279316,0.995855308665835,0.995870125948181,0.99589129645287,0.995894807257258,0.995909943350007,0.995975889633143,0.995976759704145,0.995995703987485,0.99601101697932,0.996020719115449,0.996028994829134,0.996085597482396,0.996123556404849,0.996138072482898,0.996140304542186,0.996290657616802,0.996295963325622,0.996375723413929,0.996513471595176,0.996625326045312,0.99677974767749,0.996784233655086,0.996798134581526,0.996801991911437,0.996807386664479,0.996932333028501,0.996938358341277,0.996993240705653,0.99706569886232,0.997137742229533,0.997138977698903,0.997158449738546,0.997160534304825,0.997174285548669,0.997176783832173,0.997221248315227,0.997222099959065,0.997244986716791,0.997249427509776,0.997336956254831,0.997339084190399,0.997530899154737,0.997593712084568,0.997627246607768,0.99763348912734,0.997665224278101,0.997666436313396,0.997712244123454,0.997725305173115,0.997829338429186,0.997847828769837,0.997914299075711,0.99791753498771,0.997939003166596,0.997943229190556,0.997978475054956,0.99798007556334,0.998090168088862,0.998094290530633,0.998128326690578,0.998131828934491,0.998171829402876,0.998210760437693,0.998223123891079,0.99822560635758,0.998276518296743,0.998292827242625,0.99831473177676,0.998316579102706,0.998430577568726,0.99843804227393,0.99846732509098,0.998468388227318,0.998496056977521,0.998517348564971,0.998525903559269,0.998540895423181,0.998551546023963,0.998557748539889,0.998570032281273,0.998578943767903,0.998590936811995,0.998592757138428,0.998603954056332,0.998609316362695,0.998679720595693,0.998680795084644,0.99870101877841,0.998703789422967,0.998720798404124,0.998727124645758,0.998735801606625,0.998739822395558,0.998757675460913,0.998760190851317,0.998773887532222,0.998774781568175,0.998785145367961,0.998796241195648,0.998816608630528,0.998826544020299,0.998830878695578,0.998832696810115,0.998859538017834,0.998863157920766,0.998868474530705,0.998869232486224,0.998877040971302,0.998882813882946,0.998887107868529,0.998891559174175,0.9988943366591,0.998894360998799,0.998900505482019,0.998906833459548,0.998909775068277,0.998912548060274,0.998919539876223,0.998923757196871,0.998926320784862,0.998938441091072,0.998944694221451,0.99894742761073,0.998950976125302,0.998952412725563,0.998962145291148,0.998963561546227,0.998966906286115,0.998968262776078,0.998974749085333,0.998975825283714,0.998984513404554,0.998985612934101,0.998990038148896,0.998997114825606,0.999002266930537,0.999002899380345,0.999010579084251,0.999010815160691,0.99901759521509,0.999019986357382,0.999022424942525,0.999023329946456,0.999027938015219,0.999029492468922,0.999032856093783,0.999034106715846,0.999038725631008,0.999040488386548,0.999042920061204,0.999046646826437,0.99905334702123,0.999054552265753,0.999057333943772,0.999058879669312,0.999064321132815,0.999065531234755,0.999069221542839,0.999072722460322,0.999077165662801,0.999078755457357,0.999083908818698,0.999084975328459,0.999087492141521,0.999088190121841,0.999091646865931,0.999093122109455,0.999098519131611,0.99910108672714,0.999103469402144,0.999105923660215,0.999109828992675,0.999110027135064,0.999111963512352,0.999112920081528,0.999118759090123,0.999121173713804,0.99912245093932,0.999123376695199,0.999125105263201,0.999127909922731,0.999130070073501,0.999132218471857,0.999136511422414,0.999136948261305,0.999138559623728,0.999139692233964,0.99914236599005,0.999145697989218,0.999147565970497,0.999149498301798,0.99915267867848,0.999153388796123,0.999155454329095,0.99915908375557,0.999163802599855,0.999164923831573,0.999166650287518,0.999169425735579,0.999175155922488,0.999175771386343,0.99917921644194,0.999182092931128,0.999183626385601,0.99918673624904,0.999191152879643,0.999191497614334,0.999195350787711,0.999197373905759,0.999198520566382,0.999200594156538,0.999202731781835,0.999203894744806,0.999205125602719,0.999206935948899,0.999210379685858,0.999211773995573,0.999216308617443,0.999217290210176,0.999220761273324,0.999220965831867,0.999223119341075,0.999224316640376,0.999227704437545,0.999228200641909,0.999230624330219,0.999233455053776,0.999234817325135,0.99923496889661,0.999238374576387,0.999240900357213,0.999241860534337,0.999242979623705,0.999244752289793,0.999246245609248,0.999249294560511,0.999253305310239,0.999254058508079,0.999254272479376,0.999257020854273,0.999258030923427,0.999260962600925,0.999261940650619,0.999263598451255,0.999263983520478,0.999265136675717,0.99926698887202,0.99927116671328,0.999272715849012,0.999273887574301,0.999274530193623,0.999276165535569,0.99927621724583,0.999278559037326,0.999280032743628,0.999281015665096,0.999282530005508,0.999284253588011,0.999284763119286,0.999287027498091,0.999287168278963,0.999288893756167,0.999289700513153,0.999292069704138,0.999292345069097,0.999293640612801,0.999293948914917,0.999294832768967,0.999295533165952,0.999297524439772,0.999298396043963,0.999299068610829,0.99929941795685,0.999299811120873,0.999300664221955,0.999302434127699,0.999302630913057,0.999303168136377,0.999304557175335,0.99930582126275,0.999306098418214,0.999307983538764,0.999308223976493,0.999308725021492,0.999309027695206,0.999310143240676,0.999310932725689,0.999311801821702,0.999312912767702,0.99931396630696,0.999314368859608,0.99931586369926,0.999316078463503,0.999319827316225,0.999320230740114,0.999321507084924,0.999322172762606,0.99932288847862,0.999323053416118,0.999324344188137,0.999325189780667,0.999325558661536,0.999326149496248,0.999327059396361,0.999327976771373,0.999328835246529,0.999328946033247,0.999330859924982,0.999331200564902,0.999332782005139,0.999333663749487,0.999334755506353,0.999335325793798,0.999336431177333,0.999336802727007,0.99933757849513,0.999338004990769,0.999339667728819,0.999340467569324,0.999341743526758,0.999343532318018,0.999344841725697,0.999345848773514,0.999347433196298,0.999348407382246,0.999350136433372,0.999351102175326,0.999351605185271,0.999353178071995,0.999354663403816,0.999355311170222,0.999357554321141,0.999358561929413,0.999359812992811,0.999361277833034,0.999363402376964,0.999363930404535,0.999364552617989,0.999365060523745,0.999365954513753,0.999366180323985,0.999367278092914,0.999368053444031,0.999368966657786,0.999369432463068,0.999369584365606,0.999370269950323
0.846112311436232,0.878621513961265,0.887799488820172,0.889508452491925,0.900913628394471,0.904884061026596,0.926050472064068,0.932359145522677,0.934280018075618,0.938391120799461,0.94343372793611,0.945988779316025,0.949682565411072,0.960154431570807,0.966489349922461,0.968061293320002,0.970478093961978,0.970945746568424,0.973089020408475,0.973924746620238,0.974688455808691,0.976157325126544,0.977008312385871,0.977211870105844,0.978629577611715,0.978904836637789,0.979443897476234,0.979768933670534,0.980091948142495,0.980249575889262,0.980591002068638,0.981271567840047,0.981587384161517,0.981753815396475,0.981966143905377,0.982060822893336,0.982237212119479,0.982335536014058,0.982475226499429,0.982552258673706,0.985163487463749,0.985193563305322,0.985384956138823,0.985481096330777,0.985597339618762,0.985695123088047,0.985787319707514,0.98581220579519,0.985967456391275,0.98653289779182,0.986601216698125,0.986626900595029,0.986845232727946,0.987590493325151,0.987659531002069,0.987747631773957,0.987870588950073,0.987899396770058,0.987945807729438,0.987995994390715,0.988061877656117,0.988106100270388,0.988155107880269,0.988179234180839,0.988221868638161,0.988270409673951,0.988307478755954,0.988322980876302,0.988729834095639,0.9887339407484,0.988815687340811,0.988836664133141,0.988857410627321,0.9889400323895,0.988979319477548,0.988989919971292,0.989010850312955,0.989028366670724,0.989086622980034,0.989174487318562,0.989188071392047,0.989202646124348,0.989245586264221,0.990191906987533,0.990226773347514,0.990231119448475,0.990272861175385,0.990284037551528,0.990618983023369,0.990638836998762,0.990659740196343,0.990663382620146,0.991158770276093,0.991168593674199,0.991232657224194,0.991244948617424,0.991303309906656,0.991311636096146,0.991381879697867,0.991387695212124,0.991401260124402,0.991430253192911,0.992027892503487,0.992033321270674,0.992090942010691,0.992099743841592,0.992117852648647,0.992128669626615,0.992521922798292,0.992527957489052,0.992571835379397,0.992582402191633,0.992600199391478,0.992602123928265,0.992618845707166,0.993142660479815,0.993162149581341,0.993168426776285,0.99323965769898,0.993249200963072,0.993262073439996,0.993266252489478,0.993484942033062,0.993487332148372,0.99349817252596,0.993509642385677,0.993512980031902,0.993517330653201,0.993545173345808,0.993549130433265,0.993579749494388,0.993584792068885,0.993592607164453,0.993596234628398,0.993608461380421,0.99371279878555,0.993726365272759,0.993727318166455,0.993740577697794,0.993878086701323,0.993886343892384,0.99390257923426,0.993908612375989,0.99391632810891,0.993992264070962,0.993996456164385,0.994011843515329,0.994013932721084,0.99403509730193,0.994048210729685,0.994074617464955,0.994087676203951,0.994238201919252,0.99423990947256,0.994248660145812,0.994298752882578,0.994310880626395,0.994315737730257,0.994321783830513,0.994327374490151,0.994420085055318,0.994427724333853,0.994435595249608,0.99443959683608,0.994455878284568,0.994514009392181,0.994523635700915,0.9945265658712,0.994584179561718,0.994584644097373,0.994592666613364,0.99459594085584,0.994607462875517,0.994611245829858,0.994617519677028,0.994701693364388,0.994805667292028,0.99481443099301,0.994865619394432,0.99486953987129,0.994881283744793,0.994898626559615,0.994944103760456,0.994977251949063,0.99498083041224,0.994986251672789,0.99509076056651,0.995107898185604,0.995126511180449,0.995464070799448,0.995492332243372,0.995499575874049,0.995505276205106,0.99554301983817,0.995558305091752,0.99556265376027,0.995603405195287,0.995611769185874,0.995620301596935,0.995635556736557,0.995749643568263,0.995753791599001,0.995779522280978,0.995801470606105,0.99583892330646,0.99584498885361,0.995861635928755,0.995871309378008,0.995880871666588,0.99588361023121,0.995890621359416,0.995891664139736,0.995954673817626,0.995957560128178,0.995961790952097,0.996195684912601,0.996208135203617,0.996218200346106,0.996223561435456,0.996226477378988,0.996255516075321,0.996255964109803,0.996311383470735,0.996315326627522,0.996321340365961,0.996322629962257,0.996386050685646,0.99638952471537,0.996402831630987,0.996405566817571,0.996415838621203,0.996417443136913,0.996429322085846,0.99642934562569,0.996521635956037,0.996596014141094,0.996643659141702,0.996646568149664,0.996650232430575,0.996653978585335,0.996672160341464,0.99668334787207,0.996736607557392,0.996738930128863,0.99675990470007,0.996762244280196,0.996769900568307,0.996774381229893,0.996866279203675,0.996868006699283,0.996911329570857,0.996913715216584,0.996922701478739,0.996924767381743,0.997055181016458,0.997059515308292,0.997114984027618,0.997202731445353,0.997316991600968,0.99732953072407,0.997376412289392,0.997377469842954,0.997379563138337,0.997431128499977,0.997495245469696,0.997632342945621,0.997797382109111,0.997800654724858,0.997836952038537,0.997897487419156,0.997981983311955,0.997988475377329,0.998026299182436,0.99803121723333,0.99806172123406,0.998139689573743,0.998166816052244,0.998186671340038,0.998241117884795,0.998257902534747,0.99831255073058,0.998330943112301,0.998357560643938,0.99836575465779,0.998394904285012,0.998404675755722,0.998426109798025,0.998478357599378,0.9984971472366,0.998500430701406,0.998520039128358,0.998525828661281,0.998559995153706,0.998566531439578,0.998593778529573,0.998597861110114,0.998614745190144,0.998619136777051,0.998643702309421,0.998656670523917,0.998672978594298,0.998677010612958,0.998693203939766,0.998713511832061,0.998719522824767,0.998720192831854,0.998725442986413,0.998729519531049,0.99875612032427,0.998767804465996,0.998768939967116,0.998770305866187,0.998796377599075,0.998797749693106,0.998812663754835,0.998815640943092,0.998824195960887,0.998834039344627,0.998842065919955,0.998847765125602,0.99885579454206,0.998857799032603,0.998872232603076,0.998874675768775,0.998882961857648,0.998889272117444,0.99890154431972,0.99891233436466,0.998925131314337,0.998936676173775,0.998940321907177,0.998950914176488,0.998954182554591,0.998959924422702,0.998978693177258,0.998979839909316,0.998987148399966,0.998989146594757,0.998993339375876,0.998995776708581,0.99900360606614,0.999011826053997,0.99901369752683,0.999014081072762,0.999019757003925,0.999022396530797,0.999027161821375,0.999029085595044,0.999035453163015,0.999037186566027,0.999039758487674,0.999043789340516,0.999050706562764,0.999053356380028,0.999055938390397,0.999060422137582,0.999064295044055,0.999065191487063,0.999071965116442,0.999078662601708,0.999081217167524,0.999082173168746,0.999086562847333,0.999087067776686,0.999090401828459,0.999091123921169,0.999094406296344,0.999095162974743,0.999100926690437,0.999101107947629,0.999104298509164,0.999104868541522,0.999110302708456,0.999110765992942,0.999112767306792,0.999113563804396,0.999115404480412,0.999116859068973,0.999118576800192,0.999119672560447,0.999128044160303,0.999128868283737,0.999131952858293,0.999135910038479,0.999139748030206,0.999141093021632,0.999144516657405,0.999146320312067,0.999146733008216,0.99914832859985,0.999154765959707,0.999156489766935,0.999163623094647,0.999164213462115,0.999171598350789,0.999172591010329,0.999175306140305,0.999176268193224,0.999177710115235,0.999178660917371,0.999180706378763,0.99918142621963,0.999185361728951,0.999187196183995,0.999189878024531,0.999190676863797,0.999193534303721,0.99919764246495,0.999200455126244,0.999202200866664,0.999204053998646,0.999206066851431,0.999207808785962,0.999208895055795,0.999210635828619,0.999213535147004,0.999214839289194,0.999216157491444,0.999218612915728,0.999219394852946,0.999222239667475,0.999222476395087,0.999223555604311,0.999226906474449,0.999229727591301,0.999230563891004,0.999234109891586,0.99923527989457,0.999236832576486,0.99923810923699,0.999240414866063,0.999241248081629,0.999243828322634,0.999243927617098,0.99924454369777,0.99924536951842,0.999248296155467,0.999249231802475,0.999251057738516,0.999252341808504,0.999253983093137,0.999254324427908,0.999256119241456,0.999256750401718,0.999258076824252,0.99925845940936,0.999259674946406,0.999260952532842,0.999261793951501,0.999261977209225,0.999262713346695,0.99926361161586,0.999264568142548,0.999265212458861,0.999267134347507,0.999267869370345,0.999269079163165,0.999271239259838,0.999273599722897,0.999275519246748,0.999276238206847,0.999276360309098,0.999277425294606,0.999279622685665,0.999279791842459,0.999280368854162,0.999281814256306,0.999284123122328,0.999284809026627,0.999286338490379,0.999287685412382,0.999289280408474,0.999289899548208,0.999291124621818,0.999291578151637,0.999292255257469,0.999293817341225,0.999294828535067,0.999295409829762,0.99929620386988,0.999299095662374,0.999299652470586,0.999300587490162,0.999301696735171,0.999301792676882,0.999302857912336,0.99930487699365,0.999307015067215,0.999307832038754,0.999308069258945,0.999310457472873,0.999310665869155,0.999311409341685,0.999311965725877,0.999313788215385,0.999314322780337,0.999314745210386,0.99931576728162,0.999316372598509,0.999316911418541
0.797549169600565,0.809939229848813,0.834151585646038,0.848571383487489,0.877988561972655,0.895999875448719,0.900816764881248,0.905400737752315,0.913811399360791,0.915764870402743,0.920540679780999,0.929392512600727,0.931540367030559,0.932163086604173,0.935416058175536,0.936237827901212,0.937469496272248,0.937728475829273,0.944737193684638,0.945023504364939,0.948437424524136,0.949771780094183,0.951237080303789,0.952762339004856,0.955471267161596,0.956527006143015,0.96010687970779,0.960733708378734,0.964293581751091,0.966504907912611,0.968864797009909,0.970800975698003,0.973000320235944,0.974089054360893,0.97734044598132,0.977826722197561,0.978717778132929,0.979221350838374,0.979593973096929,0.980138730734616,0.980556839438051,0.980763715695456,0.981369674273997,0.986252364855193,0.986566309881069,0.986756249397125,0.987372392487324,0.987471280059297,0.987673155034298,0.987716855205288,0.987882029289711,0.987985883618474,0.98877207448875,0.988896527094116,0.989052741735944,0.989188758053644,0.989314985154638,0.989368407065336,0.989557951071995,0.989614639241191,0.989801534944665,0.989834975133993,0.990168821945633,0.990202535841423,0.990286068269463,0.990389731866157,0.990486391311437,0.990515228563987,0.990588605110136,0.99062043313975,0.990671083516981,0.990686786266861,0.990721107390566,0.990742993211616,0.990806837633921,0.99082681026977,0.99088850028917,0.990900850466546,0.990957796373899,0.990960340861634,0.991090900779417,0.99110364322418,0.991189812073418,0.991210161309317,0.991239794954757,0.991249933409024,0.991268763298341,0.991283488023549,0.991340254126018,0.9913784509639,0.991439346503456,0.991452750086611,0.991479918595335,0.991513755841024,0.991530834409974,0.991536354959464,0.991793078971612,0.991808350715198,0.991836492561289,0.991847214062218,0.991878480084602,0.991890673831142,0.991933650921803,0.99197891414415,0.992101872388413,0.992127571085397,0.992287775456051,0.992314221664933,0.992363573294708,0.993120536576859,0.993131310053009,0.993145865941887,0.993238159641537,0.993275054898833,0.993282050070712,0.993290503562482,0.993317105122356,0.993325706312176,0.993338314887816,0.993344962861565,0.993369642285672,0.993393472610499,0.993447177016568,0.993459136542722,0.993476925368196,0.993481480117416,0.993489124422278,0.99349105320279,0.993520394514565,0.99352996508441,0.993538226907548,0.993639377888384,0.993647328700786,0.993651856214652,0.993662318219034,0.993669763176669,0.993675383881766,0.993679691108129,0.993694394778779,0.993697572572399,0.993709250093036,0.993715672141478,0.993728262017794,0.993730462156159,0.993734563978824,0.99374448928838,0.993750557047981,0.99375364433397,0.99375902083121,0.993764474648285,0.993774676232589,0.993779043630506,0.993785311421585,0.99378732291457,0.993805732296666,0.993810300900278,0.99399684238196,0.994000380928439,0.994009408766979,0.994012941723049,0.994020065756445,0.994023987101406,0.994029897076731,0.994035774245413,0.994038015250848,0.994045314005069,0.994055125480035,0.994678927299322,0.9948250248889,0.994827896021888,0.994951558916115,0.994967278270974,0.994978500939459,0.994982202342792,0.995045980082864,0.995047455460809,0.995097335787973,0.995105110329788,0.995112103464002,0.995140442133617,0.99515225833879,0.995155912895988,0.995161974625533,0.995163522123021,0.995237701651341,0.995245276531583,0.995298824815931,0.995304694635444,0.995336427168503,0.995345622470991,0.995353742896644,0.995356826899666,0.995486325590183,0.99549902091743,0.995503173468084,0.995505616934069,0.9955094173508,0.995528654707731,0.995535754455233,0.995749803257881,0.995752921226484,0.995918950652157,0.995919996344468,0.99592638212451,0.995933818328257,0.99609590531105,0.99610980112576,0.996125619896036,0.996217351880113,0.996218398691728,0.996456071214656,0.996678925921504,0.996728750690059,0.996746292815921,0.996817239536035,0.996835398018066,0.996839267337017,0.996843003620287,0.996929598477147,0.997101269659097,0.997104968523265,0.997107112853943,0.997113635360556,0.99711856574978,0.997313326382556,0.997342574403602,0.997422665090898,0.997424398358864,0.997483495720243,0.997495140638979,0.99752778176804,0.997686412896542,0.997746216301031,0.99785938756635,0.997870400908237,0.997890358194062,0.997894489622154,0.997899670242877,0.997914652205232,0.997952198678883,0.997978129973861,0.997987155788547,0.998006198316981,0.998054231305139,0.998123014453356,0.998135350579098,0.998167594643902,0.998176952069744,0.998183747016484,0.998199351381823,0.998242041904753,0.998244608405786,0.998246118288156,0.998250489019261,0.998255707024695,0.998261555187568,0.998292730931841,0.998306745411428,0.998350849206095,0.998363250788184,0.998376205024661,0.998405677611981,0.998414098139021,0.998421475093644,0.998479875580422,0.99848248981211,0.998493465950554,0.998516942148904,0.998522112357866,0.998522169906736,0.998527112425525,0.998534690446235,0.998557044744492,0.998570454772801,0.998591462901753,0.998597531871185,0.998607395470783,0.998618201376959,0.998655338599511,0.998669533679283,0.998681707541272,0.998689653205381,0.998700343259369,0.998713780732796,0.998718849991749,0.998719905172943,0.998723721562086,0.998746646029695,0.99875866998527,0.998762208905776,0.998784575881623,0.998786042615061,0.998796868168156,0.998798524074459,0.998801597169227,0.998803656299677,0.998808084659472,0.998813930339134,0.998815656687455,0.998826071225227,0.998835751024497,0.998841958909634,0.99884581612452,0.99884736131611,0.998852581813533,0.998859121320146,0.99886463760504,0.998866447849015,0.998869948708348,0.998872108026827,0.99887426351874,0.998883548863294,0.998888843206828,0.998888924752513,0.998894445879788,0.998895919787269,0.998898507611223,0.998910716681068,0.998917562681151,0.998919830294887,0.99892028536719,0.998923872994317,0.998932432098841,0.998934040958266,0.998939615892273,0.998944105647056,0.998948245589572,0.998953003874737,0.99895460755998,0.998962695032937,0.998970358911629,0.998973586463282,0.998979644248035,0.998981049096421,0.998983760815323,0.998984435033157,0.998999071602815,0.999003521476745,0.999007604099665,0.999011176915405,0.999014148570782,0.999014835115845,0.99901924339371,0.999022047128276,0.999030459801796,0.999031297490649,0.999035395719218,0.999036249954497,0.999042372070355,0.999042735658746,0.999044812416297,0.999048105971597,0.999055332989422,0.999057585035309,0.99906055213196,0.999062161025727,0.999066150154179,0.999067809535321,0.999070154390354,0.999074366519494,0.999077731009637,0.999079981228313,0.999085164724017,0.999086615336467,0.999087986820762,0.999092422188149,0.999095311916848,0.999095827624612,0.999100214679323,0.999102322531607,0.99910540016487,0.999108486470666,0.999111185902434,0.999111737965497,0.999114040325092,0.99911584969004,0.999122242675184,0.999122907734121,0.999125211770788,0.999129804692744,0.999132019701927,0.999134407026323,0.999136785991892,0.999137367193219,0.999139808740354,0.999140388385419,0.999142098804931,0.99914490914769,0.999146245641782,0.99914697820845,0.999150332369891,0.999151729910836,0.999153640460772,0.999156099686015,0.999156780507467,0.999157747199946,0.999160242239507,0.999161225963211,0.999164426894089,0.999166393484156,0.99916923318018,0.999170738194521,0.999175115361632,0.99917569267867,0.999179103061799,0.999180403080077,0.999182093838256,0.999184058513715,0.999186969031439,0.999188557536668,0.999191246863443,0.999191988233365,0.9991946128608,0.999195088890479,0.999198111913502,0.999198918747228,0.999201859630298,0.999204262255607,0.999206609497935,0.999207523575683,0.999208337971815,0.999209352970946,0.999212544660256,0.999213242097148,0.999215289179341,0.999216162270273,0.999217185171015,0.999217675441807,0.999219224932203,0.999219425743599,0.999223869597532,0.999224580815811,0.999228285740653,0.999229448145369,0.999230898540898,0.999232387612502,0.999234155809783,0.999234577299823,0.999235914613121,0.999236560802426,0.999241698032995,0.999242004618027,0.999245795642428,0.999247103928718,0.999249974387869,0.999251607567583,0.99925250228674,0.999255319316383,0.99925613785734,0.999257680403924,0.999259684237203,0.999261238454835,0.999262383386572,0.999264245275577,0.999264928823146,0.999266130015431,0.999269877196288,0.999270295308045,0.999270833191326,0.999273659365925,0.99927511915666,0.999276229203921,0.999277057390115,0.999277764643185,0.999278244121924,0.999278479800934,0.999279882586771,0.999280812525746,0.999282493996763,0.999282690396748,0.999284326427108,0.999285633318576,0.999287739510248,0.999287952162902,0.999290296829803,0.999291294562719,0.999292859745693,0.999293217151258,0.99929384829882,0.999295311233724,0.99929735652536,0.999297700838514,0.999300494417601,0.999300932115605,0.999302921425574,0.999303609026694,0.999305709995194,0.999306496879675,0.999308732894444,0.999308752534938,0.999310976533,0.999311597762356,0.999313953881142,0.999314168930003,0.999315094806855,0.999318102999125,0.999320553279217,0.999321640160792,0.9993244347491,0.999325107766487
0.737997745554089,0.807978233297244,0.825280575311833,0.828090544647663,0.882840765671055,0.889467125324789,0.902399625223022,0.907554773336464,0.943609078497637,0.947571601196101,0.95273553977728,0.954012690100916,0.957697784802067,0.961302677009539,0.973310706341874,0.974630592036622,0.977198380270258,0.981100811702497,0.982494576026312,0.983030414178889,0.984120590059455,0.984354710172197,0.985039873180188,0.985242996737639,0.985903601313598,0.986207341930633,0.987588874634062,0.987694978634573,0.988337375822235,0.990002534621483,0.990440044935746,0.990660835440777,0.990892839338469,0.991120131388162,0.991590466535769,0.991722654429929,0.991865326767783,0.991931286733386,0.992208516188711,0.992309201142705,0.99268197632661,0.992732254328994,0.99333428487476,0.993435010534832,0.99358826098334,0.993808514100312,0.993955926263887,0.994024868805092,0.994305668704675,0.99437368487651,0.994459835846579,0.994556080484648,0.994673195449698,0.99475279075187,0.994954792771966,0.995005298166255,0.99509399058544,0.995177202702717,0.995283223441162,0.99538865684672,0.995524170710062,0.995660571918621,0.995742493502521,0.99578068375552,0.995819958548201,0.995855187425854,0.996017079211384,0.996096995363204,0.996198287256453,0.996247008632867,0.996296832521828,0.996417351857376,0.996671361771151,0.996694008951197,0.996754886301625,0.996822862450374,0.996911690025695,0.996963146509728,0.997028345151911,0.997132696002474,0.99718876569058,0.997228372451562,0.997261957417358,0.997312037898751,0.997357460482549,0.997416814715819,0.997457365741617,0.997467568559925,0.997505586282101,0.997522185853293,0.997570350281886,0.997582531388288,0.997623975935711,0.99764740517526,0.997669467503554,0.997682070403096,0.997711244751367,0.997776972072006,0.997810639647332,0.997820898267296,0.997860049811177,0.99786685905362,0.997905847272153,0.997920792554541,0.997952943333574,0.997976359435447,0.997991676403414,0.998010636342261,0.998032739547906,0.998040464397012,0.99808460101731,0.998095288349959,0.998116783011198,0.998136577596653,0.998163080167249,0.998172782527194,0.998188627280548,0.998210735382528,0.998232125014805,0.998244397894354,0.998268212185834,0.998278628428504,0.998299612007256,0.998305124261862,0.99832554283017,0.998330005615769,0.998361096127738,0.998364887469102,0.998391241148271,0.998396860533829,0.998411623317614,0.998416021177174,0.998427764714536,0.998433149047548,0.998437431289043,0.998447007366736,0.998467096649271,0.998471440968016,0.998490155973439,0.998504298675305,0.998530258337346,0.998539558650138,0.998556466484017,0.998560635006171,0.998576203132614,0.998579685873103,0.998592328908166,0.998596697387676,0.998611315785231,0.998616132517204,0.998628549436424,0.998637663210011,0.998643931443271,0.998661638671161,0.99866911824337,0.998675351004515,0.998693745478479,0.998696054645434,0.998700347545394,0.998713489366537,0.99872044439486,0.99872483300008,0.998736198077816,0.998742131907535,0.998749215174469,0.998753829374394,0.998758850291726,0.99876192366672,0.998767644713542,0.998768929931815,0.998775410532319,0.998779585084242,0.99878598381989,0.998786774012872,0.998794979352312,0.998796471509019,0.998801132499661,0.998804523967018,0.998815277769305,0.998817132049628,0.998827072254005,0.998829066644883,0.998831329885364,0.998837593961302,0.998843125625194,0.998847235656689,0.998853681782882,0.998855471647957,0.998861807379851,0.998864548625328,0.998869944533169,0.998873248877284,0.998878760765027,0.998882521370246,0.998888521169191,0.998890085900273,0.998896072806822,0.998896772233991,0.998901152010877,0.998905176422602,0.998909052463327,0.998912393226243,0.998918009416262,0.998919816863353,0.998929840918826,0.998932489155555,0.998940297648494,0.998944162731704,0.998950470351253,0.99895336963892,0.998956108682053,0.998957136947475,0.998963609118803,0.998966965876769,0.998969636155528,0.99897040254932,0.998972874131572,0.998974277110238,0.998977868040437,0.998983442414655,0.998990205346805,0.998991812340358,0.999001287687324,0.999004759725501,0.999007381487422,0.999008884202052,0.999012342271484,0.999013785424706,0.999017457159041,0.999019770687367,0.999020665226549,0.999022142994797,0.999025319368634,0.999025412806099,0.999028040614189,0.999028776659329,0.999031321600401,0.999031983266896,0.999033370752687,0.999035594421784,0.999038916326389,0.999041068994128,0.999044154613492,0.99904751782271,0.999056961027727,0.99905770072572,0.999061407030242,0.999063894169933,0.999067082599155,0.999067613979314,0.999072090187354,0.999076114803718,0.999080293149344,0.999080393837716,0.999086057255157,0.999088718113233,0.999091241236551,0.999093785077172,0.999097071575612,0.999099445480442,0.999100865797918,0.999103559877,0.999104423042349,0.999107497877883,0.999110334663927,0.999111554984002,0.999112473042335,0.999115377587187,0.999119070757641,0.999120367788594,0.999122304228862,0.999123751880886,0.999126212999774,0.999129622991891,0.999130525523975,0.999131757604414,0.999135041076635,0.999136291911096,0.999137246470964,0.999138671388177,0.999139583362391,0.999140401763338,0.999142708197298,0.99914696110368,0.99914779617318,0.999150312640507,0.999151593388156,0.999153380120207,0.999155770549842,0.999157000925795,0.999158724983392,0.999159252989572,0.999161333610268,0.999162679146366,0.999165272725811,0.999168120709329,0.999170588280973,0.999172496467726,0.99918060191891,0.999182371020716,0.999185163713925,0.999185293424671,0.999186777280986,0.999189029765423,0.999190097250549,0.999191288545638,0.99919441482323,0.99919716752817,0.999198684181478,0.999200603399531,0.999201241410752,0.999201930216978,0.999204346117728,0.999205195697862,0.999206168062475,0.999206926678113,0.999208402593299,0.999210605118418,0.99921212651286,0.99921332095767,0.999217458522819,0.999217790967845,0.99922240655689,0.999223402472481,0.999225712679473,0.99922584889124,0.999227964825488,0.999228634418959,0.999229859213967,0.999230418971039,0.999232083542002,0.99923304300068,0.999237205308611,0.999238062587002,0.999241378604833,0.999245372985325,0.999249051612164,0.999250218928372,0.999251386922841,0.999253931494371,0.999256509694556,0.999257227914028,0.999258277121987,0.999260537095601,0.999261717922446,0.999262260700823,0.999262920539324,0.99926506216888,0.999266721709155,0.999267210740976,0.999268506566881,0.99926973545477,0.999271661033574,0.999271888885898,0.999272662689203,0.999273215721674,0.999273800245316,0.999276155298494,0.999276545828168,0.999277592861559,0.999278558423656,0.999279087478126,0.999279822084068,0.999282478459683,0.999284789601158,0.999285265635616,0.999286265197826,0.999287453035475,0.999288227469555,0.999289063186001,0.99929055372554,0.999291602981183,0.999293648986094,0.999294879878193,0.999297072320755,0.999297688497179,0.999299844626168,0.999300346169762,0.999301988164303,0.999302908031631,0.999304045477445,0.999304549557108,0.999305945458722,0.999306456285583,0.999308129729066,0.999308449073006,0.999309915392281,0.999311681807553,0.999313109181756,0.999313560708187,0.999314396342662,0.999316128370162,0.999317643735944,0.999317976119075,0.999318966366459,0.999321115278967,0.999323218718908,0.999323915871708,0.999324698655745,0.999325655985813,0.999327218612307,0.999327688467558,0.999328582114007,0.999329373033429,0.999330173528916,0.999330697712223,0.999330958141726,0.999331573334845,0.999332718977427,0.999332859422715,0.999333833607513,0.99933548165252,0.999336612519806,0.99933704750745,0.999338362987589,0.999339109495409,0.999339996127861,0.999340285240309,0.999342645390269,0.999343549212689,0.999343910907394,0.999344123864047,0.999344647659333,0.999345080610737,0.999346310850971,0.999347474813842,0.999348707169309,0.999349098613701,0.999349411700777,0.999349648623559,0.999350965481138,0.999351867118588,0.999353251857705,0.99935450449056,0.999355289309309,0.999355899422255,0.999357151499422,0.999357847706626,0.999358833072908,0.999359181913985,0.99936005489203,0.999360513375072,0.999361117327752,0.9993614984138,0.999362417365045,0.99936262288151,0.999363693706006,0.999364907644073,0.999364997705968,0.999366232985541,0.999366875058248,0.999367489141771,0.999368340612319,0.999370011451132,0.999371136960558,0.999372294821384,0.999372747902581,0.999373942581896,0.999375128151399,0.99937591666366,0.999376823269856,0.999377838421268,0.999378331457399,0.99937943019455,0.999380381552243,0.999380908933855,0.999381648171635,0.999382379792434,0.9993828265337,0.999383879765439,0.999384285012305,0.999384602313331,0.999385567315005,0.999385826617556,0.999386085498218,0.999386450258714,0.999387980744053,0.999388706674525,0.999389259778872,0.999389823822154,0.999390672734611,0.999390775853687,0.999391407055671,0.999391843178127,0.999392801622758,0.999393440735171,0.999394759672411,0.99939520315359,0.999395969687397,0.999396357743182,0.999396934546578,0.999397049772775,0.999397367269902,0.999397682220039,0.99939789082342,0.999398720603086,0.99939947085729,0.99939947085729,0.999400367840562,0.999401759647717
0.767508983270494,0.830614488974771,0.83771906998753,0.863755053554254,0.876713095720283,0.889227401440625,0.90780630461726,0.919751791779544,0.933215534302702,0.93691896513592,0.946101601458994,0.949109204364901,0.955925350657545,0.958293477293763,0.963243566275534,0.967838192749094,0.969719546117176,0.976602701237884,0.978095369345485,0.979628399017796,0.981653981705906,0.981874891946681,0.983017275132262,0.983593219250398,0.984300708017087,0.984431853245735,0.984898574183421,0.985173305447226,0.985495941718238,0.985721671489395,0.986045698587543,0.986212042359139,0.986498089086285,0.98659550006826,0.986903774873232,0.986972205428815,0.98715068974222,0.987225556641774,0.9874183105036,0.987479019575026,0.987635253911687,0.987673986912446,0.987850485799934,0.987933984638668,0.988112771679943,0.988135544759913,0.988204981068772,0.988265954715514,0.988413962792673,0.98861091919513,0.98868528790663,0.990352850321893,0.990451618178511,0.990470641575218,0.991032670434537,0.99109637672196,0.991159760663464,0.991182900187879,0.991283089505769,0.991312953615854,0.991694398063886,0.991742110716438,0.991807263961098,0.991831016272031,0.991873025600989,0.991922859824307,0.991956002535367,0.992003996476811,0.992068567856552,0.992093713248394,0.992150893856136,0.992175801846874,0.992192480736613,0.99221143764535,0.992292594456407,0.99235414544908,0.992417054199049,0.992495329062954,0.992512861287493,0.992517595842525,0.992607337450526,0.992624365536221,0.992712641957217,0.99273615018546,0.992791583666994,0.992805925868883,0.992850900374399,0.992858568797549,0.992876020478854,0.992887523627693,0.992907186565121,0.992913052939087,0.992963327973213,0.992968326450301,0.993016068209353,0.993025575546243,0.993065557895111,0.993079402721569,0.993087471126458,0.993096704601239,0.99311334630326,0.993125698791159,0.99316119490568,0.993170151019206,0.993240007783793,0.993251678486063,0.993301769658524,0.993315192059475,0.993342819144459,0.993355782660886,0.993369302079714,0.993374121211442,0.99338834747555,0.993396811304646,0.99342562842127,0.993464052800008,0.993889197052397,0.993895790884247,0.993911674693115,0.99391540251389,0.993950642871544,0.993954019422579,0.993996837040416,0.994000312543749,0.994137738015972,0.994140765211338,0.994148577460453,0.994170617045,0.994176869505297,0.994181885212921,0.994209877759181,0.994356010824708,0.994363963407991,0.994373074538124,0.994534316673078,0.994540003470224,0.994550894035869,0.994555985075426,0.994571592193895,0.994587395515614,0.994623419207835,0.994630304521375,0.994639148337573,0.994640692737201,0.994653887699761,0.994661722376221,0.994731297300441,0.994736411788364,0.994741232426552,0.994779519021945,0.994793540674698,0.99482322922146,0.994835547753693,0.994841693211939,0.994846777864609,0.994854167747329,0.994855994166396,0.994877861011311,0.994897965148571,0.994903902199355,0.994931767590423,0.994939781148904,0.994948878281586,0.994949535474128,0.99496558288966,0.994975716254631,0.995037430630506,0.995039296675591,0.99504354875648,0.995045892987373,0.995047808583787,0.995052627028101,0.995070998688067,0.995078310461228,0.995204499191336,0.995208102661884,0.995215596862663,0.995221010039902,0.995231079793905,0.99523191804482,0.995235839529679,0.995242008673022,0.995260969150191,0.995264265093651,0.995267777782306,0.995269166643744,0.995273694151763,0.995275277792997,0.995284311053269,0.99546426873028,0.995470229373757,0.995472369731954,0.995475324226229,0.995870628731493,0.995896520831046,0.995897385790376,0.995922966078471,0.995923878220721,0.995929234765598,0.995932500744931,0.996189285082693,0.996189995118571,0.99620731548554,0.996209278977442,0.996220090064949,0.996223347696674,0.99622638250538,0.996229072548635,0.99625216898193,0.996253579655784,0.99625748479682,0.996301299147104,0.996305660176711,0.996308615141754,0.996312563804496,0.996316155252132,0.996512750646653,0.996515159676205,0.996618356795989,0.996622672335872,0.996628858478631,0.996635225020065,0.996869081121177,0.996870079845987,0.996911354611864,0.996924617698955,0.996931054428956,0.996931974562968,0.996956368099661,0.996991111132225,0.997018187732043,0.997021096420478,0.997132608831329,0.997133619053731,0.997134511553724,0.997135160628642,0.997148793562448,0.997165805159455,0.997188499265422,0.997190582623449,0.997191865206593,0.997191949958029,0.997198646652409,0.997199047654235,0.997200493564023,0.997202244118922,0.997279930573171,0.997281137449781,0.99732840780688,0.997331807288615,0.997335409641416,0.997340595010393,0.997403895989669,0.997406673484706,0.997483892101311,0.99748623177053,0.997487990954085,0.997489359222488,0.997679561767824,0.99768045299361,0.997879168183104,0.997879607715802,0.997997104244528,0.997998546802201,0.99802483937784,0.998029542978602,0.99813006172662,0.998130315808256,0.998158432549706,0.99815887163101,0.998191776791977,0.998208230369296,0.99825111474332,0.998252136781993,0.998277253235625,0.998279823415934,0.99828653655326,0.998287177259581,0.998354151160325,0.998355025164858,0.998388947116225,0.998393962868369,0.998446522778187,0.998447959890526,0.998483796466007,0.998489294005019,0.998511609421603,0.998513481463268,0.998529753158648,0.998538139871545,0.998558387438599,0.998570048986877,0.998585866937069,0.99859334321213,0.998603530360463,0.998610000230832,0.998623789428432,0.998630427099755,0.998660036412093,0.998674542020842,0.998681803654003,0.99869298442306,0.998699629198555,0.998707289661857,0.998712808222411,0.998713600682037,0.998725760505515,0.998726526995086,0.998733467335569,0.998745351726084,0.998756550139889,0.998777354891962,0.998778316511322,0.998782852757985,0.998791540484428,0.998792636195384,0.998795989759684,0.998804843995418,0.998807197450104,0.998812842864591,0.998830533682464,0.99883620449955,0.998837164829126,0.998839628839212,0.998849293214057,0.998855860214285,0.998864437752073,0.99886716091659,0.99887153719774,0.99887610716672,0.998884023225557,0.998884625842998,0.998892467715608,0.998896171120423,0.998904255864868,0.998905615491699,0.998911733630153,0.998913304322487,0.998922781415114,0.998931365689544,0.998941851527577,0.998944111526689,0.998954188641815,0.998956893510388,0.998963629000584,0.998965949123024,0.998971470260451,0.998975344702514,0.998976971811874,0.998978955385874,0.998987882964072,0.998991989843298,0.99899519701354,0.999001358262842,0.999005755286175,0.9990065217485,0.999016134845547,0.999020795786994,0.999030526788306,0.999032698456161,0.999033487475791,0.999035532975539,0.999038929712359,0.999040183051545,0.999042594942501,0.999044959470423,0.999047631072578,0.999050710239549,0.999054133150812,0.999056025718227,0.999057527890922,0.999058502580687,0.999061681706198,0.999064755766679,0.999071401495261,0.999072915072799,0.999075719131929,0.999077780966055,0.999083161774822,0.999087328566889,0.999090121274247,0.999092465265011,0.999094271153963,0.999099729618753,0.999101480160349,0.999105448766924,0.999107779843726,0.999109416880312,0.999113987227905,0.999114628848398,0.999118155461887,0.999118385795146,0.999121762490687,0.999122323581187,0.99912815625016,0.999128620410245,0.999132448180143,0.999133608347691,0.999135647431015,0.999137689081521,0.999139291843792,0.999141519837203,0.999142499799107,0.999145700400589,0.999147089170181,0.999148439679913,0.999150325610832,0.999151949930426,0.999154589299973,0.999157335451316,0.999159055971755,0.999160442499742,0.999164393410462,0.999167673940051,0.999169158022644,0.999170574013802,0.999174970343756,0.999175930392173,0.999177590947234,0.999179513915447,0.999184359302636,0.999186916504375,0.999192877961897,0.999193664052869,0.99919570193434,0.999196262885561,0.999199358468127,0.999200519958214,0.999202278654994,0.999205795910921,0.999207070686657,0.999208106195355,0.999211156617261,0.999211970663209,0.99921354735009,0.999214260436231,0.999217343324611,0.999217551342967,0.99921872336101,0.999219882100572,0.99922134250896,0.999221431580034,0.999223247933455,0.999224427482023,0.999226100686287,0.99922712542223,0.999228752806535,0.999229085811538,0.999230463694018,0.999231698146808,0.999234475038647,0.999235705794821,0.999238716625265,0.999239229858797,0.999240677287393,0.999241223425686,0.999243202163576,0.999243841407331,0.999245409553376,0.999247746533323,0.999249145164623,0.999249885152126,0.999250830816007,0.999253093390467,0.999255056910765,0.999255646343436,0.999257725305816,0.999258252365194,0.999259663535808,0.999260879977909,0.999262389356881,0.999263582762216,0.999264771158675,0.999266913659948,0.999267952236051,0.999268886852646,0.999270614420231,0.999271398488359,0.999272875502751,0.999274135979428,0.999275523502942,0.999276605874721,0.9992777484741,0.99927869734106,0.999279653404837,0.999280878905997,0.999282438643853,0.999282932316908,0.999284170215648,0.999284316552063,0.999285835426214,0.99928698478322,0.999287708231835,0.999289021226259,0.999290184640977,0.999290810205973,0.99929156131954,0.999291601645467,0.999293387212678,0.999293813046181
0.713183915273856,0.812193449497797,0.851161200930185,0.853135481845622,0.883672333969172,0.89015673920848,0.918089745311681,0.932696428744742,0.938639398605141,0.943564126535368,0.960127840760409,0.961346643068082,0.966333599849085,0.969982271583041,0.971379075503714,0.972482136832962,0.981445976244937,0.981645737960995,0.982179973036341,0.983093505760681,0.983575727800282,0.984192662428354,0.98518756951862,0.985416077998826,0.985865147642757,0.985987018163827,0.986238283533563,0.98641741880857,0.986718676681729,0.986849764461853,0.987456469219271,0.987543084809687,0.987835524670843,0.987912075100391,0.988050378603771,0.988168120414534,0.988620773601322,0.988768094066168,0.989064429756999,0.98908903764043,0.989223538848004,0.989372223658543,0.989497263607689,0.989588170102555,0.990085454460438,0.990268518492431,0.990379007942324,0.99068623068443,0.99173947212889,0.991772912745455,0.991873988480948,0.991913707191008,0.991999652636684,0.992022619160683,0.99255254154207,0.992567285490945,0.992685388566945,0.992696222799973,0.992743849887409,0.992766423968975,0.992821297001439,0.992842364689348,0.993087508283125,0.993123381587166,0.993292947305518,0.993331573512395,0.993392974558557,0.993412616345569,0.993608020156995,0.993622008184917,0.99363173937901,0.993682458364422,0.993824362496393,0.993844985200079,0.993873758236583,0.994349768768881,0.994394594272717,0.994519128337928,0.994598768259625,0.994625299603734,0.994691467014567,0.994696017293486,0.994826096586584,0.994846039691587,0.994878001206578,0.994899766750749,0.994967817089877,0.994993120395424,0.995012126558911,0.99501659446018,0.995237750503482,0.995252424823645,0.995314206757432,0.995559605379665,0.995813116715069,0.995912702099771,0.996048642898717,0.996084749960891,0.996173770667086,0.99620879841772,0.996235998866533,0.996346760333925,0.996434024204925,0.99673287519078,0.996877767447199,0.996960151264332,0.997053667154948,0.997197941415666,0.997270632039991,0.997355762280186,0.997411452895831,0.997425651131122,0.997500910153233,0.997543991243737,0.997592008209687,0.997598927507603,0.997628670280512,0.997677538794934,0.997717057833107,0.997719088932042,0.997760003432591,0.997785183694664,0.997791404859453,0.997817933661479,0.997837027510559,0.997851414780052,0.99787571712154,0.997918733605407,0.997945419921291,0.997955295827195,0.997976930987076,0.997985388897664,0.998024237746137,0.998041282677077,0.99806974915716,0.998072040260097,0.998088217973886,0.998096493926558,0.998110161897438,0.998149779426441,0.998188118338279,0.998192355393521,0.998209533801344,0.998211776343439,0.998219963139073,0.998223087592311,0.998238115889337,0.998243086967616,0.998245317921304,0.998247218483206,0.998269654038566,0.998273375951532,0.998312210448578,0.998315919321475,0.998324907715828,0.99833242354298,0.998334546543815,0.998337567493403,0.998348600521427,0.998357354484362,0.998379795252759,0.998385849863916,0.998402227083719,0.998414052885992,0.998428044464702,0.998431935202981,0.99844013184164,0.998443177931536,0.998458354198192,0.99846024641949,0.998463749536965,0.998465361384187,0.998471626017724,0.998472848485547,0.998482014421013,0.998483512632039,0.998490012097245,0.998492189118102,0.99849581456139,0.998500376674936,0.998509054384266,0.998511586614715,0.998521803169242,0.998528953075795,0.998534835602525,0.998538917530305,0.998545826360782,0.99854790708075,0.998552892391369,0.998559217089562,0.998561878489351,0.998563749833541,0.998570996097894,0.99857269557788,0.998589177482778,0.998591614719898,0.998601530000626,0.998604910771015,0.998622135108675,0.99862666910486,0.998640626768105,0.998642730778632,0.998661694753798,0.998663325506154,0.998670519756778,0.998674317206085,0.998682495357728,0.998684038110249,0.99870041789169,0.99870520088937,0.998711684576229,0.998712588326041,0.998726185751159,0.99873245009703,0.998737321457588,0.998746550630245,0.99875032710191,0.998753785216929,0.998758505223725,0.998760496191574,0.998769787193421,0.998771190854401,0.99877239487229,0.998776266159508,0.998819129034286,0.998822276078308,0.99882825122073,0.998832089975513,0.998837544725235,0.998839224703496,0.998844055291722,0.998846579488172,0.998914221102181,0.998920755426486,0.998924583597254,0.998925091090439,0.998931429012994,0.998932509416891,0.998935382732026,0.998937261391097,0.998939435752962,0.99894132771924,0.998944739935337,0.998945372134729,0.998952802770998,0.99895942428421,0.998963690328702,0.998967139615273,0.998971768806575,0.99897312479539,0.9989762182775,0.998978783050774,0.998985472556856,0.998986050308304,0.998988124072494,0.99899176186124,0.998995524664501,0.999000033285542,0.999002713653572,0.999003294147963,0.999008250357538,0.999019196789741,0.99902453991095,0.999026201596705,0.999032534976644,0.999033796418698,0.999036556675429,0.999040044841055,0.999045077859398,0.999048920670857,0.999054547055719,0.999057459092001,0.999064358402061,0.999066507246013,0.999069557845197,0.999075265311409,0.999081194198816,0.999085110255459,0.999090762213263,0.999091362264568,0.999097717775357,0.999100364489792,0.999103233984017,0.99910437467811,0.999110115228523,0.999111018301612,0.999113595299087,0.999115431209549,0.99911757143147,0.99911912848533,0.999121653318649,0.999122534707171,0.999125237842968,0.99913270585163,0.999134121792627,0.999136611973743,0.999139631672587,0.999140447457636,0.999142767492646,0.999142973075557,0.999147551909469,0.999148585254341,0.999152055794807,0.999153309101177,0.999154712848751,0.999157233705062,0.999161271433169,0.999162274384217,0.999166645584403,0.999167698536754,0.999174060780818,0.999174357392035,0.999175553982577,0.999176328799069,0.99917896998053,0.999180320850507,0.999184453547094,0.999187096169963,0.999188384511665,0.999189439349492,0.999190340351079,0.999192151839464,0.999195013163932,0.999196589777996,0.999198908149409,0.999201546408048,0.999203337462573,0.999205056444561,0.999206751203274,0.999207648074534,0.999209579915997,0.999209719416132,0.99921106611083,0.999211922865966,0.999214802444841,0.999215767065934,0.999220034538382,0.999222435081793,0.999225258027167,0.99922700563749,0.999228823015967,0.99923043198125,0.999232600692336,0.999233839293346,0.999236372876083,0.999236993316679,0.999237917439998,0.999239361689368,0.999243704789295,0.999244018079489,0.999246180009817,0.999246378412472,0.999248721065383,0.99925106045265,0.999252551323085,0.999254849626422,0.999257494528539,0.999257915166058,0.999261155019995,0.999261510326935,0.999264575167249,0.999266576696866,0.999267892800746,0.999268796738079,0.999271157419792,0.999271423492803,0.99927247515452,0.999273512900938,0.999276372343472,0.99927784900806,0.999278237341052,0.999279533605732,0.999282313331912,0.999283168014357,0.999283676312621,0.999284341615797,0.999286601586678,0.999288824492507,0.999289688232649,0.999290436008021,0.999292430958394,0.999294454672879,0.99929710049493,0.99929800347603,0.999300338025561,0.999302632514021,0.999304526925586,0.9993045682199,0.999306366829031,0.999306862240419,0.999309940882513,0.999310437171426,0.999313307817301,0.999314056142875,0.99931447054302,0.999315188164655,0.999317276930448,0.999318006019127,0.99932096333966,0.999321234406302,0.999323996948022,0.999325030392098,0.999327501633791,0.999329043835146,0.999330987905155,0.999331271299114,0.999332057299559,0.999332447707386,0.999335222519112,0.999336293051411,0.999336537932178,0.999336645562276,0.99933724296924,0.9993378401141,0.999338506375331,0.999338991121543,0.999340205953329,0.999340883658548,0.999343037906529,0.999343416710382,0.999346608966518,0.999346824961303,0.999350673005274,0.999353492451732,0.999354934215825,0.999355278711733,0.99935658422249,0.999356744060239,0.99935841052408,0.999361767227277,0.999366130380548,0.999366825056966,0.999368038526164,0.999368430267964,0.9993708086835,0.999372301686449,0.99937364575349,0.999375034199261,0.99937681985679,0.999376836700188,0.999379258121098,0.999379392527115,0.999381383868627,0.999382509986335,0.999385085319835,0.999386026877967,0.999387403205044,0.99938901460711,0.999391173522734,0.999391341108458,0.999392334639679,0.99939255847151,0.999393937006893,0.999394196418619,0.999395354611992,0.999395817030586,0.999397968096821,0.99939860238358,0.999399969710663,0.999400581305958,0.999401569329943,0.999401999915603,0.99940287993344,0.999404147457899,0.999405695792582,0.999406768500926,0.999407236739993,0.999408320734307,0.999409522624951,0.999409895963967,0.999410554078388,0.999411212707992,0.999412366336497,0.999412726488285,0.999413659098463,0.999414469664482,0.999415434581701,0.999416269466629,0.999416873910412,0.999417776518734,0.999418654333589,0.999418676958515,0.999420075026293,0.999420480780006,0.999422135090826,0.999422874362065,0.999423393083138,0.999424135046767,0.999425450942502,0.999425883456749,0.999426498673924,0.999427640294495,0.99942780531252,0.999428025111188,0.999428272219709,0.999428906425361,0.999430483762585,0.999430840929626,0.99943168009532,0.999431727775578
0.793120432112238,0.82926794631584,0.845280126739825,0.858990087481697,0.865078398701304,0.874241418515605,0.881729850456557,0.915411971731483,0.935463891831995,0.937329184746157,0.945171794939072,0.950992666708987,0.956615409830645,0.959292276969303,0.962240610622971,0.963907647683685,0.967505990782293,0.969140459303506,0.970793911445063,0.971748196939358,0.972823682555589,0.973650000840379,0.974316356013846,0.974483773363357,0.97618438088386,0.976495205598503,0.977215564255602,0.977576936996391,0.97818117903146,0.978267786801125,0.979362074028653,0.979565401327442,0.982850102781247,0.982972666255382,0.983380922531681,0.983606283914506,0.984070904889252,0.984130947400387,0.984505257674915,0.984599465878729,0.984846545383264,0.984939108684179,0.986990606910158,0.987657440771757,0.987896710227091,0.98801370549594,0.988299087737972,0.988412480360115,0.988476169628779,0.988509365381624,0.988686943154201,0.988809030393403,0.988903012554035,0.988981548723274,0.989088737217685,0.989162233104764,0.989296932138823,0.989341186943713,0.98940877777946,0.989425423169047,0.989515321942607,0.989537318781971,0.989603359546416,0.989630225078372,0.989678837552044,0.989688093238137,0.989705339190167,0.989722087148572,0.989760241399848,0.98980571932419,0.989838248832516,0.989850446913565,0.989894935306356,0.989904098282434,0.989975811135458,0.989990122523932,0.990029633590703,0.990048242512322,0.990096616040124,0.990126818035348,0.990306780144938,0.990316567311875,0.990339791118004,0.99037340500644,0.99040843564775,0.990426828628703,0.990449455582891,0.990459399858939,0.99048778208207,0.990495717639175,0.990521275095046,0.990536401648296,0.990563963043255,0.990568423347986,0.990590887959037,0.990610928008425,0.990631338179481,0.990640709945171,0.990661113165328,0.990670881076951,0.990699666080457,0.990722833806528,0.990748573556716,0.990756799681619,0.990768011689546,0.990776516756459,0.990792302472037,0.99080548183571,0.990821520516775,0.99083143302628,0.990839981701495,0.990916039616574,0.990934556294949,0.990946267231588,0.990964444676765,0.990970124331111,0.990980904529858,0.990986484616375,0.991000349973873,0.991007603659132,0.991017487741514,0.991026064059792,0.991085497403468,0.991091332061982,0.991096807923039,0.991103965692334,0.996251011616205,0.996265999007537,0.996274416031694,0.99627597956462,0.997149093990352,0.997153693710283,0.997175887834831,0.997183981348465,0.997189976461477,0.99719536099949,0.997432915757528,0.997441663259574,0.997447769854125,0.997453593220518,0.997459825935793,0.997472149629689,0.997481648376344,0.997483786998613,0.997496942202886,0.997500911350255,0.997502533658031,0.997506218057467,0.997518350773704,0.997522349603574,0.997527562527696,0.997532718782852,0.997551114743418,0.997553627514027,0.99756724978605,0.997576120441312,0.997583660625284,0.997587411680561,0.997642106589975,0.997647221214099,0.997652936222357,0.997659327948469,0.997669393496112,0.99767266278081,0.997677296661681,0.997683775942948,0.99769398458578,0.997698225893267,0.997765326862289,0.997774376673855,0.997881553295078,0.997883199061736,0.997885337067054,0.997886467452079,0.997890183701425,0.997892432305274,0.997897056396236,0.997901891341593,0.99790568716725,0.997907991964983,0.997912417283258,0.997916557475,0.997920175742304,0.997924750747126,0.998058522236709,0.998061075268579,0.998067019785009,0.99807046535608,0.998268355369483,0.998272679190287,0.99833812468594,0.998341604972488,0.998345796045603,0.998347885932956,0.998365043703086,0.99837014231935,0.998374911686157,0.998422817703218,0.998427839626051,0.998455638087798,0.998469903546511,0.998473979391948,0.998479586352184,0.998481872430223,0.998484068128626,0.998485563634654,0.998492104612623,0.998500350815171,0.998503210389476,0.998504114877945,0.998516295250532,0.998517985369662,0.998522298968462,0.998525624489025,0.998547767182746,0.998550861465369,0.998595666096272,0.99859966633291,0.998604416319419,0.998605044446586,0.998612383702494,0.998616589527143,0.998637817531898,0.998641376049326,0.998653019850671,0.998673708635848,0.998677822140607,0.998678459728946,0.998679686088853,0.998683846019364,0.998691340627837,0.99869448211033,0.998700933579723,0.998713503075646,0.998716791109049,0.998720067822048,0.998723301813063,0.998726474713042,0.998729284015373,0.998737364274994,0.998739364589547,0.998747992923456,0.998783502811908,0.998786759529561,0.998798303207425,0.998798537404775,0.998804607704348,0.998805550689522,0.99880758203854,0.998813750420617,0.998814962752665,0.998819513077777,0.998821658029222,0.998825307520565,0.998827615022862,0.998830056319655,0.998835592953621,0.998839116001079,0.998843541450675,0.998849831689306,0.998851069407968,0.998853559147371,0.998857128953819,0.998858157885013,0.9989927939096,0.998993495587874,0.998997655021568,0.99899803485116,0.999001266766337,0.999002034729131,0.99900449147976,0.999007866041021,0.999010322513396,0.999011049579932,0.999014514347795,0.999015388471871,0.999017241419755,0.999019882513153,0.999022727133142,0.99902405136437,0.999026795454795,0.99903010533286,0.999034390918922,0.999036480901484,0.999041732464405,0.999043407133951,0.999048014942552,0.99905745564719,0.999059062661469,0.9990613903463,0.999073416491355,0.999075068167872,0.999075954039441,0.999077862176893,0.999080653388107,0.999082231492187,0.999083475879413,0.99908575846924,0.999085994854328,0.999087956465204,0.999091776858679,0.999092575275816,0.999093762280978,0.999095903632705,0.999099529614273,0.999100248404445,0.999101287639417,0.999101785836347,0.999103331114864,0.999104492189162,0.999106060283583,0.99911031137915,0.999110981779129,0.999112327775458,0.999113379783491,0.999115336137673,0.999116046397446,0.999117575458018,0.999117994958915,0.999119008864463,0.999120284976635,0.99912069258947,0.999122957399254,0.999124094709515,0.999127186846183,0.999127746756652,0.999128320585559,0.999129582202833,0.999130557029113,0.999132017892295,0.999133283559113,0.999134339151593,0.999137435505127,0.999138484814417,0.999140030629959,0.999143047749338,0.999146004829337,0.999146097111662,0.999146942796825,0.999148108043367,0.999149696054639,0.999154439142693,0.999155669496905,0.999158656444035,0.999159749038624,0.999160266099997,0.999162841195405,0.999164096243501,0.999166060052516,0.999167397369315,0.999168817135742,0.999169323527989,0.999173266398754,0.999174525568044,0.999176858851693,0.999177345788755,0.999178225882317,0.999178436398281,0.999179893827096,0.999181351274033,0.999183820539809,0.999184672368056,0.999184827788902,0.999186200722106,0.999188758843429,0.999188894839642,0.999189405471052,0.999190621370593,0.999195052887948,0.999195332049839,0.999196079076405,0.999196864371579,0.999197525553027,0.999198010269575,0.999200519049187,0.999201409575751,0.999204098551504,0.999204236276004,0.999205600075715,0.999206842929491,0.999208562809908,0.999208938377503,0.99920999483732,0.999210786733973,0.999212837962536,0.99921335230306,0.99921561285442,0.999216253943862,0.999218374493097,0.99921983969028,0.999221019998351,0.999221820293371,0.999222515783153,0.999223578787981,0.999225731905063,0.999226353982639,0.999228598459131,0.999228801941935,0.999233573587188,0.999234059418742,0.999234336648555,0.999236072591728,0.999237623529264,0.999238480715705,0.999239027013371,0.999239567835416,0.99924029732394,0.999241240022813,0.999242044901196,0.999243282269704,0.99924429201548,0.999244720587826,0.999245574632156,0.999245776851669,0.999246668377903,0.999247274224725,0.999248432634056,0.999248441019575,0.999249365791621,0.999250242659104,0.999251671415806,0.999252206783653,0.999253024071711,0.999253557161289,0.999255037742737,0.999255519848321,0.999256188429008,0.999257824622487,0.999260963586119,0.999261461291981,0.99926200983496,0.999263267803399,0.999264910459376,0.999265861484162,0.99926990639844,0.999270604439779,0.999272596621398,0.999272934362868,0.999274022136698,0.999275438303,0.999275931313316,0.999276528626728,0.999277544186697,0.999278016861881,0.999279791589464,0.999280806947103,0.999281678136353,0.999282849408527,0.999283967552526,0.999284277795376,0.9992857875534,0.999285884536494,0.999286769992191,0.9992869880925,0.999289098264536,0.999289756642906,0.999291813706276,0.99929221236034,0.999292440898008,0.999292965517206,0.999294593137675,0.999294625933647,0.999296683155128,0.99929754149239,0.999298065464853,0.999298919827308,0.999299228377393,0.999299383910562,0.999300260167779,0.999300260168564,0.999301694505147,0.999301902483789,0.999303276892022,0.999304759202715,0.999305629564458,0.999307782883622,0.999309293245429,0.999310030328711,0.999310554556566,0.999311666304541,0.999312180487907,0.999312474078972,0.999313537918624,0.99931413506914,0.99931425561518,0.999314537350912,0.999317801767274,0.999317997366091,0.99932172038166,0.999322188845841,0.999322713647747,0.999323225238553,0.999323822143156,0.999324855473234,0.999325057208637,0.999325789446807,0.999327109210753,0.999327555298083,0.9993287255169,0.999329381304566
0.724964595539301,0.806241965615979,0.833947252207616,0.857537534199841,0.897428714622166,0.897448959042651,0.912349642350897,0.922780260082699,0.930438008620553,0.933485691904284,0.937280217978569,0.93902892594083,0.943138197398067,0.949764041025518,0.95585731480587,0.956883591759988,0.959377409518853,0.959575110724941,0.961028972687684,0.961842022068781,0.963206338653647,0.964205253461709,0.965670881909715,0.965881031792324,0.966507583206445,0.973471775420954,0.974652456205686,0.974999224717426,0.975419078640737,0.975719035823594,0.976668176125739,0.977142320975069,0.977423447200949,0.977898868122846,0.97818046624428,0.97829876371131,0.978543248809662,0.978879539378972,0.979820480277743,0.979865508362379,0.982054073550754,0.983093610184436,0.983270855994666,0.983440599025102,0.98410663361164,0.984310869416075,0.985197147014227,0.985222053210373,0.985642134445336,0.986099032495953,0.986179781586934,0.986257012274168,0.986402797052811,0.986438758802003,0.986490259470682,0.986535333604696,0.986605368425381,0.986632358283918,0.986676615510818,0.986710934303024,0.986964377804735,0.98699805324317,0.987088963189293,0.987186146076517,0.987261330051299,0.987278045785558,0.987408064436212,0.987452486430717,0.987538625539052,0.987561046895695,0.989108903616132,0.989428522034816,0.989608407398388,0.989664689318668,0.989700053933144,0.989711009931155,0.990143684891508,0.99017044742083,0.990298592256462,0.991272237063145,0.991729953042179,0.991734969476906,0.991978743522156,0.9919888279633,0.99203359500316,0.992040314695534,0.992077835383317,0.992148591261793,0.992178974054705,0.992188279551083,0.994348410956076,0.994383028934188,0.994443225013889,0.99461090530069,0.994659044986543,0.994851439341047,0.9949416744801,0.995187140705959,0.995210334229281,0.99523334145102,0.995262523336846,0.995301687103121,0.995314806947825,0.99542200568257,0.99543360153167,0.995436490796257,0.995456881529339,0.995508656202188,0.995883366970472,0.995966611950897,0.99634727292509,0.996355772651282,0.996396828053137,0.996432843772787,0.996523820146837,0.99654695672528,0.996755283604022,0.996812872474829,0.996887561081055,0.996911707609875,0.996997397655563,0.997112353196181,0.997169065521394,0.997173026706126,0.997362414092507,0.99737612357377,0.997441297568936,0.99750611650069,0.997574581586548,0.997685669252578,0.997694256418352,0.997721913521621,0.99773461600234,0.997901281803474,0.99794313486734,0.997949285214804,0.997963487959619,0.997991362483917,0.998061263937413,0.998071855510284,0.998078285619242,0.998089059818843,0.998101360328768,0.99813479232737,0.998177657905199,0.998208716046112,0.99824760279341,0.998253903164821,0.998293227376133,0.998302078215233,0.998331631937648,0.998336269372392,0.998345506709972,0.998349537684257,0.998375098440003,0.998380777586061,0.998394429996275,0.998400433609081,0.998410057306866,0.998412034311966,0.998426930671791,0.998430273578742,0.998434259738272,0.998439040393901,0.998453505321961,0.998458410195124,0.998475439002974,0.998481524554339,0.998487170061585,0.99849023264822,0.998494666944276,0.998499673973354,0.998515158835218,0.998515738173953,0.998528891781022,0.998582176526144,0.998592288438739,0.998595510035876,0.998600593259077,0.998602656114243,0.998610044931354,0.998614654228814,0.998627157086842,0.998631617730122,0.998642625278655,0.998643411042878,0.998645790007955,0.99864734606896,0.998652237748293,0.998656200685832,0.998658200872788,0.998660801728392,0.998672905459722,0.998675085396601,0.998682135067611,0.998686637042789,0.998702223931166,0.998708792935239,0.998715513078254,0.998717059157105,0.998728625461153,0.998732137339875,0.998736713390302,0.998738973382467,0.998746352282453,0.998748559610406,0.998750873641063,0.998753244055715,0.998761871212571,0.998763792085757,0.998768507592799,0.998769899172135,0.998779088255676,0.998780031976369,0.998794321215811,0.998801177281537,0.998805301478866,0.998806648061787,0.998810558874622,0.998813951780232,0.998821114121423,0.998821847025677,0.998826956678021,0.998827245752575,0.998830254250263,0.998833489738288,0.998836109486691,0.998838241885136,0.998841975560675,0.998845805007333,0.998852257631286,0.998855245439072,0.998859046498452,0.998859623212358,0.998866275174711,0.998868695055673,0.99887770837093,0.998879800398563,0.998882779724444,0.998883820495328,0.99889193679563,0.99889251548747,0.998898966847393,0.998902452492969,0.998907343029205,0.99890926464254,0.998915834127013,0.998917148806493,0.99891915014464,0.998922971240361,0.998929342930901,0.998932264326133,0.998935791752142,0.998941825223234,0.998945564978169,0.998946643032402,0.99894880288013,0.998951770462079,0.998954282469213,0.99895786081397,0.998959687408992,0.998962919087483,0.998964507397844,0.998967989824334,0.998971933745258,0.998974882248954,0.998982522571749,0.998983885335119,0.998988969282374,0.998991542639782,0.998996534019307,0.998999011796442,0.999002352022225,0.999002790074364,0.999005385096239,0.999006531378631,0.999011864265471,0.999013328153622,0.99901648520692,0.999017852655895,0.999019709843082,0.99902180583969,0.999026049317606,0.999026909846159,0.999029109433774,0.99903040415378,0.999034251263156,0.999035200435074,0.999037904676225,0.999038515942436,0.999042905853506,0.999043758537712,0.999046110984793,0.999047799957785,0.999050082994615,0.999051203905969,0.999054351052173,0.999056716007607,0.999064541525901,0.999067916510322,0.999070811290065,0.999074085780814,0.999077318063861,0.999078683572592,0.999079986130634,0.999082083246409,0.999083040959137,0.999083402172449,0.99908452437271,0.99908671657581,0.999089392277182,0.999089901875868,0.999096421828643,0.99909788614864,0.999099768044411,0.999102607338778,0.999108479669709,0.999108649557635,0.999109816720788,0.999111964988058,0.999114998626188,0.99911502324562,0.99911635110289,0.999116916670091,0.999123082126767,0.99912512473482,0.999127840415021,0.99912869737739,0.99913434936314,0.999134838121647,0.999138007869873,0.99913887785843,0.999142832347143,0.999144256022411,0.999145612845108,0.999148789242928,0.999152637791588,0.999153990072068,0.999156244580163,0.999156486088841,0.999158647563077,0.999159607162417,0.999162029545366,0.999165295767861,0.999166011044845,0.999167887647952,0.999169028221001,0.99916943192596,0.999171865031662,0.999172317606984,0.99917379025423,0.999174774105629,0.999175875128615,0.999177066381094,0.999179247984815,0.999180372824208,0.999184456443594,0.999184944827539,0.999186151873319,0.999188703156729,0.99919010885782,0.999191670452527,0.999197149217741,0.999197924664893,0.999199322156781,0.99920256395679,0.999203597138668,0.999205434147699,0.99920665724388,0.999207986074218,0.999208663564968,0.999210283097203,0.999213560021532,0.999214750189901,0.999216080816629,0.999216724734592,0.999218546832681,0.999218647599394,0.999220411758741,0.999221040767966,0.999222192597943,0.999223398980472,0.999223971189408,0.999225655955695,0.999226163161899,0.999226952234791,0.999227687778804,0.999229771744939,0.999230915710612,0.999232927671767,0.999233915857715,0.999234905935045,0.999235282068104,0.999236311610983,0.999238203076523,0.999238565467697,0.999239299505974,0.999240629697135,0.99924233026316,0.999243015893684,0.999246202101791,0.99924630517966,0.999247122415881,0.99924908597438,0.99925101844114,0.999252081477126,0.999254847369056,0.999255458627648,0.999257429671906,0.999258419405249,0.999260452696196,0.999261690747833,0.999262176544358,0.999262556011766,0.999263873603783,0.999264440394188,0.999265275877619,0.999265690513756,0.999266361739882,0.999267119982332,0.999267988763074,0.999268259322271,0.99926964309991,0.999270085250945,0.999271657520288,0.999272434623671,0.999274162345033,0.999274488874195,0.999275706805288,0.999276045545719,0.999277174563757,0.999277453042603,0.999278454831245,0.999279120983885,0.999280579173601,0.999281556224471,0.999282478401247,0.999283317982058,0.999286269900811,0.999286302265848,0.999288281272839,0.999288446072267,0.999290086592795,0.999290873184552,0.999291820886953,0.999292647224803,0.999294005163291,0.999294607636844,0.999297745314836,0.999298163374127,0.999300619721353,0.999300902135408,0.999302338414628,0.999303268260613,0.99930454824992,0.999304707426916,0.999307323214965,0.99930744396186,0.999308557861772,0.999309430661808,0.999310509738445,0.999311230989462,0.999312641464183,0.999313539948766,0.999314749792366,0.999315158619043,0.999317955582131,0.999321871937362,0.999322725362595,0.999323558064418,0.999323820805482,0.999324399984583,0.999324795952509,0.999326493205087,0.999326893421327,0.999328640226058,0.999329463976503,0.999331036459832,0.999333204618454,0.999334059216152,0.999335169012674,0.999335339376349,0.999335976789533,0.99933705996082,0.9993376013137,0.999338127018771,0.999339824390431,0.99934006262247,0.999340930243302,0.999342439450113,0.999343406618421,0.999343935397198,0.999345064946637,0.999345503546226,0.999345931867631,0.999346879008073,0.999347708319516,0.999348313100189,0.99934875642423,0.999350054242253
0.772713000134226,0.811264790990254,0.833705890312994,0.848319030915963,0.871951333190998,0.891724478038855,0.922055141984431,0.923930424401489,0.931126280186282,0.932884725644916,0.95377065150907,0.954493430731011,0.958529738788869,0.960258195848843,0.964355494179867,0.965095219610087,0.96612131313759,0.968069631567154,0.968884854084477,0.969464861610171,0.974335113503047,0.974965986928648,0.978733532589417,0.978853525932152,0.97909739216846,0.979241810511399,0.979489291555401,0.979558321574037,0.979966270803963,0.980250052492687,0.980587461462571,0.983554314072868,0.983721801220587,0.983823246514118,0.984043300130823,0.984211127993306,0.98437630414043,0.984487909203991,0.984547970418508,0.984600966457677,0.984719996109805,0.984792246535893,0.984846247860171,0.984932785607861,0.985015109433887,0.985053474183778,0.985412552353563,0.985482915165892,0.98678460532606,0.986828837126881,0.98699956638239,0.987048761243811,0.987208114487614,0.987227794978217,0.987453899026327,0.987524457317083,0.987567209344005,0.987620134067573,0.987698615157338,0.987716898541326,0.987776796238806,0.987831868162625,0.987865381235466,0.987910479966892,0.988141413009067,0.988153280335334,0.98818242930339,0.988190796690365,0.988220395333574,0.988240361911637,0.988262714281012,0.988333430721574,0.98835693838161,0.988367944925904,0.988398767573002,0.988413828087921,0.988441146746703,0.988455000355712,0.988502931071858,0.988513617197467,0.989106756605884,0.98912803003835,0.989167960496442,0.989174710286306,0.989485434492495,0.989496707332254,0.989514524064293,0.989642944303244,0.989670517831033,0.989686600853496,0.989725274855864,0.98974089507256,0.989763309292853,0.989772667206651,0.989796312503812,0.989871118688056,0.989908967840404,0.989914922671404,0.989924138046363,0.989932374467348,0.989943525450766,0.989972908003375,0.989991454920351,0.989995993034018,0.990021781351268,0.990029735927073,0.99285132004468,0.992857643801454,0.992870389002105,0.992880398534741,0.992889847396752,0.992897299801989,0.993027539761061,0.993039034370901,0.993059734923988,0.993065419437719,0.993071835689208,0.993083685401648,0.993091005157454,0.993097363115546,0.993107808663853,0.993114607714438,0.993119972773873,0.993123211471832,0.993137784560778,0.99314324067157,0.99315333355097,0.993156132307043,0.993161253666761,0.993173882050565,0.993177888199293,0.993179765248669,0.993188110230725,0.993190731607398,0.993195896368442,0.993589951746717,0.993606756419042,0.99409982170073,0.994105166976317,0.994109965802158,0.994526547931149,0.994556616722415,0.994579941709763,0.994585557611888,0.994607938562937,0.994614484989236,0.994640353561859,0.994643111435104,0.994688106562102,0.994694971144092,0.994798656141156,0.994825010751632,0.994831509486722,0.994839482136555,0.994846824330993,0.994878455777179,0.994886765541527,0.994888452283097,0.994896996920156,0.99490117432126,0.994949919279987,0.994950378034909,0.994976117250566,0.994980081250898,0.994987453897509,0.994990011318715,0.99500204842473,0.995006837020109,0.995021453673166,0.995026801043427,0.995034444320957,0.995046303141784,0.995058504657078,0.995062070910325,0.995072506993947,0.995074234355875,0.99508541778616,0.995095949206399,0.995169214769836,0.99517157534279,0.995195132941553,0.995214982077902,0.99522260427306,0.995224521341615,0.995233050289119,0.995234182610714,0.995240965519597,0.995243249275728,0.995644820382448,0.995649010773765,0.99602382672129,0.996027685630962,0.996090930445604,0.996167557980404,0.996205625508396,0.996235516248708,0.996258991996591,0.99626263702652,0.99626415988217,0.996267633189687,0.996336109942904,0.996572288286369,0.996618401209539,0.996620341117552,0.99667662909174,0.996677290806394,0.996719318227776,0.996824918690856,0.996894552151694,0.996902697819174,0.997082804146638,0.997085556671578,0.997144094738395,0.997191522634968,0.997341338645415,0.9974302505467,0.997518509052626,0.997519563010255,0.997573179740601,0.997581683039077,0.997681955343154,0.99778293635787,0.997951920457609,0.997954841834584,0.998022239050084,0.998022679612862,0.99804738206213,0.998051212868246,0.998127609343016,0.99813192148883,0.99815263713671,0.99816416314857,0.998221884379605,0.998226555434502,0.998249850830362,0.998256511790479,0.998273893773741,0.998276337373298,0.998300672337534,0.998303137794106,0.998376519730271,0.998406999588651,0.998416393936371,0.998436475167562,0.9984541674441,0.998457734063767,0.998483029864257,0.998483264432084,0.998497225591215,0.99849948663896,0.998503091511978,0.998509166540393,0.998546068436103,0.998549587820378,0.998580439876398,0.998596163961245,0.998631108401838,0.998639948749959,0.998642527196418,0.998656487953581,0.998669996259208,0.998671448050381,0.998689196031829,0.998696450150942,0.998698908451146,0.998707328815321,0.998713615851901,0.998714626701229,0.99873066681602,0.998732668768697,0.998734701288454,0.998736839123412,0.998744212927224,0.998756561175044,0.998763591967668,0.998765744584945,0.998770244588791,0.998771205980733,0.998783019039346,0.998787267753046,0.998794288307863,0.998795397860812,0.998801619908566,0.998802545522783,0.998812911528323,0.998814782123805,0.998818435807825,0.998822777724976,0.998825839976448,0.998831498034308,0.998834913316593,0.99883670981506,0.998845345423447,0.998847382554353,0.998858463575953,0.998865784077451,0.998869815862076,0.998870981688919,0.998875204326061,0.998877692043032,0.998880083604034,0.998880128053574,0.998883836815605,0.99888573241077,0.998887551513684,0.998888406255755,0.998889620621032,0.998890433763372,0.998891079040412,0.998894797189656,0.998902178965175,0.998903068199345,0.998904385617582,0.998904451548482,0.9989046862169,0.998907812929835,0.99891116203828,0.998911708373595,0.998917689386766,0.998918874678572,0.998922622824353,0.998923432800111,0.99892632904954,0.998931169786643,0.998938937405333,0.998940833571412,0.998943047618818,0.998945472672662,0.998947078173322,0.998947776818609,0.998949906861137,0.998950503457932,0.998951770196156,0.998952076819484,0.99896147023909,0.998963669670155,0.998965704457769,0.998966380312078,0.998970862608646,0.998971101983369,0.998973988794747,0.998979373768432,0.998982872363731,0.998984107295256,0.998986607071725,0.998987908415545,0.998990023856501,0.998994205268592,0.998997329768259,0.998998128255289,0.999003602786706,0.999005854458976,0.999012356142694,0.999013121237779,0.999013486806994,0.999016743320407,0.999018546952284,0.999019993240365,0.999020833495721,0.999022891562303,0.999025104000429,0.999027867051207,0.999029488734563,0.999031269419472,0.999033773992313,0.999033865756519,0.999034571425042,0.999035151167361,0.999039363198921,0.999040272112583,0.999046263206357,0.999047112034257,0.999049719975888,0.999050234548856,0.999052258162897,0.99905576673747,0.999057556296436,0.999058502017321,0.999059620672299,0.999059889070265,0.999061469826815,0.999062251133249,0.999064676087185,0.999066339325455,0.999069066171883,0.999070261601169,0.999072660082347,0.999075454554365,0.999079205511203,0.999080001108293,0.999081897447851,0.999082602547858,0.999083612026716,0.999084421281398,0.999085560112941,0.999086282764147,0.999087901540158,0.999090076075291,0.999090801351099,0.999092487432285,0.999096312690127,0.999097359981089,0.999098418328214,0.999099049322716,0.999105026957651,0.999106510864808,0.999107051621485,0.999107439114214,0.99910856118655,0.999109736437351,0.999111035772707,0.999112069606658,0.999115019384015,0.999115412626448,0.999117908962183,0.999119579846301,0.999120353126257,0.999120617894441,0.999124809481477,0.99912663080318,0.99912814274915,0.99912841752593,0.999129819997445,0.999132279455851,0.999133578313293,0.999134285401538,0.999134968806201,0.999135222631734,0.999136227397393,0.999137041675826,0.999137885467983,0.99913848419056,0.999139500591184,0.999139832646956,0.999141560383931,0.999142221029202,0.9991425472759,0.999143309488624,0.999144682266534,0.999145559935397,0.999146738148374,0.999147538304364,0.9991483279224,0.999148955190187,0.999149449525455,0.99915136366447,0.999152435736935,0.999152624222435,0.999153205195009,0.999153642302457,0.999155089252332,0.999156143405808,0.999157234726106,0.999159687304245,0.999160976812084,0.999161763551332,0.99916280574532,0.99916351133709,0.99916513831951,0.999165542823227,0.999166623723365,0.999167723342723,0.999169368920716,0.999170671030307,0.999171679347097,0.999172145721166,0.999173295641009,0.999173702287551,0.999175104916906,0.999175321471045,0.999176753194108,0.999177349740947,0.999177884571547,0.999178602109359,0.999178753825008,0.999179206046815,0.999179515828496,0.999179565109353,0.999181169791549,0.999181938731647,0.999182655582515,0.999182919726454,0.999183552397024,0.99918651173988,0.999187261856941,0.999188191699634,0.999188438820349,0.999189250421626,0.999190012380126,0.999190135398888,0.999190660096439,0.999191063848037,0.999192137132988,0.999192550952266,0.99919293688575,0.999193769369696,0.999194460535612,0.999194618287253,0.999195844861697,0.999197356233636
0.768104642105231,0.839765181966922,0.873121941963416,0.905999599355684,0.90630218045346,0.910836489808319,0.926372724040954,0.935748759470044,0.946275434879361,0.947337674989968,0.962577177442864,0.971815971981041,0.977256211230236,0.980438055378616,0.981523401513826,0.982764760436928,0.984249863460282,0.98458021552313,0.987783568292411,0.988225834087807,0.989341780851913,0.989965260442124,0.990980061761727,0.991182858517641,0.991775184818191,0.99206916819623,0.992450772576095,0.992864415341709,0.993224665921927,0.993316728231749,0.993870181550639,0.994050156475161,0.994369706004317,0.994444745855649,0.994555637139839,0.994671630091428,0.994814537174259,0.994930443071269,0.995042647567333,0.995180110829045,0.995384359653053,0.995410385140288,0.99554071215965,0.99561166195956,0.995749889141267,0.995765082188518,0.995816255956348,0.995861029636137,0.995941507640339,0.995999656142281,0.996040131859067,0.996105786897616,0.996171492909497,0.996226620419742,0.996319174210841,0.996348337435283,0.9964007033005,0.996433714195106,0.996458447245376,0.996494902016891,0.99654527565335,0.996578869569579,0.996901314972184,0.996960196022647,0.996996113592962,0.997027790274749,0.997125730907255,0.997130548230691,0.997185535058986,0.997201626353529,0.99729208999604,0.997344796071976,0.997416530342559,0.997437540587467,0.997508039718176,0.997545458796586,0.997573533856692,0.997580466026828,0.997590062062047,0.997613618359676,0.997675496201396,0.99768728424446,0.997700323585983,0.997710785758774,0.997734292643635,0.997754915596271,0.997797669565397,0.997803669581302,0.99783723592209,0.997850097132948,0.997863888080486,0.997876466747485,0.997897035358802,0.997916958963292,0.99794313935692,0.997952203545635,0.997981546686589,0.997998986064602,0.998006898304286,0.998008606719887,0.998024855916459,0.998038435983796,0.998055996920448,0.998065538784013,0.998080695572078,0.998086154958607,0.998101078796033,0.998102092606063,0.998158640873732,0.998163638651631,0.998176762066169,0.998185497244126,0.998200494057698,0.998206239077398,0.99821750637004,0.998225188687184,0.998250281685526,0.998259401480062,0.99826969323538,0.998271217803945,0.998277446522807,0.998289471661654,0.99830227624213,0.998307812528937,0.998313072793201,0.998323141336476,0.998329680721157,0.998332967912364,0.998347217273558,0.998349136592438,0.998363989407191,0.998374950377471,0.99839516413842,0.998406738164786,0.998416520645396,0.998422191635081,0.998435832408819,0.99843792529778,0.998445319259197,0.998455530612275,0.998469031271818,0.998469654654281,0.998479053344003,0.998479578721371,0.998486556367816,0.998492596868645,0.998503963058634,0.998508853519512,0.998515720182144,0.998519928109419,0.998530260827794,0.998535599223955,0.998540516787116,0.998543925469964,0.998550557218943,0.998556635199021,0.998562959501186,0.998565918509779,0.998586273156875,0.998588665705502,0.998593392386177,0.998598238598886,0.998608853662182,0.998617653605378,0.998625117640002,0.998631377947149,0.99863686803497,0.998640332858632,0.998644898071226,0.998648390782121,0.998654656374234,0.998660822015633,0.998670740190005,0.99867281278156,0.998678058544812,0.998678820762763,0.998682290764795,0.998685881619559,0.998688239727114,0.998692151020163,0.998705285962674,0.998711367064127,0.998715684123781,0.998718163883556,0.998719682286793,0.998722292151749,0.99872801326559,0.998730335651551,0.99873359375596,0.99873696418005,0.998741558368968,0.998745171045211,0.998751253710968,0.998752583804164,0.998757548187423,0.998760579127675,0.998764769198236,0.998765781099725,0.99877032534935,0.998773171874427,0.998782421212571,0.998784807188436,0.998790997398695,0.998794220522037,0.998799693758038,0.998800265022404,0.99880650809453,0.998808307726034,0.998815424590807,0.998817257362564,0.99882958305684,0.998830809198446,0.998835821339963,0.998840154298379,0.998844298562284,0.998846714993632,0.998850765702112,0.99885201676012,0.998855175991028,0.998859043098966,0.998863636399363,0.998865205688126,0.998870731944723,0.998872928697009,0.99887662341845,0.998878312552027,0.998881882703079,0.998883037662621,0.998885056185893,0.998889572781403,0.99889178067754,0.998897053715178,0.99890563385143,0.998907075777299,0.998910187422802,0.998912709111577,0.99891479344217,0.998915571939769,0.998918701228515,0.998920857814698,0.99892408936487,0.998925461177395,0.998927461829621,0.998930115912358,0.998933275155467,0.998934439242659,0.998938331071074,0.998939650008863,0.998941511861684,0.9989438635246,0.99894664338413,0.998950394915485,0.998952901122882,0.998953664521086,0.99895592878332,0.998959061120187,0.998961285182551,0.998962102196751,0.998965646186573,0.998967194537085,0.998970274544559,0.998973792989042,0.998977407065995,0.998980769233155,0.99898221925324,0.998983267406646,0.998988364060181,0.998991886003839,0.999004074297837,0.999004552307682,0.999006833739781,0.999008230032542,0.999012782308779,0.999013250308582,0.999015676034929,0.999018687130654,0.99902227103323,0.999024132123327,0.999025685843233,0.999027288643136,0.999030160349123,0.9990315019525,0.99903248443392,0.999033783407145,0.999036549846663,0.999039850520153,0.999041136778617,0.999044832228145,0.999048310361977,0.999052789046543,0.999053513889712,0.999054385584489,0.999058543004872,0.999060918707129,0.999064217978916,0.99906543734848,0.999066857233212,0.999068223519908,0.999071537873917,0.999072380128996,0.999074223978358,0.999075257743555,0.999078345321551,0.99907987208733,0.999082528995312,0.999083219983902,0.999084744585069,0.999087236684991,0.999090601546432,0.999093644688521,0.999094283245043,0.999095712356387,0.999098816184142,0.999100590960689,0.999103041211066,0.99910480849615,0.99910724875122,0.999107658409106,0.99910921224256,0.999111145758183,0.999112831769318,0.999113887861027,0.999116815398364,0.999118082200645,0.999121014604847,0.999122091638655,0.999124299439747,0.999126544644781,0.999129538777456,0.999131397515377,0.999134357475228,0.999136657253963,0.99913724506959,0.999137858472184,0.999139761110037,0.999140594132587,0.999143602793476,0.999144930625998,0.999148378836749,0.999148778907112,0.999153977811716,0.999155863231758,0.999157754923051,0.999159483910893,0.999160848755953,0.999161039212021,0.999165670677843,0.999166741490593,0.99917016757928,0.99917112365842,0.999174403943834,0.999177876406557,0.999181167413728,0.999181494721172,0.999182935157205,0.999183513948133,0.999184710682262,0.999185967412705,0.999188205309588,0.999188861119722,0.999194533633996,0.999194580491215,0.999197580378411,0.999198068832952,0.999199059321225,0.999199069600997,0.999200323748842,0.999203125609414,0.999205407976024,0.999206267824537,0.999207325590268,0.999209228209335,0.999210391277146,0.999210682247974,0.999213169490768,0.999215440348665,0.999218047789567,0.999218373115354,0.999220359375797,0.999221115030835,0.999222987086628,0.999223962207762,0.999225524941539,0.999226150912594,0.999228396557825,0.999228805327341,0.999230636507808,0.999231732082736,0.999233435314153,0.999234073796204,0.999235698870316,0.999237338285003,0.999238640442953,0.999239911908365,0.999240661772951,0.999241682966892,0.999243096348005,0.999245013233882,0.999245554505336,0.999246601384919,0.999249720107828,0.999249767568633,0.999252099164409,0.999253693666931,0.999256042402082,0.999256989317797,0.999258427450507,0.999259023517332,0.999260395591939,0.99926127357848,0.999262292440578,0.999263278956162,0.999265496725893,0.999266624165381,0.999268912860531,0.999269646651455,0.999270752867298,0.999272417451544,0.999273060246299,0.999274612696535,0.999275524056071,0.999276273353939,0.999277643037646,0.999278253368772,0.999279772755149,0.999280182393968,0.999281373751358,0.999282686038737,0.99928454491836,0.999284855396046,0.999285417483388,0.999286314228677,0.999289055145618,0.999290206900903,0.999292646855308,0.999293499264898,0.999294138018362,0.999294691999409,0.99929617774485,0.999296811201415,0.999298120369074,0.999298460812708,0.999300167644926,0.999301273651574,0.999301896768796,0.999302151789137,0.999302841431535,0.999303234034869,0.999303733454719,0.999304672674271,0.999307363623349,0.999308705323689,0.99930999786018,0.999310288547187,0.999311094354075,0.999312345423506,0.999313767324098,0.999315379845684,0.999316393718604,0.999316960928529,0.999317753892727,0.999317959830622,0.999319269120752,0.999319520357646,0.999320092523152,0.999320212927839,0.999321797904854,0.999322388191294,0.999322749596986,0.99932402371692,0.999324736427892,0.999325464508554,0.999327962888934,0.999328671260507,0.999329839632225,0.999330602289307,0.99933074252972,0.999332641925387,0.999333032096656,0.999334196242901,0.999335964333244,0.999336439498354,0.999337550039625,0.999339316837296,0.999340767137075,0.999340977772869,0.99934171806992,0.999342548173599,0.999343546825997,0.999344072315375,0.999344785067167,0.999345600106476,0.999346328123068,0.99934688215062,0.999347659702395,0.999348762075374,0.999349665184488,0.999350252895636,0.999350633697533,0.999351359339872
0.799184839330792,0.803258126000077,0.847493734138585,0.878183873755949,0.912093156809442,0.935814983766652,0.955668870259667,0.957477885098372,0.961881462174344,0.963502044688794,0.966996960790899,0.967870907938376,0.970447292001304,0.97208618457944,0.973508747667833,0.97426177909242,0.975312280288277,0.975719098711304,0.976567801164613,0.976867611753335,0.977397561841588,0.977643235219339,0.978259878468023,0.981348398223389,0.981781300703269,0.981872903087825,0.982503974846394,0.982703096449133,0.984502295873935,0.984604867294695,0.984940519551428,0.985077229428776,0.985293607755383,0.985407911615281,0.98556387780967,0.98574338375747,0.985805031076683,0.985915458589536,0.986092830020739,0.98616026211062,0.986244961893162,0.988253105501543,0.988476742319349,0.988517656026301,0.988610429189033,0.988793105936901,0.98887862527751,0.98890902098733,0.988974513778191,0.989022337367643,0.989140467129625,0.989174577138628,0.989253351330151,0.989272762786669,0.989441142427316,0.98944845798926,0.989509271178746,0.989521053300425,0.989569168657221,0.989583605817272,0.989626963196327,0.9902150576376,0.990287307936868,0.990323223778105,0.990369345818821,0.990391016250214,0.99042166127023,0.990445008675426,0.990485220621893,0.990508002638576,0.99052793813044,0.990533627948348,0.990563221040163,0.990587191816224,0.990690482699506,0.991479888652563,0.991562556489572,0.991572349547296,0.991592653399347,0.99172636241718,0.991753383143526,0.991768062302478,0.991795598339069,0.991813191858704,0.991822104546104,0.99182654828475,0.99184372717234,0.991848717051049,0.991868582726194,0.991874182815719,0.991992142476424,0.991996994140723,0.992015055796264,0.992018735432412,0.992033486153464,0.992040744439064,0.99205575149193,0.992064009802195,0.992086419555727,0.992089272954371,0.992511107477831,0.992530692572166,0.992619223072787,0.99262450167224,0.992736865575224,0.992740186052485,0.992751671577708,0.992758346912107,0.992777938171654,0.992785267848864,0.992795116417268,0.992834457987316,0.992855977970611,0.992861530621416,0.992875518779412,0.992877535016243,0.992896588851754,0.992914696770006,0.992928523541112,0.992936570241274,0.992957155019613,0.992964579339448,0.993013715982809,0.993022799436358,0.993034768299416,0.993042594163765,0.993065715789605,0.993070358868353,0.993083724849534,0.993086790879808,0.993267321464259,0.993268949429334,0.993282367483527,0.993286108568823,0.99331858161791,0.993322528361581,0.993343815916774,0.993350260240329,0.993355397237467,0.993359689842545,0.993371909549231,0.993377419093125,0.993380595110435,0.993382871206674,0.99339776447806,0.993402909395596,0.99350148059837,0.993505093398306,0.993523373023687,0.99352952893557,0.994229028944641,0.99423312845707,0.994417540987126,0.994424500360225,0.994429928483629,0.994435643068676,0.994439085228826,0.994440957057255,0.994463852927352,0.994466863031,0.994632306793565,0.994636606618825,0.994874670439155,0.994875430028496,0.995017469383139,0.995025326563157,0.995174305033289,0.995202028978407,0.995360354613379,0.995449956345311,0.995569366898593,0.995574406180444,0.995613888121905,0.995616320056029,0.995624739661894,0.995751689881361,0.995767264132175,0.995768286168581,0.995770213509518,0.995908798241189,0.995916213616825,0.99591912472737,0.996006960919268,0.996028927400961,0.996047718574873,0.996315578588515,0.996322793465297,0.996326855120948,0.996368475800074,0.996521302813335,0.996523483938027,0.996524207190466,0.996563668697334,0.996640249220111,0.996643475235017,0.99664447464513,0.996958197537095,0.996959878829727,0.997007411069064,0.997009062909326,0.997013584050522,0.997041817040003,0.997071092271041,0.997072068053586,0.997154408880092,0.997163504617058,0.997172211849663,0.997248511065111,0.9973609123955,0.997430130687255,0.997492714057025,0.997495806668488,0.997508706838947,0.997583577226001,0.997629812544931,0.997630175777052,0.997678475784128,0.997798983931452,0.997830720586618,0.997832176531272,0.997853189768138,0.997871911215403,0.997927734515698,0.997931308152172,0.997977191676865,0.997983848066335,0.998039192842618,0.998118111808836,0.998151402357031,0.998182028526631,0.998213353659916,0.998230208011132,0.998241983899665,0.998283654180687,0.998301673187492,0.998306946439215,0.998319131936744,0.998327466232492,0.998403480415449,0.99840541489431,0.998408354326358,0.998418390209959,0.99842878035448,0.998459968570618,0.998472714847242,0.998489114708452,0.998498292334035,0.998498530176552,0.998507511884339,0.998515868886448,0.998524917455015,0.998533961487617,0.998559183108863,0.998566537363482,0.998594951337255,0.998602043494653,0.998617479718143,0.998624355049681,0.99862951485309,0.998631181786971,0.998640409330005,0.998659469937175,0.998684405153044,0.998687225555872,0.998690842068447,0.998695596270737,0.99870669463489,0.998720206566411,0.998723739608468,0.998732319984078,0.998736976399542,0.998738352476004,0.998746973876323,0.998749105974022,0.998752064155378,0.998752527345569,0.998758467546854,0.998759873395909,0.998767533155227,0.998768356039786,0.998782902920025,0.998786187387676,0.998791028201345,0.998792629054147,0.998794363297649,0.998796909519345,0.998816835679625,0.998817646197297,0.99882105907615,0.99882797212074,0.998833717098506,0.998837586893669,0.99884729770906,0.998851469975715,0.998853783542574,0.998860109661655,0.998868340496289,0.998870648603578,0.998871254629127,0.998873016009071,0.998879383530457,0.998884782025473,0.998890569429632,0.998892160175465,0.99889649711709,0.998900259079387,0.998902444048543,0.998903869741321,0.998907214615538,0.998908989822258,0.998915167089158,0.998921024343154,0.998922642704285,0.998924017620172,0.998926160923722,0.998927040113112,0.998931837806797,0.998933719920694,0.998937571741885,0.998940147185671,0.998948367514835,0.998949858175036,0.998952937124031,0.998954030283117,0.998959063429797,0.998960489325098,0.998961702666555,0.998962757284101,0.998964013054352,0.998964363167623,0.998968850576236,0.998969398996116,0.998970343357166,0.9989748762979,0.998978603197712,0.998979785665373,0.998984075969447,0.998984607494703,0.998985624263018,0.998986651055766,0.998988498321861,0.998990232365994,0.99899110703614,0.998992552634993,0.998994474452735,0.998995375271045,0.99899880221652,0.998999829777763,0.999002791074443,0.999004711819962,0.99900667433539,0.999007520441328,0.999010227462997,0.999011023078453,0.999012919201187,0.999014328295221,0.9990149887842,0.999024159689327,0.999026201012017,0.999026599344493,0.999028296181008,0.999029246799441,0.999030068036641,0.999030994175246,0.999032649013166,0.999033602964045,0.999036171898627,0.999036671071107,0.999041155707793,0.999041593312831,0.999043079574918,0.99904347979691,0.999044913466827,0.999047564807665,0.999048598222279,0.999049130316219,0.999050514472513,0.999052111860402,0.999055196504585,0.999055912854082,0.999057978030649,0.999058351787506,0.999058993699707,0.999060585416473,0.999061983628935,0.999062220764296,0.99906265652789,0.999064026201425,0.999065909133369,0.99906652411027,0.99906765746619,0.999068588299396,0.999069769456508,0.999069902206055,0.9990723071131,0.999073452568193,0.999074812092067,0.999075762612366,0.999076513181196,0.999077394580276,0.999080759730409,0.999081147122885,0.999081227995892,0.999081927313482,0.999083808559039,0.999085749893969,0.99908704398819,0.999088118048162,0.999090995831519,0.999092266275621,0.999092889221482,0.999093014155239,0.999093490791705,0.999093905775428,0.999095082384977,0.999095557404644,0.999096694477661,0.999098400809388,0.999101151072343,0.999101695234011,0.999103153549426,0.999103446750956,0.999104090676816,0.999104575882801,0.999106775857463,0.999107668406194,0.999109549980891,0.999109595045902,0.999113225594887,0.999114165143244,0.999115412549183,0.999115803445426,0.999118833162733,0.999120244185933,0.999122142308415,0.999123257677331,0.999123879276392,0.999125095741847,0.999126238601773,0.999127381736688,0.999128877248757,0.999129152327532,0.999130674943355,0.9991309160524,0.999131169773142,0.999131798977113,0.999133554757493,0.999133992689753,0.999135659225709,0.999135989292733,0.999247672196258,0.999248071302761,0.999249454103956,0.999255846788908,0.999256283253914,0.999257519787804,0.999259226695103,0.999260517841227,0.999260748892137,0.999260805425073,0.999261809937968,0.999262214746325,0.99926248377454,0.999262609994317,0.999263163554274,0.999264141739303,0.99926505729462,0.999266123781252,0.999267073422751,0.999267992753264,0.999268719428662,0.999269946834059,0.999270996544421,0.999283373166524,0.999284613328905,0.999285547329935,0.999293191377948,0.999294183657827,0.999294822209223,0.999294972911627,0.999295558429609,0.999295605211734,0.999295947953313,0.999296585817505,0.999297142239141,0.999299766881662,0.999300786788496,0.999300964421961,0.999302614310441,0.999303322275532,0.999304269466386,0.999305322244677,0.999306199853633,0.999306266543311,0.99930765644467,0.999308364783164,0.999310733327707,0.999310973117417,0.999311309957121,0.999311790409068
0.712653155137509,0.809939769179564,0.812441777414741,0.833028075815882,0.879220741320962,0.882255057372713,0.924462223207707,0.925214640355727,0.934201348743513,0.937997254359854,0.943716505526329,0.95132999838042,0.959891132483758,0.960358885667357,0.962792460949949,0.963918885239591,0.96571203850712,0.966699036445504,0.968696967908015,0.969448917688438,0.971663871870713,0.972270050964256,0.973058883250548,0.973725660817257,0.974418284352081,0.974682681338967,0.981332203087655,0.981500585837053,0.981839484894388,0.982039253899743,0.982534616892516,0.982787662183754,0.983063858654072,0.983211643735644,0.984364888760877,0.98447811647727,0.98556659443105,0.985649748578494,0.986113518803066,0.986215726216627,0.986383699725926,0.987031043743639,0.987485274463712,0.987545431194698,0.987735990178631,0.9879802733735,0.988042538628422,0.988359587434225,0.988418588888859,0.988486091042859,0.988537611542227,0.988576682019163,0.988948248072738,0.988982086383048,0.989289452468615,0.989424395837942,0.98953196787861,0.989573812452725,0.991369109229133,0.991401666703822,0.991496691569904,0.99281003752112,0.992947621461883,0.992961256788853,0.993093995704686,0.993229101837055,0.993391338653302,0.993419363111911,0.993475700136278,0.993485385799437,0.993521077184051,0.993604464886239,0.993667716411398,0.993697207791246,0.993770183441649,0.993800300991373,0.993940177399119,0.994215343940104,0.994242800065277,0.994250527088351,0.994265440072269,0.994280353731216,0.994297693046181,0.994307865860897,0.994505855821124,0.994513808674286,0.994637422497444,0.994653404756016,0.994730440255621,0.99479152777933,0.994844373445453,0.99485728024679,0.994883961990255,0.994891010431497,0.994913364205721,0.994918178969252,0.9949748128715,0.995045417240641,0.995174076687594,0.995183457238172,0.995234611177441,0.99554940264787,0.995849978705255,0.995852835409014,0.996204560288186,0.996218451796559,0.9962886928529,0.99629560479295,0.996332183229958,0.996339064595613,0.996484175041047,0.996496486496109,0.996546613871647,0.996596164891456,0.996615610764798,0.996635302863483,0.996708478473581,0.996712249981561,0.996729364616825,0.996749511311457,0.996782471384949,0.996784780092132,0.996813138305906,0.996815145275138,0.996835941154928,0.996842612123359,0.996847977994898,0.996850411483582,0.996910282364774,0.996922197237014,0.996944163193931,0.996953289353717,0.997003184050285,0.99705635944257,0.997119520072772,0.997127462504579,0.997210221966272,0.99721867447562,0.997298066746359,0.997342808661271,0.997379916728334,0.997382353598135,0.997468333915726,0.997493526411276,0.997549824011475,0.997554909199747,0.997560834453656,0.997574181992531,0.997587369940419,0.997592568850565,0.997624538818387,0.99762997573926,0.997676608670815,0.997692472643955,0.997715919220336,0.997728558921115,0.997744848390697,0.997753962375199,0.997762229576617,0.997764430838686,0.997794195994608,0.997799824405513,0.997810334224903,0.997811438870452,0.997819882262183,0.997835741316495,0.997853426942363,0.997862906904448,0.99787558526459,0.997884390540936,0.997916214504918,0.997919776235372,0.997932429694563,0.997938232795169,0.997963203709255,0.99797349830005,0.997981983852367,0.997986510095924,0.997999472046326,0.998004718947746,0.998017376899071,0.998020894248154,0.998037102626225,0.998044623364355,0.998060998745706,0.998074230753652,0.998084658886061,0.998087213574814,0.998125395050761,0.998130277174994,0.998142482961234,0.998151898445096,0.998164896966003,0.998169198728233,0.998188576697388,0.998193549664932,0.998213540014044,0.998214567616763,0.998219446639472,0.998223358856132,0.998237152601054,0.998238580025013,0.998251909770009,0.998260702283037,0.998274806184106,0.998286269658841,0.998291900921603,0.998294428690733,0.998310484662083,0.998312603340254,0.998322492641319,0.998325678810529,0.998338423502136,0.998343108908617,0.998359745402481,0.998361787038997,0.998366399099103,0.998367343581234,0.998374003270243,0.998385121438328,0.998392292359147,0.998394992474689,0.998398536866818,0.998409981757141,0.998417384241151,0.998431868416376,0.998436883402788,0.998441320300129,0.998450059364806,0.998452871768804,0.998458245172985,0.998461440835052,0.998470580911023,0.998474298509441,0.998478540172552,0.998483152667906,0.998490997873501,0.99849296806922,0.998495963015354,0.998497254915822,0.998500560976653,0.998502682573383,0.998513773359666,0.998518610184996,0.998521892177428,0.998529085591368,0.998532560009138,0.998534179342856,0.99854375822213,0.998544460304296,0.998547171925954,0.998547898205209,0.998550862865814,0.998555308155626,0.998559035880322,0.998564953046275,0.998569663195725,0.998573313235057,0.998576457978016,0.99858045191268,0.998591080996112,0.998595290423105,0.998597741495181,0.998603809087204,0.998610591782681,0.998611427452515,0.998618917444352,0.998620292220471,0.998623890390192,0.998624796743613,0.998629478207112,0.998632856455357,0.998636124613038,0.998638156402081,0.99864288649506,0.99864953308482,0.998650950587545,0.998653270548272,0.998654372567189,0.998656247079512,0.998670764386619,0.998671607777787,0.998675798294189,0.998678244826861,0.998679230987217,0.998683445345726,0.99868549647913,0.998689143249732,0.998694280787636,0.998695056334298,0.998699315482435,0.998701346400863,0.998711699685001,0.998713604593707,0.998719606966795,0.998720551676567,0.998725258117429,0.99872766375205,0.998731701626452,0.998732572096572,0.998741655636886,0.998742260922647,0.998746075725748,0.998749819318534,0.998797158553154,0.998808138427744,0.998815028507047,0.998816428643196,0.998821155691297,0.998822748910084,0.998825221265245,0.998827509258697,0.998834079475041,0.998835459479365,0.998838326990409,0.998838854919202,0.998842163595985,0.998843507602082,0.998845303966499,0.998846147962481,0.998852604372244,0.998852862358838,0.998858878683566,0.998861942478006,0.99889046168058,0.998891171018709,0.99889504561583,0.998900658190778,0.99890229201924,0.998903256008803,0.99890640718856,0.998908719392588,0.998912068971585,0.998913947328151,0.998916407604215,0.998918339411737,0.998919522787406,0.998921413058058,0.998923824053828,0.99892582020008,0.998946302720313,0.998946358259013,0.998948390278442,0.99894930815605,0.998950724197214,0.998953361923201,0.998956705721047,0.998959655837922,0.998962517871271,0.998968571673948,0.998969175907617,0.99897078933923,0.998980041122864,0.998982140639544,0.998984802975034,0.998986290378699,0.998987501581251,0.998990719686924,0.998992095597078,0.998993698729367,0.99899492329049,0.9989960860535,0.998998110886152,0.998998607102872,0.999004960920942,0.999006515074342,0.999007838458386,0.999009813992155,0.999012290163802,0.999012916907971,0.999014745842951,0.99901718098832,0.99901906193997,0.999020524047144,0.999033387617839,0.999034051663732,0.999037717811457,0.999038356377019,0.999039772950073,0.999041440068914,0.999045806667601,0.999046071183614,0.999050436237043,0.999051071115542,0.999052067262471,0.999052790757452,0.999053269746938,0.999054780184727,0.999056548300391,0.999056609762199,0.999058117035072,0.999059076937665,0.999060173062169,0.999060677149685,0.999062168357634,0.999063822778681,0.99906507197512,0.999065984960093,0.99906841464404,0.999069676706108,0.999070190950193,0.999070327649826,0.999071539547283,0.999072188139666,0.999076323063933,0.999076667414786,0.999077292494538,0.99907950899788,0.999081390004224,0.999081936248461,0.999083119079052,0.999085170996054,0.999086313848661,0.999088310033529,0.999088827148994,0.999089763758759,0.999089866121344,0.999090403414655,0.999091965900956,0.999094016890182,0.999095657317255,0.999097051102032,0.999098150416055,0.999099894796672,0.999100828438526,0.999107214045122,0.99910869019586,0.999109251177588,0.999109978390494,0.999110208916933,0.99911165327571,0.999112911249654,0.999113471667961,0.999113953932765,0.999114510740536,0.999115801816048,0.999117030790186,0.999117471514368,0.999135802209014,0.999136246395032,0.999138534732955,0.999139172865861,0.999146571869668,0.999147506452003,0.999149841999617,0.999150473505542,0.999151748645505,0.999152833925713,0.999154404391762,0.999155641048852,0.999157357413191,0.99915840502222,0.999160218759528,0.999160678162303,0.999161642957231,0.999162517277232,0.999172981188814,0.999173371102617,0.999173443996772,0.99917477793594,0.999179003312286,0.999179674563764,0.999180270640926,0.99918394713055,0.999184988303544,0.999185489424423,0.99918640894756,0.999187375312614,0.999191007135278,0.99919144176114,0.999191714617398,0.999192653012472,0.999194054324085,0.999194733994644,0.999196095926242,0.999197068807081,0.999197927818308,0.999198701301344,0.99919909819705,0.999200527696789,0.999202032213004,0.999202860087195,0.999203166590559,0.999204972173204,0.999206498091667,0.999207101968998,0.999208517225007,0.999208587692163,0.999209395500034,0.99920982931146,0.999210360108189,0.999211761972623,0.999213332314186,0.999214027505236,0.999214652594892,0.99921561773536,0.999216445251834,0.999217095239683,0.999218553081593,0.9992188755813
0.727238219901264,0.810842597148508,0.83845995080656,0.863834840922492,0.884185126723523,0.889801993366478,0.944139765031326,0.948443975076191,0.954831122244485,0.959446377208568,0.962251343216473,0.964714267550033,0.967334616961997,0.96886268927932,0.97054986099733,0.971908880172492,0.973654316043427,0.974682905083083,0.975881474028547,0.976612252548671,0.977342519342329,0.977615293955071,0.978061023247671,0.978319104104415,0.979199334888749,0.979324950965486,0.979550938675197,0.979692001092866,0.979920104855122,0.980067703151392,0.980203423910391,0.980295078371325,0.980525963424435,0.980584680692887,0.980789409858915,0.980855701446054,0.981535871582967,0.981563573200637,0.981750812789226,0.981815499181862,0.981934289885931,0.982024696023529,0.982116636736666,0.982151760096407,0.982193776750577,0.982246116254603,0.982328028230696,0.982382883572978,0.982435508397907,0.982453147539803,0.982504286288208,0.982534153070863,0.982587227834559,0.982619810770645,0.982652632843471,0.983056070191636,0.983157332691437,0.983179810081961,0.983228871764793,0.983247559012654,0.983285401551078,0.98329629870551,0.983354537858799,0.983379830175734,0.983435569308456,0.983455063169774,0.983506655430063,0.983564113774898,0.983609979832842,0.983633556953491,0.983667780536544,0.983693922273812,0.983739333049097,0.983763467851307,0.9838001634452,0.983816019900036,0.983841093617211,0.98385655738613,0.983889368921742,0.983897513834771,0.983914939859102,0.983945451036222,0.983964390105459,0.983973945687676,0.98399107671303,0.984003257816928,0.984047810027732,0.984062397786688,0.984082175134698,0.984098942212248,0.984508398537249,0.984513519109716,0.98452550522556,0.984535774074534,0.984557126543575,0.984564637419984,0.984577658150746,0.984588547003129,0.984620883757787,0.984631430062051,0.98463704857225,0.984642592094905,0.984657049690425,0.984663419605715,0.984677151776598,0.984690378675837,0.984703261433734,0.984704281402558,0.98471190016724,0.984715282949587,0.98472049166724,0.984721544282128,0.984735573937314,0.984826802314299,0.984876629990854,0.984883307989041,0.984900949278904,0.984904064303582,0.984910418044453,0.984914957997618,0.985022959923329,0.985026830410751,0.985035978445531,0.985041042111068,0.985049234068043,0.985054798320596,0.985061853340233,0.985066512362397,0.985071725361851,0.9850787973134,0.98508368489366,0.985102503649599,0.985175583757565,0.98518107268168,0.985185014953798,0.985188754607707,0.985190719021462,0.985192404429074,0.985204123936919,0.985207077740124,0.985242706330261,0.985246195231811,0.985251372488814,0.985254916266743,0.985257779174422,0.985262868923153,0.985264591070454,0.985266959953813,0.985272515869822,0.985274203609259,0.98527807197807,0.985282374463807,0.985288162582647,0.985291833927292,0.985295215743657,0.985297059283302,0.985304770834936,0.98530967500901,0.9853143061103,0.985316662841038,0.985327121934388,0.985329816796644,0.98533419785696,0.985338928012634,0.985352093522596,0.985399669863363,0.985402958473492,0.985410725667617,0.985411895923731,0.98541527041554,0.985418593257507,0.985424707717165,0.98542832438254,0.985429806573773,0.985436571241323,0.985438564082152,0.985441566299395,0.985444135834064,0.985449120994629,0.985455101359263,0.985458191043243,0.985471811171927,0.985473912800508,0.985477588525143,0.985480790011153,0.985482229040017,0.985556292090512,0.985559449122144,0.985614507947248,0.985615514801996,0.985619650365022,0.985622895649253,0.985624503571808,0.985626200357338,0.985627365609492,0.985631324746506,0.985638796248456,0.985639684272491,0.985700370834487,0.985703007012811,0.985705662834058,0.985709951934171,0.98571416817764,0.985718951668425,0.985741925609129,0.985743343052407,0.985747219109551,0.985748451255942,0.98575086521204,0.985752137031897,0.985754778059094,0.985756904806886,0.985761945974004,0.985764044432709,0.985765511110356,0.985767955660132,0.985772954454149,0.985861298456019,0.98586737115965,0.985870901082494,0.985875172388282,0.985878549904884,0.985881151809822,0.985884263689102,0.985887557953441,0.985891759843106,0.985894123000115,0.985896655408861,0.985899786894711,0.985964066573547,0.985967011209947,0.985969735319416,0.985985575912554,0.985987859983988,0.985989243374584,0.985989617780318,0.985995096328925,0.985996276337831,0.986001738940854,0.986004637040074,0.986013912824191,0.986014209626018,0.986018229840231,0.986020093348953,0.98602641524755,0.986028115713464,0.986029425714468,0.986030749757437,0.986032477855009,0.986033965869713,0.986046883377223,0.986047854136402,0.986049845764899,0.986050318139065,0.986054441863354,0.986056561389485,0.986059148383522,0.98606075355324,0.986062125226189,0.986063473518769,0.986065895900317,0.986068134027256,0.986070222157416,0.986070660236055,0.98609013924867,0.986091574882376,0.986118467109576,0.986120026715298,0.986121629683765,0.986121922788033,0.986136745022054,0.986141030835679,0.986145249008059,0.986148260228222,0.986149323113187,0.986150868108353,0.986152566781723,0.986152908847629,0.98615509542727,0.986157159309872,0.986159764340719,0.986160725647426,0.986160893856885,0.986165014008998,0.986167466760351,0.986168278661892,0.986169022361865,0.986170210727684,0.986197679480979,0.986198265428997,0.986199777673037,0.986201376487374,0.986203304379717,0.986204123639328,0.986204685053641,0.986204801131042,0.986207205166832,0.986207320262878,0.986222156990778,0.986222945555602,0.986226247183137,0.986226889904909,0.986272950371996,0.986273905897357,0.986276235633298,0.986277504430444,0.986277966238628,0.986280102604793,0.986293873406219,0.986293986899766,0.986294708437345,0.986294877289263,0.986343039357888,0.986345593414355,0.986354882144073,0.98635564924846,0.986361891482104,0.986362657413033,0.986385065106138,0.986385619903153,0.986386379278695,0.986387074295285,0.986388585106573,0.986390651477126,0.986406049557819,0.986406149373577,0.986420327132833,0.986421032887813,0.986422560247119,0.986423048549109,0.986428476305664,0.986428788412289,0.986430402217047,0.986431363784719,0.986432073486709,0.986432746102429,0.986436185462253,0.986436694895544,0.986438473449535,0.986440993112575,0.986441647253801,0.986443086479053,0.98644466283331,0.986445001668778,0.986445999024207,0.986455062348402,0.986459759915963,0.986460641428199,0.986470068158406,0.986470913300966,0.986471067301025,0.986471689291956,0.986473145196576,0.98647523686753,0.986477061135361,0.986477451247531,0.986478646254157,0.986521445281651,0.986532101109127,0.986533026948919,0.986533621849551,0.986533923739057,0.986536503733686,0.986537655424767,0.986539443710275,0.986539477160091,0.986540388203468,0.986541102328554,0.986544131328613,0.986545198152795,0.98654616912881,0.986546596139386,0.98654711116353,0.986547547968062,0.986548155878727,0.986549451169997,0.986550225743048,0.986559507274588,0.986559932894801,0.986560603439951,0.986563974943721,0.986564416413229,0.986565542998353,0.986566102026676,0.986566639087465,0.986567061113211,0.986569450003447,0.986572957851315,0.986578196430899,0.986579065434045,0.986581220245732,0.986581903139667,0.986586017217975,0.986587325588247,0.98658881568683,0.986589926512621,0.986593019299001,0.986593465893304,0.986593733511043,0.986595219595841,0.986595751379179,0.986597181155196,0.986597483308557,0.986598032656245,0.986607734738916,0.986607804292074,0.986609210015687,0.986609627161458,0.986611119405052,0.986614550762212,0.986615635491077,0.986616424663256,0.9866167764198,0.986616833726902,0.986619502483873,0.986619935929878,0.986624286970497,0.986624459792955,0.986625259636864,0.986625821688697,0.98662948318735,0.986629608441748,0.986630629995569,0.986630865295084,0.986631519164927,0.98663215320293,0.98663743116879,0.98663788740641,0.986638408347672,0.986638753323339,0.986642945584267,0.986643235635236,0.986643618726635,0.986653085254025,0.986654328953607,0.986655790416576,0.986657612989235,0.986658453616745,0.986658989992415,0.986659953927377,0.986660408927732,0.986661078734388,0.986661538393296,0.986664407270049,0.986665162378133,0.986665344754334,0.986666619318874,0.986667041553819,0.98666873160556,0.986668968590824,0.986669881170626,0.98667028089442,0.986674414224914,0.986677534158946,0.98667806093247,0.986678508164244,0.986679127918259,0.986679793084857,0.986680441952947,0.986681507119406,0.986682244957216,0.986682842972953,0.986684290400314,0.986685146253776,0.986686967639148,0.986687607022097,0.986688609396277,0.986688967056769,0.986698750046465,0.986699343285948,0.986699511443949,0.986700259064564,0.986700916558748,0.986701930699794,0.98670269845553,0.986703444689304,0.986704048851655,0.986704254353114,0.98670535020105,0.986707243174133,0.98670760304353,0.986709883028511,0.986711320764394,0.986712558334523,0.986713032036059,0.986713988637617,0.986715819940057,0.986718541086234,0.986722557513297,0.986722698031278,0.986723049105135,0.986723538204602,0.986727005957378,0.986727981947105,0.986728687429409,0.986729182688821,0.986729817307883,0.98673078810552,0.9867476898505,0.986748737140424
0.709735128685328,0.800159542646785,0.843690947532416,0.846737496357619,0.863588666249896,0.870024994278482,0.890075265859225,0.895608431891704,0.930778414243047,0.933039375605621,0.95203595489576,0.954098806447075,0.968923217024494,0.973111072749822,0.977527423109217,0.980016394025105,0.981696041886195,0.982692302556241,0.984267645536685,0.984699983891287,0.986081052470739,0.987762751661078,0.988222855584031,0.988760403648432,0.989497804466615,0.989690392636081,0.990493888213746,0.990618371895274,0.991169557016813,0.991363629414845,0.991638304783198,0.991863352698422,0.992187244880966,0.992250981471501,0.992442401044518,0.992483858194844,0.992639415296955,0.992674041766711,0.992800806062273,0.992881002813528,0.993164990527015,0.993262056526874,0.993338549691889,0.993356666032923,0.99370840394908,0.993736994787117,0.993816339407896,0.993836029096294,0.994318236986002,0.994443265759952,0.994511831973496,0.994652076668514,0.994715247056053,0.994845744762628,0.995111053566212,0.995167315743886,0.995459644909303,0.995506281859978,0.995755921199454,0.995772031771848,0.995908498619084,0.995991807042951,0.996036640921914,0.996125697834889,0.996223981454355,0.996245309695065,0.996308175525724,0.996313093987154,0.996395389073718,0.996431712005989,0.996505510619676,0.996532085581487,0.996616065007355,0.996649089196289,0.996696716067847,0.996706681268104,0.996768774028359,0.996792076721698,0.996846832570907,0.996853201066713,0.996907707392597,0.996933206301805,0.996975411238394,0.996993724477404,0.99705821985526,0.997066337798201,0.997106607603194,0.997146797175201,0.997180951073769,0.997202002079406,0.997239055740886,0.997247988920165,0.997294262576025,0.997350501255246,0.997394356442388,0.997433316110294,0.997482852781285,0.997563709551739,0.997601795008204,0.997609400546297,0.99764487504487,0.997686991700406,0.997707410369311,0.997724982637201,0.997743849241353,0.997752635741735,0.997773801572426,0.997784808470217,0.997844365165672,0.99784951557917,0.997857790788795,0.997864059086235,0.997892185356215,0.997919413865789,0.997955074121362,0.997959083351189,0.997977430234503,0.997983125834225,0.998007500408677,0.998013135661373,0.998028734428498,0.998043985327132,0.998055866176945,0.998061048004593,0.998072842682637,0.998079746169846,0.998119873409727,0.998122169262506,0.998139998256328,0.998143427318331,0.998161859679316,0.998164677009141,0.998179919117256,0.998192744994867,0.998209126529565,0.998221894671412,0.998227696632971,0.998235052122589,0.998287929019136,0.998293829114226,0.998327451621304,0.998331877428839,0.998363909371671,0.99836998961479,0.998387016679827,0.998400347062334,0.998416581106348,0.998429004606188,0.998441094135064,0.99845831525286,0.998478408913817,0.998482940014049,0.998494748727508,0.998502201861677,0.998511870415055,0.998514144040977,0.998527057714791,0.998530672021164,0.998548742524184,0.998554224008114,0.99856576763089,0.998583538163049,0.998595997657254,0.998598508697097,0.998608519464799,0.998611120351584,0.998617039778963,0.998626235525666,0.998633981272357,0.998637673930253,0.998645007558435,0.998648228003884,0.998655618565612,0.998668788086951,0.998677690307133,0.998684277585847,0.998690793170068,0.998693761210605,0.998697843408661,0.9987019314286,0.998710229886202,0.998716396562982,0.998722092910248,0.998724944058761,0.998733823462493,0.99873558323454,0.998741846057975,0.998744184610015,0.998754278738023,0.998759372055759,0.998762686065282,0.998766835235464,0.99882056961997,0.998822506209176,0.998830325929098,0.998840317168447,0.998852972634123,0.998856812562352,0.998867858738675,0.998870670964008,0.99887824962362,0.998881501507224,0.998888251737922,0.998890659659802,0.998893564515404,0.998897768001223,0.998901481523773,0.998905769150925,0.998913884929469,0.998914124506328,0.998919929784987,0.998923191348925,0.998930731437966,0.998930860601478,0.998935263844624,0.998940711248563,0.998947446477771,0.998952527918169,0.9989586516429,0.998960101817554,0.99896238374827,0.99896246638438,0.998968917172261,0.998970541171345,0.998979453200808,0.998979999369359,0.998982177605676,0.998983605337071,0.998985769308557,0.998989339977277,0.998991866955075,0.998992597145597,0.998995331581016,0.99899592531407,0.998997842948,0.999003217240971,0.99900810770809,0.999008369866405,0.999012635182737,0.999013230496616,0.999017234951281,0.999018808103609,0.999022732124706,0.999024975372947,0.99902969385676,0.999032460366548,0.999036943270091,0.999038878782523,0.999049692878072,0.999050161527445,0.999057336327693,0.999058500032414,0.999064301315411,0.999067992308385,0.99907006835298,0.999072644425218,0.999076401718663,0.999077743953617,0.999080135842491,0.99908172530918,0.999082899426387,0.999084496256755,0.999088020542082,0.999089345790562,0.999091684360235,0.999092076154104,0.999094294564241,0.999096791590498,0.99910203524699,0.999104019938168,0.999105845636288,0.999107606750662,0.999109579420338,0.999113226604023,0.999114444307313,0.999115578277259,0.999117741522625,0.999119323265363,0.999123646604064,0.999124297233007,0.999125203025986,0.999126490482721,0.999129803830358,0.999131442001506,0.999133261689068,0.999135087040711,0.999137993352677,0.999139993225847,0.999143323949269,0.99914335312113,0.999144224397661,0.99914605086793,0.999148687707559,0.999150629697011,0.999155831100527,0.999157724252825,0.999158876798594,0.999160990413695,0.999162433515512,0.999165930811909,0.999166234242147,0.999167307264923,0.999169974599767,0.999171048085609,0.999173098651064,0.999173555959899,0.999176422900703,0.999176476035505,0.999179738313383,0.999180046993841,0.999181025789032,0.99918320296788,0.999186141224189,0.999187060972031,0.999188781085627,0.999190637829664,0.999193136754478,0.999194404833782,0.999195345864414,0.999196307425441,0.999200057079351,0.99920146345241,0.999205096652727,0.999206634147926,0.999208236073627,0.99920947696844,0.999210710346995,0.999212210434363,0.999214121706644,0.99921478258811,0.999215667254947,0.999216398913992,0.999217468801152,0.999217581342887,0.999219290989626,0.999219917847817,0.999221251090928,0.999222474344842,0.999224559963237,0.999225010586666,0.999227175278561,0.999228421712182,0.999229043636693,0.999229929071338,0.999231153478523,0.999232111954563,0.999235057454326,0.999236729110786,0.999237281105938,0.999237621092055,0.999238009533268,0.999238381018833,0.999240106575659,0.999242405428498,0.999243329758114,0.999244681536943,0.999248936345224,0.999249634090319,0.999251634343443,0.999252085209353,0.999254839063837,0.999255350947894,0.999256756341044,0.999257742521543,0.99925942500561,0.999259473291384,0.999260657159657,0.999261359438222,0.999262754850319,0.999262901286204,0.999264691995848,0.999265269889458,0.999265618422893,0.999266191065321,0.999267019184683,0.999268184596527,0.999269189392314,0.999269421914417,0.999270620157992,0.999271166235668,0.999272593458362,0.999273629913922,0.999275436646883,0.999275987153806,0.999276748973618,0.999277129437058,0.999278023685846,0.999278543920237,0.999284792340155,0.999285831658655,0.999286186117782,0.999286429531709,0.999287218968011,0.999289672305916,0.999289799526109,0.99929060483288,0.999291593414251,0.999295052598867,0.999295782006869,0.999296301875827,0.999297313149856,0.999297775698626,0.999298938465974,0.999299377390149,0.999300899985716,0.999301272085381,0.999301991430311,0.999303225495709,0.999304076212972,0.999304821218549,0.999305843303018,0.999306737424887,0.999308420438639,0.999308868937734,0.999309169990628,0.999309672807904,0.99931024593323,0.9993104208183,0.99931110106863,0.999312264536588,0.999312694926808,0.999313445483771,0.999314660887468,0.999316035787504,0.99931621971624,0.999316859315426,0.999319217515322,0.99932054501313,0.99932086904419,0.999321296044001,0.999323579192464,0.999324819411313,0.999324978495491,0.999325411133379,0.99932677326954,0.999328646267179,0.999328892249574,0.999329952960411,0.999330812440675,0.999331172131548,0.999332372569524,0.999333198060218,0.99933415139174,0.999334998425428,0.999336387780576,0.999338013030579,0.999339346448714,0.999340212278551,0.999341013777535,0.999341365491386,0.999342554671345,0.999342988358274,0.999343774439332,0.999344283227161,0.999345213489454,0.999345390236979,0.999346240727736,0.999347867808471,0.999348736156121,0.999349633449698,0.999350513038452,0.99935102365416,0.999352727444422,0.999353728912074,0.999354255005544,0.999354866686874,0.999355860052664,0.999356359710238,0.999356903454241,0.99935752921087,0.999357677007638,0.999358339295293,0.999359125904204,0.999359813001621,0.999360652663575,0.999361382275424,0.999362065926411,0.99936235470933,0.999363521505949,0.999364494973794,0.999365152770962,0.999365246217646,0.999366296612957,0.999366967661376,0.999367763491037,0.999369126613581,0.999370112639062,0.999370781641441,0.999371449427572,0.999371750712672,0.999373128302377,0.999373559533682,0.999374684589524,0.999374887541907,0.999375601044259,0.999376144585201,0.999376974185332,0.999377384034658,0.999379161478618,0.999379897040626
0.800563846067803,0.806110890422829,0.817235048780583,0.85109757454374,0.886464545734223,0.912893236550484,0.929428702723461,0.934850792381828,0.94786977548162,0.950881493226145,0.957490425632362,0.959741404998198,0.964865398884629,0.966178791543799,0.96819489519453,0.968888274546729,0.971168732067302,0.974342315453316,0.975554220194567,0.976097717013971,0.977537079371863,0.978502255993038,0.97910222384649,0.979256717176227,0.979576997165318,0.980348330595179,0.981537917923869,0.984010289713128,0.984729369674185,0.986578401105872,0.986977139268531,0.987247356606832,0.987478366486573,0.98762465066124,0.987833245693237,0.987987544055358,0.989330205433589,0.98950082208399,0.989856557648985,0.990095302866207,0.990296548558792,0.990355313561448,0.990597031524709,0.990730737078285,0.991050593368599,0.992228857552888,0.992578133830416,0.992620343132906,0.993379743492924,0.99340027871692,0.993510020159199,0.993730338430243,0.993795989859237,0.993831803443466,0.993869777763709,0.994094964850552,0.994737762295364,0.994766844681054,0.995140084763878,0.995161352462048,0.995516512532142,0.995641002519811,0.995747034970759,0.995756013530489,0.996032309227736,0.996062215528301,0.996102537344618,0.996113842355239,0.99627274344993,0.996287289162649,0.99636314743874,0.996385828181249,0.99654080604816,0.996573735460657,0.996827184783611,0.99684028576775,0.996906348402915,0.996946346996145,0.99697454707009,0.997000122984955,0.997031274746638,0.997053512870162,0.997123623221269,0.997147851703542,0.997184790089754,0.997240993756984,0.997327433007014,0.997336012134828,0.997361384459426,0.997373470728321,0.997408185732725,0.997430377505119,0.997452176222368,0.997465240572357,0.997523064388461,0.997533381136388,0.997556956421484,0.997558860328999,0.997591068573104,0.997604705435348,0.997631846931115,0.997648119127819,0.997714006391614,0.997716728668121,0.997747103486866,0.997758622396462,0.997785085496347,0.997789949856356,0.997799171657739,0.997804397417206,0.997819417187733,0.99782303525732,0.99783333406515,0.997842124834264,0.997853682362721,0.997862756730435,0.9978794175941,0.997882965339499,0.997903507147506,0.997908380698398,0.997934427709606,0.997940206254161,0.997947271158073,0.99795180852593,0.997966893309416,0.997974563115993,0.997983947270857,0.997988000109831,0.997994694527617,0.99799706562587,0.998006375447585,0.998013067735782,0.998025800024568,0.998029310572176,0.998031067385512,0.998034970101488,0.998040100574251,0.998043914918602,0.998056316720538,0.998059691333235,0.998067870413164,0.998072407359904,0.998078366999775,0.998085600124502,0.998090236380863,0.998092986408728,0.998113655032174,0.998116699347434,0.998121261013235,0.998122714449003,0.998125815099542,0.998129599989107,0.998232455920671,0.998235654861929,0.998240471333654,0.998245107196276,0.998254445033226,0.998262057557431,0.998267222424812,0.998270604413045,0.998283512282454,0.998287099701941,0.998293063447973,0.998294764908242,0.99830026557611,0.998303415563306,0.998327307663432,0.998328872639776,0.998331875939413,0.998336441277695,0.998345299865277,0.998352947071401,0.998359182256819,0.99836286748706,0.998388146629033,0.99839561107531,0.998398017245069,0.998401673065754,0.998406798752061,0.998409464475596,0.998416423773653,0.998420241034201,0.99842840221375,0.998428777589231,0.998435301451484,0.998436970104142,0.998446004010606,0.998452970902868,0.998461552817788,0.998464033936447,0.998471544718553,0.998474266788471,0.998482266466726,0.998484775479191,0.998489482387282,0.998490796020676,0.99849596841502,0.998496760643376,0.998505688747304,0.998509074333391,0.99851513116362,0.998517360433267,0.998520478733472,0.998523037810807,0.998530633820646,0.998531646868,0.99853379453657,0.9985375978304,0.99854093945134,0.99854217687921,0.998547979444487,0.998551925004491,0.998558994519798,0.998559676827665,0.998561229005651,0.998563757110161,0.998565930164327,0.998568554342964,0.998570064302127,0.998574235387453,0.99857860502805,0.998580163889563,0.998583665518767,0.998585228530681,0.998590687201184,0.998592575430572,0.998601361508805,0.998606560212639,0.998613475103094,0.998615133855643,0.998616530177304,0.998619365105172,0.998624101909134,0.998624922150654,0.998631509193526,0.998638043233251,0.998640635023369,0.998642483226763,0.998646258542348,0.998655330160514,0.99866387228429,0.998664886084417,0.998668926467058,0.998671033649513,0.998673300910492,0.998673904779237,0.998676974686763,0.998679688641405,0.998703517037743,0.998704306941109,0.998707332009125,0.998709297363518,0.998712586759595,0.998713319290095,0.998715156013758,0.998715820538884,0.99873203895091,0.998733530723569,0.998736250452432,0.998739433306684,0.998741148502594,0.998744986274211,0.998747727116776,0.998748653079334,0.998752103417041,0.998753620426403,0.998755991234219,0.998759458957916,0.998765754269706,0.998767534591321,0.998769186827614,0.998770301271779,0.998772348045319,0.998773020649501,0.998775686644613,0.998776029042449,0.998778087356074,0.998781426013883,0.99878415873195,0.998787730751969,0.998913820398339,0.99891492162637,0.998916232976628,0.998917915943156,0.998919385885155,0.998920003984919,0.998921258901902,0.99892549194009,0.998928153139847,0.998929288589009,0.998930227662391,0.998931031812373,0.99893244177488,0.998935111907341,0.998944160425082,0.998946032817959,0.99894822402992,0.998950744838784,0.998952393759869,0.998953220606266,0.998955904519111,0.998956420512889,0.998958637828891,0.998961691429584,0.998966533115399,0.998967734982597,0.99897169508202,0.998973329588735,0.99897535100989,0.99897746249234,0.998980846176104,0.998981855426578,0.998982990223884,0.998986027654572,0.998997364119305,0.998999682322727,0.999004009781026,0.999024380453669,0.999025635728657,0.999028494270153,0.999031221040473,0.999032390485743,0.99903579254503,0.999037548794228,0.999043051681183,0.999044731001342,0.999046345615863,0.999049141069566,0.999057173469133,0.999059213702923,0.999060677866659,0.999062095464059,0.99906625061554,0.999066750966404,0.999068404145527,0.99906893568659,0.999071958719156,0.999073649911913,0.999075919952558,0.99907662587557,0.999078146491121,0.999078799955561,0.999080137905389,0.999080724903507,0.999082157019632,0.999082641116927,0.999086905015786,0.9990874178018,0.99908902941612,0.999089902765702,0.999092346764033,0.999093119969189,0.999094684808893,0.999095491176487,0.999097530814491,0.999099934449456,0.999105299039056,0.999106789879078,0.999109842904303,0.999111576519707,0.999112657014943,0.999112983547381,0.999113794842745,0.999115259847252,0.999118599428716,0.999119303240381,0.999122054366607,0.999122947611358,0.999140596062516,0.999140984880575,0.999142644930211,0.999143043460721,0.999143233248145,0.999144359192736,0.999145235611079,0.999146474850761,0.999149800924472,0.999150058142048,0.999151355726497,0.999152251937823,0.999153344225776,0.999154320940506,0.999156313310581,0.999157084288938,0.999157982709019,0.999158662386776,0.999159474885022,0.999160368791166,0.999161228002068,0.999162180762352,0.999163330272021,0.99916506152761,0.999166675549099,0.999166918513095,0.999168325243343,0.999168690805304,0.999172156375254,0.999172632987023,0.999174427141188,0.999176037121633,0.999177491035245,0.99917770645667,0.999178783974377,0.999180036213532,0.999181882974777,0.999182533631488,0.99918383482682,0.999185140925925,0.999185535268051,0.999186611829563,0.999188492668266,0.99919003067954,0.999191458327599,0.99919270523196,0.999193063460905,0.999194334576375,0.999195364630339,0.999195980834699,0.999197563591503,0.999197894300749,0.999198676602899,0.999199051277695,0.999201679183848,0.999202698829457,0.999203390444169,0.999203827630997,0.999204805939537,0.999206204266328,0.999207793171331,0.999208423258005,0.999209471250031,0.999210756673433,0.999211093419849,0.999211210264008,0.999212071497481,0.999213581562943,0.99921520398031,0.999215352767801,0.999216770936003,0.999218452133707,0.999220981919669,0.999222163682399,0.999225058373567,0.99922572965337,0.999226864948408,0.99922742911827,0.999228067887142,0.999228456698699,0.999230467209399,0.999231086678912,0.999232419218456,0.999233641371633,0.999234239640632,0.9992347881036,0.999237278504333,0.999237902082687,0.999238780378935,0.999239860749944,0.999242882308272,0.999243123251194,0.999245278860969,0.999245505653349,0.999248736912138,0.999249958252909,0.999250592600153,0.999251049725946,0.999251848441695,0.999253094609443,0.99925462683554,0.999255269084018,0.999256440138278,0.999257019971226,0.999257805475531,0.999261347794342,0.999263178810565,0.999263789869166,0.999266099864675,0.99926614794061,0.999267519502737,0.999269185034859,0.999270572516413,0.999271343719813,0.999273200730487,0.999273935164343,0.999274813430335,0.999275682259592,0.999276898462133,0.999277439204472,0.999279808767326,0.999280859854082,0.9992824146726,0.999283189484164,0.999283481174265,0.99928377003302,0.99928517879865,0.999286873349929,0.999287355667507,0.999287623485976,0.99928895778168,0.999289337900789
0.703951188032327,0.831918114202462,0.834673355460844,0.85667853191124,0.88187138582207,0.914537470455055,0.929839418786619,0.938707460040002,0.94474989041506,0.947289519758442,0.955502138680009,0.959500657897355,0.964961770251835,0.968964792151676,0.973127261326223,0.974622014541964,0.978431877198376,0.979147906543168,0.981063389804748,0.981890707973212,0.983210964706712,0.983848544421026,0.984790771287014,0.985106718245085,0.985496652685079,0.986604121686971,0.987084208893697,0.987185369507053,0.987519453517897,0.987654673800297,0.988582129128448,0.988830400323864,0.989059029113649,0.989095134361847,0.989507179627851,0.989906463215938,0.990024669078024,0.990337586221319,0.990638768636482,0.99066427021425,0.990810937947929,0.991731343911154,0.992110917367447,0.992165777552655,0.992458587211498,0.992540885940173,0.992632814509615,0.992781358619943,0.993083220476552,0.99311954857906,0.99329450655513,0.993335019628578,0.993676125110482,0.99372249304115,0.993899743515706,0.993923711692232,0.99424922352497,0.994251814125712,0.994377848760486,0.994424181742905,0.994455530301137,0.99450000007436,0.994581354440491,0.994607407987203,0.994638512819898,0.994703773712988,0.994741149274996,0.99491311081383,0.994977986916695,0.995053594967944,0.995134606344367,0.995169506787096,0.995267929106102,0.995310833940973,0.995498691598126,0.995554846106929,0.995726630862911,0.995745283620613,0.995766207503115,0.995773944269473,0.995886984477255,0.995893225335598,0.995973579729199,0.995985679979108,0.996006983221466,0.996056542336721,0.996114259680226,0.996121704948508,0.996204355289068,0.996246268779997,0.996272504209564,0.996283739728861,0.99630915433934,0.996330405466678,0.996598559200867,0.99660194446456,0.996636453759469,0.99664204904126,0.99666068454993,0.99666920143026,0.996698746632523,0.996708355319217,0.996747903832569,0.996759670772581,0.996815572538997,0.996841530232237,0.996865191274079,0.996873083512815,0.99690800186259,0.996923943548591,0.996956817994863,0.996989916499959,0.997038491759156,0.997054064240522,0.997064866453482,0.997070318792279,0.997101508337267,0.997110370091042,0.997364716124127,0.997368410242586,0.997394201489951,0.997410564542383,0.997722893962214,0.99772932760987,0.997760920140235,0.997767796496778,0.997813694860255,0.997818342757618,0.997835689559101,0.99784796463823,0.997870911515394,0.997880272611836,0.997955524139043,0.99796622552821,0.997982802101878,0.997985604636936,0.998014594187755,0.99802019601119,0.99803143389759,0.9980320292372,0.998041998286675,0.998047145083072,0.998056360094392,0.998059196984839,0.998063048642054,0.998067731262595,0.998071769737523,0.998078735275653,0.998090174973133,0.998097520362778,0.998110859863345,0.998121591609385,0.998134888362177,0.998142287224598,0.998161163708782,0.998164999365091,0.998322431135792,0.998328037445843,0.998331786681223,0.998335114106873,0.998338517800617,0.998342681789244,0.998350180889419,0.998356370651756,0.998367997954656,0.998371493669864,0.99838622617971,0.998392609455179,0.998401201732068,0.998405077773961,0.998408088600073,0.998413571085621,0.998418907582559,0.998423441306447,0.998425661167406,0.998428272313469,0.998432131005587,0.998433019757817,0.998435477141715,0.998442267702963,0.998445382756598,0.998448982054281,0.998455661256859,0.99845862336054,0.998465412960156,0.998469218276292,0.998473638357973,0.998478774064486,0.998484765883466,0.998489646688106,0.998493066744556,0.998493455254599,0.998501951466104,0.998502507386002,0.998509055440946,0.998520129043804,0.998524510848262,0.998527385357279,0.998575814676101,0.998577644610434,0.998584194242521,0.998589100859628,0.998602582441477,0.998609349701712,0.998616175518672,0.998618141033128,0.998619781635896,0.998621157076863,0.998628165605798,0.998629416890095,0.998631960584537,0.998638158380906,0.998644858136364,0.998645794788159,0.998650202305526,0.998652606076832,0.998654971623851,0.998658100485688,0.998664215323196,0.998664451387364,0.998668983898974,0.998671979242127,0.99868096600934,0.99868354051332,0.998691223996355,0.998692201024195,0.998700560589528,0.998703168558313,0.998709074235211,0.998714011556806,0.998719177026486,0.998739880797284,0.998743197007647,0.99874493142552,0.998749792896524,0.998750908168638,0.99875206623159,0.998754393278161,0.998756839205697,0.998758095731186,0.998764027943381,0.998765845289145,0.998768518652525,0.998769891062947,0.998806990007296,0.998807849499761,0.998810895429954,0.998812683360644,0.998822927856711,0.998826007394387,0.998828325662509,0.998829184430869,0.998831547188822,0.998846887894697,0.998851624340826,0.998852541555685,0.998857274954194,0.998859354138992,0.998862687668924,0.998866194768878,0.998870619172387,0.998871756913769,0.998877324112982,0.998881368494524,0.998883406173792,0.998885873589675,0.998888443774119,0.998890434803128,0.998893172121917,0.998893933167893,0.998897321532603,0.998905235771189,0.998906983045409,0.99891517044248,0.998919927009375,0.998921637493029,0.998927814664738,0.998968789315425,0.998971985197621,0.998974124106244,0.998989219428879,0.998990826205754,0.998994482482579,0.998995714905448,0.998998502420261,0.998999372760911,0.999001699835981,0.999005855274748,0.99902964306664,0.999030413894618,0.999033291128169,0.999035841130721,0.999038629566587,0.99903897425018,0.999043184497149,0.999047419992176,0.999050362915336,0.999053837334784,0.99905544311107,0.999056482082341,0.9990583420003,0.999059133422224,0.999060736041406,0.99906319223439,0.999064869087012,0.999065690582614,0.999068483545858,0.999070317972065,0.999072509781614,0.999073519246273,0.999077435601369,0.999079400232385,0.999082089925369,0.99908544737581,0.999086193396999,0.999087521251728,0.9990893684848,0.999090784336101,0.999094211586819,0.999095836435102,0.999099536415712,0.999100939608945,0.999102459020139,0.999103862801102,0.99910922534864,0.999110280661467,0.999112910937506,0.999114013089465,0.999115707498526,0.999116419250903,0.999128499336493,0.99913045328638,0.999132334525128,0.99913340307785,0.999142977461838,0.999147881586602,0.999148846045406,0.999149762748956,0.999150819686379,0.999152037547681,0.999157631488163,0.999158597260538,0.999159738655683,0.999160711395417,0.999164312082184,0.999165115052219,0.999166796123289,0.999168054522987,0.999170050560525,0.999170898866218,0.999173821874037,0.999176158422771,0.999178114123096,0.99917934949074,0.99918152410467,0.999184916996458,0.999185894310158,0.999186034148761,0.999187073943271,0.999189772511267,0.999191637853001,0.999192029014129,0.99919339481866,0.999195591923095,0.999197658947107,0.999198022245823,0.999199942950839,0.999200956848916,0.999202992106627,0.999203274092743,0.999206986160327,0.999207293817346,0.999208992790474,0.999209921135298,0.999211769457109,0.999212685589287,0.99921384701449,0.99921462800528,0.999220875883817,0.999223179514966,0.999224054367402,0.999225202591484,0.99923718189119,0.999239434269797,0.99924029663359,0.999241036812344,0.999242818823377,0.999244453628048,0.999245526437276,0.999246367662437,0.999247018495521,0.999248354224359,0.999250091237399,0.999251015902247,0.999252934284808,0.999253192896776,0.99925478092395,0.999255574017922,0.999257384679894,0.999259617474572,0.999260140836197,0.999260495640901,0.999262979436441,0.999265170692402,0.999266400976694,0.999267257692707,0.9992707407665,0.999271709107052,0.999273594227702,0.999273955673599,0.999274510892288,0.99927591454266,0.99927682172062,0.999277407256095,0.999278294682282,0.999279341672691,0.999280625435387,0.999281891266269,0.999282497116368,0.999283303523854,0.999285837519148,0.999286320579896,0.999287622654401,0.99928844420029,0.999288650861448,0.99928909299315,0.999290471352298,0.999291085921436,0.999291765722828,0.999295500174899,0.999296417462104,0.999296872415496,0.999297661252023,0.99929844364896,0.999298742191958,0.999299196772607,0.999301303253882,0.999302571747939,0.999304113336496,0.999304469279793,0.999307451295279,0.999309860344429,0.999311610061242,0.999313713208712,0.999315020468515,0.999315242804518,0.999316166876984,0.999316177069747,0.999317007631007,0.999317592113945,0.999319715179349,0.999319744541711,0.999320715274183,0.999322075130181,0.999323784849913,0.99932434122882,0.999326002031762,0.999326291595016,0.9993280392803,0.999328744504837,0.999329748024137,0.999331117524418,0.999332448666183,0.999333239615202,0.999334857656416,0.999335212021929,0.999339745218179,0.999340486665896,0.999341920208093,0.999342317294284,0.999343167167038,0.999344457202417,0.999345281041213,0.999345425802365,0.999346457674831,0.999346817264882,0.999348302761774,0.999348668469484,0.999349408674581,0.999350236284,0.999351188412166,0.999351263873397,0.999351932223508,0.999352537458727,0.999353638216051,0.999353800208646,0.999354651914992,0.999355762318472,0.999356078932719,0.999356243454479,0.999357287446901,0.999358528423226,0.99935922325872,0.999359333551419,0.999360036154942,0.999361619751129,0.999362877731568,0.999363049268146,0.999363818607046,0.999365487678597
0.786036703416444,0.819690645209038,0.845300444537597,0.883017165133035,0.903387204767578,0.908909968290551,0.91666625737538,0.931469396598664,0.941071494601147,0.944771930695035,0.950906552014467,0.95322183333492,0.963659302932297,0.96612273241994,0.971508295977268,0.97400680846187,0.974778055021345,0.976886213100812,0.978636505567768,0.97945658121145,0.981234764254295,0.982072137036836,0.983501476916247,0.984218146007004,0.985144329502511,0.985791915619066,0.986432211340051,0.986780350004703,0.987332256500437,0.987577311326278,0.987761167218164,0.987992712032806,0.989171952365806,0.989309740906607,0.98943152307067,0.989691872653222,0.989851159143495,0.989947228733105,0.990155764374006,0.990376142239096,0.990542008756764,0.990612786674574,0.990729135318779,0.990822597942398,0.990996203161341,0.991052579457243,0.991621704161855,0.991644303735535,0.991742504555205,0.991778579936536,0.991869322560145,0.991942012516566,0.992047440912536,0.992198633873646,0.992254650292313,0.99229774821642,0.992552268982988,0.992560479271683,0.992622900247352,0.992776835110016,0.992846555046226,0.99304825441586,0.993134779780463,0.99315316406629,0.993325691217014,0.99334084773934,0.993843387580424,0.993856816614289,0.99397126948417,0.994189291388973,0.994417397980049,0.99442576657901,0.994589339547166,0.994605390663129,0.994678287776645,0.994806733407322,0.994829066202394,0.994865623350153,0.994981651467079,0.995013643255107,0.995126606685597,0.9951513764529,0.995224970903367,0.995242672577685,0.995330385508761,0.99533931405431,0.995368311587372,0.995382886334834,0.99559847972268,0.9957152896304,0.995813244583305,0.995827662939723,0.996069487768184,0.996074869356401,0.996113422944516,0.99613309629003,0.996201289347982,0.996205098797449,0.996228150469341,0.996231163577438,0.996262162991884,0.99633728605103,0.996361830355362,0.996400187296355,0.996481440219862,0.996534569725767,0.996622196927051,0.996674670167291,0.996706282579889,0.996717874801731,0.996789652613626,0.996818937332166,0.996856487853188,0.996878269370311,0.996987016044406,0.996997824446237,0.997051183677772,0.997106934955116,0.997111601669789,0.997115903157093,0.997127634024771,0.997134367295616,0.997175287201962,0.997179075292239,0.997298450572287,0.997324979711031,0.997379923528064,0.997387763332167,0.997484108070507,0.997496549744669,0.997548159958284,0.997568881325491,0.997632826761504,0.997635114428676,0.997667792592303,0.997682222600205,0.997690764803989,0.997694515754262,0.997719640222154,0.997724074989746,0.997731806216025,0.997733235448819,0.997760875840544,0.99776435425963,0.997810536146071,0.997814921983531,0.997884427464724,0.997896594848127,0.997908883692723,0.997915766684204,0.997921541483849,0.997938063616044,0.997944368458463,0.997950254578456,0.997963429162992,0.99797111655032,0.998016631953063,0.99801929123809,0.998029745644061,0.998031850669067,0.99805442949448,0.998060679341431,0.998084364592768,0.998093221609703,0.998099977206651,0.99810590307882,0.998118839222835,0.998151850864491,0.998179890526018,0.998185019785951,0.998198370986955,0.998208144427794,0.998235505626658,0.998240662088898,0.998263279070419,0.998280810724626,0.998300298206255,0.998302137368718,0.998313185954717,0.998320822264314,0.9983449509629,0.998350654058329,0.998358119982759,0.998365831923207,0.998375181244948,0.998389743593573,0.998398544902549,0.998411368810223,0.998433707800965,0.998441112653057,0.998443160824028,0.998447026810784,0.998466069743431,0.998471077055294,0.9984782659701,0.998485171428562,0.998493825510321,0.99849621617232,0.998501757786551,0.998509645489435,0.998521795350282,0.998532655871869,0.998548540722332,0.998552495494406,0.998558716626585,0.99857020697259,0.99858964156268,0.998595371513575,0.99860639118219,0.998612253770027,0.99862227542926,0.998634916084096,0.998643531009453,0.998651269292391,0.998660635803955,0.998663010399293,0.998676609194962,0.998678712869832,0.998693195368547,0.998696359068219,0.998700343253404,0.998707308995687,0.998712880655515,0.998714373625076,0.998723364646942,0.998723619093388,0.998732474516534,0.998734252852167,0.9987471030059,0.99874880752847,0.998758227537909,0.998765536413017,0.998774155903457,0.998776307311261,0.998779552709763,0.998781647121486,0.998789627426249,0.998790626105328,0.998795900168286,0.998796937649771,0.998803886816621,0.998805354545901,0.998817401819817,0.998818042597617,0.998826773137311,0.998830577015106,0.998835227199005,0.998836170881817,0.998843208497503,0.998845655501469,0.998850201321877,0.998852437052995,0.998856297989586,0.998856817228204,0.998865826084104,0.998869235761811,0.998874767663151,0.998875902902278,0.998884635845431,0.998885751148346,0.998889630088166,0.998891028301959,0.998898184959497,0.998903559840975,0.998907653950644,0.998909752449331,0.998919602150311,0.998922120135829,0.998923583633709,0.998924195102501,0.998929028036555,0.998931000712073,0.998936402128202,0.998937127228932,0.998940723961818,0.998942625538317,0.998945889919229,0.998947307969936,0.998952526841118,0.998953562062916,0.998956871936331,0.998957667721167,0.998959925377481,0.998960181998071,0.998964571910676,0.998968068146985,0.998971290131777,0.998972302497313,0.998976442924278,0.998978002724416,0.998980170611176,0.998984467535861,0.998991756550991,0.99899277181051,0.998995682047406,0.998996771486434,0.998998872366556,0.999000453010458,0.999001989214831,0.999005465853257,0.999008867092344,0.999015747510907,0.999084120319282,0.999085437417429,0.999092417389491,0.999097778946535,0.999101287878009,0.999102388792937,0.999105018895171,0.999107551605489,0.999108620477399,0.999110413111799,0.99911337946336,0.999114014759979,0.999115411424451,0.999116830640229,0.999121267787858,0.999121951941383,0.99912507648551,0.999126034222109,0.999131089913288,0.999132325256516,0.999149582653693,0.999151721397238,0.999155065067524,0.999157174967759,0.999158439565588,0.999160252211781,0.999163472873176,0.999165813571696,0.9991679412829,0.999171811252156,0.999172807731551,0.999174591838614,0.999177438714616,0.99917884843503,0.999182124986078,0.999182931120173,0.999185422454822,0.999187770661298,0.999190653942175,0.999191273496344,0.99919416856031,0.999195504958894,0.999200204982499,0.999202539952336,0.999207948498581,0.999212162335947,0.999212962232744,0.999214663180118,0.999215314027477,0.999216037049162,0.999217355101931,0.999218836854214,0.999219399710999,0.999220630041798,0.999221779990004,0.999227060868514,0.999228780386851,0.999229490343383,0.999232988056663,0.999233515701001,0.999234318529195,0.999234908122009,0.999237023015403,0.999238302591343,0.999239090918401,0.999240588832331,0.999241078043326,0.999241776064031,0.999243897420322,0.99924469396855,0.999245580724612,0.99924630866807,0.999247896874619,0.99924874704368,0.999253448334808,0.999254143550386,0.999255243370251,0.999256784468748,0.999258054190121,0.999258584136846,0.999259938914473,0.999260477798726,0.999261477803525,0.999262041209649,0.999263155844575,0.999264574876442,0.999266618116249,0.999267348015496,0.99926848073895,0.999270068226048,0.999271016031813,0.999273555782279,0.999273658740973,0.999274940255841,0.999277036136551,0.999278371975724,0.999279677960311,0.999282045222148,0.99928351758867,0.999284255182049,0.999285771442226,0.999287326560031,0.99928949599781,0.999289568566821,0.999291116781448,0.999291662573929,0.999293377895382,0.999294342391272,0.99929549593658,0.999297428655346,0.999298688908348,0.999298920832137,0.999299692543996,0.999300616680033,0.999301623058042,0.999304257953885,0.999305044994646,0.999305738275029,0.99930661116522,0.999307080499951,0.999309298783958,0.999310161846622,0.999311893493864,0.999312143040343,0.999314292965142,0.999315340873586,0.999316009946947,0.999316343170387,0.999318889544914,0.999318999176003,0.999320786706147,0.999321995298854,0.9993242304589,0.999326343681017,0.999326957033281,0.999327621273193,0.99932937009129,0.999330385781682,0.999331964302414,0.999332319479603,0.999333259847291,0.999333866572312,0.99933562169204,0.999336276497024,0.999337872930864,0.999339616018848,0.999340159964655,0.999340863648194,0.999342480109195,0.99934281471681,0.999343422532715,0.999344392367361,0.999345220422644,0.999346536017106,0.999347315225192,0.999347700660135,0.999348459302334,0.999349774880307,0.999350572338953,0.999351310429478,0.999351788296206,0.999352788865051,0.999353917407231,0.999355227888379,0.999355491468809,0.999355946064435,0.999356611957331,0.99935681894389,0.999357264147503,0.999358292477589,0.999358898719567,0.999359189556095,0.99936020492565,0.999360560421255,0.999360944982227,0.999361487310204,0.999362416348816,0.999363418789863,0.999364616227981,0.999365029577387,0.999365237965532,0.999366450494704,0.999367141763952,0.999367855413568,0.999368211238109,0.99936908214534,0.999369119173482,0.999369234557857,0.999369845967396,0.999370320498507,0.999371182234541,0.999371580797795,0.999371914939224,0.999372211312523,0.999374011955552,0.999374101164677,0.999375578498128,0.99937615545311
0.77399542671005,0.798305445528916,0.807134828046778,0.860242345900277,0.864348012496062,0.865370075984692,0.88174852318637,0.883378267613652,0.889244028845614,0.904163559633622,0.920293984148279,0.924149484991769,0.925966898138364,0.939794750194998,0.94953010881537,0.95402861880837,0.96146512832982,0.96245734394282,0.970446696198744,0.973515130039563,0.974739221982986,0.975817342512398,0.977139942792019,0.977897287736856,0.979265846708044,0.979946654821546,0.980574017696262,0.981145023297682,0.981560537371679,0.981874350730173,0.982099247163275,0.98226140654132,0.982459585111775,0.983034499303499,0.983227654059566,0.984714533805693,0.985229945433995,0.985367100631094,0.98780086961385,0.987912950636857,0.988038296268478,0.988099667138645,0.988369069569459,0.988861038390743,0.98900857910552,0.989035796378895,0.989201808794658,0.989276826729283,0.989376939105922,0.989508797285014,0.989856082202094,0.989873108424792,0.990087212601262,0.990135348340195,0.990229776825508,0.990484693039606,0.990976576797364,0.991039551094118,0.991128674133358,0.991146940847963,0.991186378555631,0.991464260978544,0.991539019890741,0.991552727680736,0.991628444465316,0.991650584485056,0.991686225096543,0.991699252034579,0.991746955196605,0.991765075503869,0.991785708202019,0.992331818997647,0.993051825586519,0.9930653668727,0.993104935208196,0.9931279554656,0.993157173902724,0.993265622070305,0.993290120823856,0.993305095894941,0.993869669788208,0.993887499949225,0.993906218143393,0.993921106224476,0.993996599087012,0.994010033272222,0.994024853195834,0.99402752574295,0.994321737066049,0.994325162455327,0.994504747929571,0.994526226218115,0.994540858431286,0.994552124788477,0.9945597925169,0.994570249510165,0.994653150670005,0.99466676049747,0.994792384220869,0.994800128738022,0.99481003452558,0.994888452296063,0.994898307265299,0.994901188873939,0.994953063765875,0.994957099177377,0.995361337092453,0.995370126026385,0.995397860861478,0.995401807974681,0.995432521346775,0.995485157814041,0.995509177951719,0.995520634064479,0.99559498858977,0.99560895985311,0.995617860254646,0.99576441451235,0.995782882736854,0.99579106570904,0.995861001867703,0.995895134184237,0.995974140699149,0.995978501132929,0.995983133296936,0.996006220559622,0.996196749540432,0.996200395985078,0.996276621769444,0.996279357657762,0.99630390693717,0.996306643684784,0.996338546137846,0.996343719985527,0.996504636439619,0.996513048482023,0.99669522128312,0.996759714410939,0.99681077988848,0.996812898483333,0.996863281237441,0.996980109947362,0.997048317754004,0.997097007948379,0.997141741942217,0.997186531844943,0.997553378382592,0.997599924750465,0.997654588494981,0.997671011060973,0.99772035614381,0.997722479534134,0.997775388489827,0.997786326554387,0.997816859174896,0.997822858658518,0.997863460271066,0.997865958055861,0.997938000820414,0.997973000632298,0.998040755257793,0.998057541057793,0.998091250540172,0.998112212579037,0.998139967431486,0.998141222312739,0.998166883861745,0.998180121531302,0.99819192759087,0.998194468379354,0.998207088911965,0.998222811570441,0.998232305262331,0.998243470602511,0.998268062934271,0.998275570783293,0.998302414855624,0.998316135655767,0.998334072463015,0.998336353217596,0.998342813898237,0.998346411425729,0.998359762947663,0.998364388444431,0.998369532048059,0.998370801389407,0.998392333333458,0.998407055592936,0.998422522540094,0.998427306042402,0.998435620912925,0.998439035996798,0.998449876019433,0.998460708997494,0.99848606690845,0.998501121838823,0.998520519220014,0.998520911646987,0.998545611765407,0.99856014723945,0.998581276094083,0.998582204784803,0.998606798648714,0.998608440821732,0.998625733656378,0.998634328884302,0.998646545585787,0.998655043065852,0.998658912705808,0.998665245669516,0.998678909014956,0.998681294147734,0.99868861400619,0.998690198566034,0.998699917639023,0.99870551896799,0.998729321155643,0.998735995094571,0.998738825586587,0.998745062464454,0.998751904533106,0.99875913151991,0.998777365585754,0.99878802432247,0.998795528751479,0.99880115342569,0.998801306683335,0.998807148630461,0.998811193595746,0.998817175836576,0.998820327850752,0.998824196861027,0.998829344162396,0.998830661061475,0.99884649875355,0.998849357046914,0.998858469574947,0.998859867325859,0.998865642838983,0.998870657473814,0.998885203177237,0.998888532070913,0.998891591504557,0.998898333579089,0.998905612918108,0.998911076365451,0.998913420816236,0.99891556861936,0.998925554856147,0.998926751340644,0.998930032988216,0.99893144290227,0.998946493028796,0.998947746073399,0.998953089474982,0.99895720317924,0.99896192354024,0.998967893952523,0.998987007130184,0.998988663246941,0.998992768350429,0.998993670485104,0.998996593926803,0.999003133301941,0.999006676728776,0.999009252101343,0.999012174176828,0.999015757585,0.99903037114282,0.999031336776439,0.999033584638039,0.999035420150631,0.999041547553586,0.999043481829038,0.999046295514722,0.999047294641262,0.999059589219079,0.999060736051125,0.999068992712707,0.999073447803339,0.99908072652024,0.99908132272468,0.999085977152045,0.999086770690544,0.999090212693106,0.99909045929943,0.999097058243425,0.99909826475915,0.9991053045199,0.999112849879612,0.999119906351438,0.999123682365798,0.999125089214656,0.999126382428024,0.999129355118124,0.999130923809318,0.999138997024523,0.999141659397063,0.999147073224857,0.999147297924857,0.999154544648681,0.99915523159581,0.999157950934908,0.999159242057266,0.999162043111552,0.999163540593433,0.999165427122353,0.999166807822984,0.999171864699281,0.999172520339469,0.999177586433278,0.999178119454887,0.9991817516963,0.999182425360207,0.999185085738664,0.999186311803944,0.999188790086818,0.999189586360109,0.999190314734939,0.999190687789727,0.999192623839212,0.999193762628496,0.999197765643249,0.999198938501717,0.999202387016498,0.999203380002359,0.999205837794247,0.999206018958169,0.999208849540403,0.999209762462036,0.999212978731613,0.99921537978741,0.99922098735624,0.999222941402445,0.99922665132545,0.999227048886159,0.999228363775816,0.999230089534995,0.999231381273462,0.999233916896701,0.999237671048116,0.999239085431972,0.999240662633487,0.999243188509602,0.999246586963205,0.99924706345416,0.999248914336773,0.999250047943995,0.999251887022615,0.999252385849031,0.999253407716601,0.99925470056807,0.999258163967091,0.999259282301853,0.99926212373468,0.999263794655097,0.999267354314726,0.999268663581479,0.999269665987268,0.999271130912103,0.999273065844172,0.999274700737317,0.999275834681762,0.99927709580681,0.999278786319805,0.999279661277059,0.999281140777581,0.999281756967313,0.99928463609871,0.999285851611944,0.999286899160693,0.999289581579379,0.9992904093915,0.999292009197048,0.999293720930645,0.99929474302572,0.999295569449376,0.99929643584205,0.999299037342534,0.999299830944903,0.9993005274466,0.999302048157541,0.99930506187991,0.999307092492137,0.999308682115795,0.999309443255692,0.999311438412711,0.999313624769414,0.999315282351394,0.999315744744689,0.9993169437298,0.999319001478961,0.999321259773138,0.99932191728548,0.999324007716416,0.999324356233317,0.999325810199727,0.999326232716924,0.999327523738436,0.999328834896517,0.999330459831568,0.999330565245141,0.999331341399202,0.999331768167818,0.999334581264709,0.999335320060364,0.999336609395349,0.999337717044149,0.999337805980817,0.9993397167914,0.999340697390721,0.999341958769885,0.999344843655509,0.999345188035177,0.999345446450405,0.999346012845474,0.999348189833758,0.999348794684361,0.999349735596272,0.99935224453978,0.999353383655062,0.999354702077745,0.999355524320542,0.999355666341614,0.999355999969229,0.999356358886915,0.999356922140223,0.999357784489217,0.999358852015408,0.999359286198365,0.999359882075855,0.999360623981496,0.999361142722285,0.999361292177202,0.999362770384161,0.99936496135044,0.999365883770195,0.99936640181296,0.999366922134533,0.999368140282784,0.99936878732408,0.999368913684972,0.999371163282753,0.999371303685117,0.999374087684065,0.99937429256024,0.999375779267436,0.99937680543292,0.999377680726662,0.999378077808305,0.999380901482144,0.999382024264843,0.999383541841038,0.999384656722935,0.999387199256342,0.999387928640172,0.999389228967016,0.999391030784518,0.999391459456685,0.999392561451741,0.999393738631502,0.999394109871672,0.999394925220671,0.999395671933189,0.999397900405625,0.999398466831146,0.999399515007153,0.99940068625124,0.999401576807279,0.999402386233697,0.999403570811619,0.999403970807369,0.999405788622171,0.999406486491575,0.999408998854195,0.99941012910814,0.999412739042748,0.999413148634005,0.999414413419922,0.999414635607687,0.999416178862796,0.999416864463147,0.999417689781017,0.999418146367153,0.999421451111189,0.999423097233492,0.999424875899799,0.999425585681421,0.999427174404451,0.9994272153786,0.999427881625455,0.999428627822103,0.99942967459354,0.999430384808028,0.999432647228375,0.999432748904541,0.999433396211738,0.999433939384385,0.999434483881064,0.999435943373801
0.79068813966807,0.8481219529207,0.869984004532441,0.870298784365725,0.877931660870282,0.905100176727165,0.909256343430023,0.92444885018753,0.937039074092926,0.940165271498024,0.946004254454536,0.94952080941023,0.954864422177055,0.95686515873155,0.959818509605155,0.967811665761051,0.972349241379866,0.973112398148164,0.973754022488469,0.974348960020382,0.978391637508242,0.978621495382545,0.978911515003444,0.981026052325807,0.982196449611531,0.982341702074592,0.982561520550284,0.982684203747474,0.982933781466309,0.982997280993451,0.983154249313074,0.983262085102205,0.983374968331883,0.983511938367052,0.983604192092669,0.983677551966037,0.98391399930181,0.984307878009328,0.984358997234443,0.984482311706769,0.984554850533089,0.98457369046017,0.985288742089724,0.985367629549881,0.985426971026614,0.985467894353661,0.985541133999756,0.985666788559795,0.985744277481323,0.985755223445089,0.985807570758798,0.985974078638377,0.986010077448242,0.986120537726238,0.986167556417035,0.986206480502323,0.986678097228475,0.986795965736615,0.987071373496356,0.987101316125445,0.987155246314771,0.987165630606369,0.987189498440059,0.987194750285551,0.987273679776865,0.987303144244054,0.987340255976751,0.987366728435241,0.987531038805879,0.987558741822509,0.988198474973039,0.988212622579012,0.988270147758442,0.988295113752289,0.988320685435244,0.988326689281589,0.988368536864138,0.988381870643055,0.988409466666814,0.988424065288864,0.988478650992974,0.988503103142221,0.988541143045312,0.988550503702712,0.988594022253181,0.988602908386667,0.988621792658524,0.98862957558208,0.988656128564129,0.98866084481014,0.988798558959396,0.988806601997329,0.988816621273296,0.988820011001318,0.988825098388778,0.98883763497962,0.988911322200066,0.988918237160082,0.988940048994906,0.988943712342297,0.989060183007184,0.989084726903373,0.989091240331409,0.989099927847045,0.989104950259784,0.98910826369489,0.989124364902871,0.989129248933861,0.98920220723915,0.989207854842502,0.989220003050172,0.98922457338575,0.989230374670569,0.989330497068278,0.989414505535354,0.989418194712685,0.98950751685566,0.989510978486838,0.990066001514801,0.990071477173682,0.990084854281306,0.990088348450087,0.990172032965442,0.990183999293913,0.990414833911482,0.990428873278349,0.990628073201667,0.990833547906538,0.990841161528221,0.990846002195083,0.991015720142881,0.991017028605625,0.991029428003282,0.991071397812446,0.991121831143501,0.991200292455757,0.991208517082381,0.991262461905559,0.991350146914438,0.991556473772167,0.991669285054404,0.991672015774735,0.991719169068215,0.991747255270644,0.991786555949311,0.991791972206815,0.991833278540288,0.991900436029635,0.991917122509112,0.991935316860989,0.991944928130852,0.992038415757916,0.992049540954448,0.992051633888487,0.992054528701189,0.992112905197604,0.992196930065681,0.992242558825315,0.992248573269617,0.992250263845389,0.992285082823248,0.992287263208944,0.992307024819651,0.992307784258389,0.992312049235845,0.992333003293049,0.99239029660447,0.992393539709217,0.992429901902531,0.992432813338764,0.99251456108527,0.992587197660265,0.992611325350917,0.992635766497126,0.992733159127789,0.992772403792327,0.992847600064069,0.992861533305859,0.992946707498305,0.992956525152186,0.992995645593819,0.993015015230213,0.993028199944353,0.993032864907217,0.99305297053499,0.993064630798215,0.993102763195518,0.99310968092208,0.993126118512149,0.993149118058633,0.993166981796215,0.99317728201203,0.993195093978173,0.993203832137949,0.993261845158616,0.993268668832708,0.993277029511636,0.993281469492801,0.993302688315486,0.993314832593204,0.993331931273919,0.993337785043321,0.993379558241149,0.993380662638389,0.993409066192757,0.993428623940245,0.993434416791561,0.993437132897929,0.993466916931332,0.993477386088643,0.993502863049413,0.993509291537588,0.993547683907197,0.993552046201425,0.993560087857226,0.993560937324739,0.993571858790186,0.993583029926977,0.993606534853576,0.993612984913601,0.993618377664947,0.993629298042371,0.993637516802525,0.993643689553146,0.993651202550113,0.993655196529309,0.993660856606786,0.993663399737326,0.993677516860376,0.993687625520944,0.993693863853167,0.993699279199021,0.993710939287742,0.993719903958426,0.993726758965768,0.993729438434052,0.993739106755466,0.993743130278371,0.993752463573993,0.993757066561826,0.993771763882581,0.993772817773542,0.993775787898843,0.993779420932248,0.993785603176377,0.993786137122193,0.993792056996833,0.993793474657679,0.993798727835424,0.993804510183618,0.993826012914706,0.993831941718003,0.993839147433322,0.993845057703859,0.993853590771704,0.993856078618303,0.993860300021009,0.993861057559198,0.993866584183331,0.993870150000762,0.993874729211269,0.993883726074301,0.993891753101253,0.993894430699556,0.993904609061809,0.993909371334948,0.993911458092233,0.993913360930998,0.993920019555457,0.993922991814908,0.993930296610472,0.993931722811522,0.993936366771759,0.993938178345618,0.993940448636288,0.993943230323915,0.993947437550804,0.993951765878196,0.993956275611028,0.993959054134639,0.993963900488513,0.993964175747021,0.993974455043246,0.993978936382265,0.993981970296902,0.993982696431216,0.993984068644356,0.993987570774153,0.993991715228154,0.993999298332837,0.994003999202868,0.994005554299106,0.994007315664957,0.994008899274188,0.994009812609402,0.994014300725597,0.994018539376254,0.994019380931022,0.99402478347494,0.994026711729399,0.994029860825088,0.994031820027973,0.99403404263538,0.994036051322912,0.994038998808355,0.994041527328797,0.994044060433011,0.994048367929901,0.9940488418149,0.994050467335923,0.994055560747773,0.994057565343151,0.994061809018298,0.994064916994447,0.994067807648624,0.994069096222218,0.994069944579283,0.994071477135842,0.99407389242447,0.994075595021666,0.994077652401944,0.994079874501178,0.994083582343709,0.994087025868224,0.994088964455884,0.994090451889043,0.994095018042967,0.994096270182946,0.994097078020971,0.99409722676024,0.99409810846503,0.994099696311218,0.994101015284426,0.99410165659053,0.994103596638357,0.994105572052746,0.994107914202921,0.994108893997082,0.994111807957481,0.994112518357869,0.994116047773292,0.994117261863834,0.994118570746397,0.994120133649001,0.994122607003096,0.994122817283032,0.994125859478257,0.99412673831506,0.994128833103535,0.994129872681728,0.994133906126936,0.994135997253754,0.99413895568414,0.994139372892773,0.994142827229429,0.994145574536769,0.994148144942538,0.994149363216995,0.994150581173314,0.994151100877736,0.994153309653749,0.994154242273873,0.994156703142587,0.994159795877758,0.994161555774398,0.994162099475233,0.994163792903008,0.994164953662691,0.994166728178768,0.994167213847567,0.994171196408698,0.994172092359037,0.994172510707326,0.994173265454996,0.994173880627312,0.99417481063523,0.994175366104571,0.994176880341736,0.994177258847617,0.994178639740059,0.994180104087132,0.994180256938374,0.994182026900646,0.994183466758154,0.994185481414437,0.994186623124325,0.994187799344138,0.994188293802396,0.994188721094552,0.994189253237479,0.994191150923049,0.994193985948043,0.994196960284483,0.99419717164558,0.99419913701494,0.994199350016924,0.994201083971784,0.994202741213446,0.994203654599619,0.994204388807145,0.994205932111239,0.99420748575278,0.994208008568327,0.994209442290716,0.994210303682057,0.994212929566996,0.994213260794662,0.994214499310905,0.99421492752679,0.99421534552229,0.994217106220751,0.994217331989336,0.994218140852764,0.994218319189978,0.994219432560437,0.994219810057544,0.994220569500587,0.994221256889244,0.994223824120938,0.99422499397902,0.99422565124996,0.99422633006318,0.994228890685378,0.994229596302198,0.994230655680221,0.994231173745072,0.994232183207033,0.99423250875393,0.994233375305748,0.994233759036207,0.994234585403986,0.994235708520167,0.99423691965674,0.994237008318546,0.994238366585919,0.994239241790821,0.994239848079839,0.99424004265572,0.99424049893091,0.994240941980698,0.994242271268908,0.99424297327347,0.994244368498428,0.994244795212051,0.994246293209279,0.994246368912316,0.99424688710481,0.99424839158136,0.994249187890664,0.994249664616188,0.994250706155179,0.994251948041965,0.994253534237271,0.994253841080891,0.994257108050582,0.99425784533609,0.994258914176892,0.994260538422393,0.994262358362496,0.994264069656098,0.994266204777144,0.994266929208255,0.99426778895967,0.99426839771981,0.994269393843703,0.994270050538497,0.994271077229147,0.994272258806085,0.994273628141839,0.994274022650576,0.994274964265152,0.994275588577051,0.994276289025991,0.994276579499173,0.994278009506892,0.994278428495588,0.994278680277258,0.994278903980254,0.994279257906717,0.994279575563294,0.994280223454488,0.994281039469102,0.994282743327968,0.994282928355556,0.994283819877235,0.994284579744386,0.994285356010644,0.994285609030369,0.994286942827808,0.994287382795082,0.99428791254292,0.994289031877376,0.994289455828113,0.99429012185626,0.994291545345238,0.994291855509817,0.994292216418081,0.994292599210013,0.994293333493113,0.994293579979358
0.704234660848268,0.798220799910192,0.828821677692579,0.830353343780346,0.838462749392549,0.840113909576585,0.878748997598715,0.883953618727149,0.904193600116004,0.906715090875101,0.908925568506035,0.910538248169136,0.916340540694368,0.917257846618301,0.919368004233623,0.919547849304196,0.925754317233555,0.926732844670931,0.930535252904369,0.931219812907765,0.931948747871247,0.93277415732169,0.942479087711534,0.94282609178685,0.943472868415134,0.94602547351041,0.946978493613262,0.956125470527684,0.958252784001081,0.958359667757682,0.961040573488162,0.963009954537021,0.965525898842703,0.966240340660661,0.968057774239639,0.970498671240006,0.972258971713393,0.973032824890242,0.976165385395029,0.976565211522734,0.977874853834059,0.978199809398623,0.979092403334213,0.980068337755643,0.981090903563307,0.981466137160204,0.981779194244689,0.981869194271087,0.982815597534906,0.982950327123654,0.98314240649222,0.983260970508642,0.983760509331374,0.983795668354237,0.984359929847821,0.984400843598488,0.984718562905857,0.98475721053912,0.985150057724614,0.985226310499145,0.985474996655557,0.985902532857152,0.986144918797074,0.986164967446478,0.986474843360143,0.986714268304607,0.986831888368414,0.987074171450392,0.987248883290704,0.987267993745679,0.98756886875454,0.987665666427187,0.987740040328522,0.987889234212529,0.987962314978667,0.98808335600162,0.98830630962211,0.98833779058767,0.988403203008345,0.988450631045655,0.98854546058026,0.988589756720475,0.988685436954783,0.988696534927243,0.988859616488968,0.988904723605346,0.988972419396902,0.989002351469719,0.989087721076679,0.989178868828595,0.989260930730082,0.989291793807632,0.989403116805984,0.989412323127004,0.989538425936005,0.989593463035723,0.989650997845492,0.9896826557276,0.989736030951583,0.98976466025122,0.989848145643807,0.989881521182758,0.989911762609413,0.989951755440044,0.989993813435248,0.990016322692958,0.990057631252876,0.990116616794447,0.990149564483885,0.990153646467074,0.99018000018154,0.990193342727407,0.990222856560307,0.990235175486751,0.990277559605301,0.990290119272634,0.990317174658169,0.99033011459555,0.99036075163067,0.990367669433021,0.990375540135192,0.990394370768334,0.990430837254423,0.990448167735391,0.990487861807467,0.990497130234995,0.990512105940063,0.990525560182377,0.990547797326441,0.990559815606093,0.990579161797832,0.990585873220574,0.990625266766154,0.990632541781522,0.990648948014122,0.990674479650571,0.990703208606979,0.990714691632768,0.990748094854284,0.990772519198432,0.990782105963694,0.990792064345609,0.99081170116454,0.99081896138983,0.990833071355699,0.990845880714617,0.990861160063482,0.990869819786061,0.990888995811519,0.9909037888059,0.990931661624034,0.990945148150966,0.990962340591876,0.990972681357801,0.990986718172575,0.990997237261296,0.991006969786127,0.991016467351135,0.991026949565102,0.991034198299539,0.991056260533472,0.991067072960028,0.991078936850833,0.991092164198665,0.991096399993955,0.991103354592002,0.991113985385974,0.991129103926662,0.99114021970415,0.991144514985343,0.991155591343548,0.991163121818199,0.9911678888361,0.991178911868256,0.991193725019132,0.991206481535623,0.991219417157306,0.991223559461941,0.991234606200575,0.991240824126091,0.991250888579587,0.991253483042328,0.991259502647752,0.991265034532884,0.991271326107781,0.991278773248276,0.991285982201797,0.991295237466345,0.991310711292489,0.991315044713261,0.991323943398323,0.991328575346803,0.991341059459479,0.991345426201845,0.991352573181842,0.991359785497685,0.991368460178326,0.991373179062081,0.991385539672873,0.991392810627767,0.99140416047884,0.991405628396822,0.991414498678741,0.991423872106503,0.991430819503003,0.991433616293083,0.991439966440289,0.991444943323138,0.991448271011406,0.991449885917473,0.991451386687967,0.991453503765589,0.991458144243514,0.99146082240015,0.991465262247786,0.991467737539771,0.991478418124229,0.991480849417257,0.991488149765066,0.991494774710037,0.991503160515684,0.991504865705472,0.991508571493056,0.99151081065809,0.991517539958788,0.991519197873369,0.991523967736397,0.991527511211331,0.991533212598097,0.991537428507355,0.991548234103188,0.991552073995882,0.991558594101952,0.991561155580945,0.991564858576912,0.991572934034835,0.991577906908782,0.991578465720779,0.991580910144238,0.991583805112945,0.991591694668248,0.99159350235769,0.991596974250714,0.991598852373288,0.991600728828755,0.991601776300576,0.991604378340207,0.991606730768482,0.991609666121292,0.991611170564212,0.991614721207293,0.991616860511043,0.991619695624294,0.99162058149083,0.991627541668557,0.991634884471606,0.991641379184071,0.991642207473096,0.991643865460039,0.9916476638408,0.991650237647862,0.991651686435168,0.991653963327014,0.991655580983928,0.991658544496741,0.991658618399879,0.991662604530137,0.991664268159363,0.991665988169948,0.991668249988792,0.991671249824634,0.991671654717773,0.99167530124234,0.991677116713805,0.991678792756921,0.991680276334202,0.991682580608918,0.991683152888141,0.991684371718508,0.991687588636827,0.991688822805618,0.991689473339714,0.991692901300432,0.991697065754767,0.991700460262818,0.991700703438144,0.991704699459264,0.991705961593894,0.991707839688158,0.991708665415213,0.991712024433458,0.991713750311627,0.991715708852933,0.99171709707887,0.99172067523696,0.991722807068801,0.991725714942044,0.991726967069511,0.991730382601325,0.991734995957395,0.991740330923588,0.991741082303386,0.991743138548686,0.991745424638611,0.991748701660947,0.991748934661011,0.991752421437138,0.991754307262488,0.991758818862495,0.991759172403176,0.99176180379476,0.991764134693984,0.991765544813421,0.991767246619457,0.99177008482954,0.991771427075932,0.991773483897389,0.991774890453408,0.991777446969599,0.991779333183832,0.991782896410984,0.991783873382236,0.991786114563153,0.991788207790272,0.991790235710866,0.991790772136338,0.991794730760319,0.991796509111038,0.991797537609229,0.991798233690378,0.991799069600065,0.991802830451354,0.991803902805386,0.991804758074691,0.991805468249522,0.991806051013635,0.991808827895725,0.991809849109128,0.991811861805042,0.991812518368612,0.991813234709053,0.99181546465364,0.991818398922897,0.991819295851633,0.991821830692162,0.991822340009761,0.991825150735041,0.991827946823528,0.991831073067251,0.991832629111781,0.991835857146141,0.991838207540451,0.991840897869955,0.991841541481527,0.991844159412313,0.991845980477696,0.991847892660224,0.991849065713508,0.991851100570465,0.99185248105005,0.991854142104364,0.991856529703996,0.99185752835232,0.991858236118906,0.991858578111214,0.991860190354269,0.991861343103784,0.991863036064383,0.991866607498008,0.991867864603386,0.991869824791889,0.99187216887895,0.991875339703494,0.991875922219497,0.991876547152634,0.991877546760055,0.99187863256603,0.991879633047202,0.991882382403315,0.991884443090275,0.991886060019755,0.991886912353459,0.991889558738906,0.991891222614571,0.991894007010971,0.991895177395005,0.991896667024051,0.991899364864305,0.991902376689481,0.991902940783783,0.991903538305979,0.99190421656869,0.991905726027461,0.991906644255266,0.991907495489511,0.991909140920993,0.991911944218191,0.991912821100688,0.991913617952859,0.991915678008017,0.991917574100926,0.991918087604021,0.991920680228653,0.991921727824536,0.991923771514723,0.991926244016904,0.991927826957436,0.991929317495949,0.991932332486394,0.991932577541847,0.99193408337697,0.991934862993508,0.991936297192037,0.991937026923732,0.991938288060227,0.991940025408905,0.991940719727517,0.991941024846667,0.991942849792916,0.991944830298333,0.991945973180991,0.991946597455001,0.991948243406001,0.991949608338588,0.99195073054939,0.9919511246466,0.991952977840088,0.991954659326835,0.991955526978012,0.991956850073645,0.991958191789369,0.991958679357448,0.991959237680328,0.991959522101986,0.991960759623214,0.991961626564272,0.991963814159658,0.991964058245606,0.991965946601663,0.991967376778343,0.991967638022165,0.99196972061089,0.991971351896024,0.991972097191881,0.991972887715304,0.991973531488413,0.991975286443147,0.991975828669075,0.99197684207588,0.991977290793562,0.991978358196317,0.991978637030779,0.991979738619218,0.991979923779316,0.991981383120888,0.991982403105709,0.991983629589576,0.991984458024687,0.991985171937387,0.99198573081196,0.991986330973623,0.991988193825791,0.991988822858759,0.99199083612571,0.991991910859412,0.991992624561005,0.991993273194295,0.991994172466099,0.991994610695534,0.991995086925893,0.991996229934316,0.991997670883754,0.992000688595623,0.992001920941046,0.992002458623046,0.992003167908978,0.992003495550458,0.992004559453458,0.992004944874815,0.992005538626921,0.992006776793624,0.992007092081791,0.992007814759558,0.992008977780318,0.99200975273344,0.992011282567147,0.992012846597382,0.992014791156739,0.992015868909691,0.992016667203068,0.992017462086808,0.992018948453395,0.992020251383941,0.992021544127553,0.992023042948958,0.992025815270192,0.992026641155599,0.992026723960691,0.992027384849774,0.992028436937444
0.754466037767042,0.80623662712028,0.811095205211803,0.862789962924173,0.888791838860692,0.920617147227801,0.930363779206612,0.93509068148393,0.946474163837452,0.950280729598691,0.95996455099177,0.963951964342252,0.967341756210737,0.968099709838878,0.970879532747346,0.973168672848885,0.974353860513188,0.974891119930736,0.975699932984755,0.976514022855063,0.977298957080461,0.977671897034288,0.978296732585603,0.978494781229042,0.978815793964836,0.980465875689186,0.980739158966782,0.980908554753091,0.981181879811436,0.981577523825053,0.98181832923972,0.982826711610802,0.983150221471307,0.98331782895061,0.983526777461102,0.98359459477747,0.983702198355509,0.983815818712209,0.984040371692313,0.984257906642443,0.984878750505346,0.984933614515107,0.985041495802487,0.985088404384086,0.985161995032978,0.985209397653994,0.985501563551196,0.985541947880039,0.988697219156722,0.988727638322543,0.988770834138027,0.989431577192884,0.989493632473859,0.989530448075075,0.989567285929106,0.989603939840734,0.989882995630054,0.989901080357315,0.989987404461001,0.990046212807484,0.99008225686507,0.990109556413287,0.99016252814975,0.990183152902356,0.990220099362475,0.990229227035347,0.99029602482117,0.990297809501383,0.990335379471209,0.990345685855078,0.990379686443136,0.990395547282224,0.990421002374143,0.990431633077606,0.990478536186661,0.990484483258539,0.990517493274074,0.990523643111874,0.990543336996218,0.9905516790812,0.990571961878774,0.9905777416512,0.990589186716014,0.990593540640212,0.990667828050059,0.990670684653754,0.990683265538647,0.990692836765243,0.990700503956563,0.990704456115781,0.990718974425791,0.990720770097702,0.9907742020388,0.990776723600365,0.990950303109655,0.99099324050819,0.991769439758183,0.991779018480089,0.991818832214916,0.991822423948955,0.991862936995693,0.992263815153437,0.992279247720196,0.992304155298704,0.992410234532375,0.992815932544654,0.99291394583513,0.992918193955698,0.992996131179299,0.993002992969306,0.993011324990223,0.9930145650425,0.993172804635639,0.99322205338183,0.993243059547991,0.993247636051867,0.99325618513401,0.993264023588223,0.993638476001353,0.993699202239546,0.993902217675896,0.993934141248314,0.994069601423497,0.994073220076547,0.994247580246503,0.994249330577152,0.994294203984214,0.994321127665704,0.994568427249006,0.994639308883347,0.994854682806325,0.995129034803805,0.995144783684238,0.995188404687203,0.995409501492985,0.995410370405961,0.995522734956011,0.995545298375241,0.995579040307314,0.995587501376641,0.995674591719077,0.995751215523002,0.995756498078227,0.99603815747766,0.996167355722825,0.996174286920592,0.99620301216713,0.9962137348082,0.996263391778622,0.996272631422091,0.996434934414144,0.996444187199576,0.996507499978177,0.996551792326992,0.996864887474552,0.996872211992811,0.996972634321027,0.997015322437166,0.997042311800689,0.9970482759246,0.997071174836795,0.997097907786354,0.997133394554049,0.997217523537713,0.997336231600707,0.997368287627476,0.997436866769472,0.997441135087251,0.997540347753618,0.997548317340171,0.997569282506775,0.99759466339807,0.997657981014215,0.997710807313603,0.997741538390901,0.997745401059012,0.997753974620154,0.997754766573207,0.997777400945377,0.997808744195357,0.997845667048671,0.997854490056647,0.997883989556405,0.997913476748001,0.99794746201719,0.997971951761923,0.99799654858458,0.997997755861045,0.998057619587724,0.998075330340779,0.998112009072813,0.998117341580611,0.998140083694271,0.998151488587975,0.998175349705978,0.9981758643511,0.998183210444381,0.998188086695496,0.998191049577377,0.998194239442009,0.998214066258859,0.998219665139699,0.998233078148899,0.998236055964352,0.998279588384923,0.998296619264211,0.998311784397439,0.99831995778943,0.998323255318765,0.998327194328243,0.998370361877996,0.998376963743434,0.998405500570019,0.998408604920307,0.998416162697505,0.9984175178291,0.998431287186408,0.998437279577943,0.998451955161674,0.998467905252823,0.998476278171795,0.998488878190029,0.998490526625576,0.998494806355043,0.998505327582985,0.998509630369794,0.998559236545704,0.998562252123954,0.998570838184776,0.998572871518338,0.998582441099571,0.998583095904085,0.998589525438296,0.99859277700918,0.998600920939007,0.998602806011914,0.998625937354022,0.998629078889904,0.998631571897725,0.998634173538359,0.998673402838013,0.998682430470768,0.998687826854456,0.99869024164759,0.998695282070324,0.998700956654293,0.998708650198224,0.998715611448919,0.998723714558684,0.998725050952881,0.998728165155465,0.998728470117097,0.998735076085331,0.998737321202284,0.998739993279197,0.998741572941721,0.998749166705695,0.998750743748192,0.998765950502773,0.998772265853759,0.998776096527252,0.998776169187245,0.998782482659811,0.998785060545168,0.998788180371507,0.998794334784156,0.99880169014558,0.998803608439147,0.998812228790451,0.998813827258596,0.998818263701035,0.998819814696519,0.998821991195746,0.99882557924873,0.998830599463152,0.998832077465519,0.998838915448311,0.998840155079696,0.998849905453513,0.998850843183092,0.998852620848841,0.998858922813189,0.998861052310295,0.99886207948943,0.998871595698533,0.998873429996719,0.998878822560625,0.998882251142958,0.998911694401156,0.998913402016585,0.998915225955568,0.998918228507183,0.99891954958748,0.998925128279468,0.998933847059372,0.998936355712384,0.99893952091323,0.998940564938293,0.998946991869681,0.998948063754748,0.99895288113495,0.998955792384853,0.99898334200439,0.998985152724896,0.999011186533396,0.99901134930363,0.999014176179483,0.999017312769888,0.999021423821896,0.999022070198328,0.999024054182077,0.99902727978539,0.999036047595172,0.999037868564938,0.999039317374908,0.999040749204,0.999043222762153,0.999043897747087,0.999047905328565,0.999050700203105,0.999057125967752,0.999058122625953,0.999059508173391,0.999061242145905,0.999062158489615,0.999062280510921,0.999066051109817,0.999068107780249,0.999069332887443,0.999069430475705,0.999076863685256,0.999080954212068,0.999086770164585,0.999088113520583,0.999092507814399,0.999095165896046,0.999098630010811,0.999100742172377,0.999104778334179,0.999105310732434,0.999109329410686,0.999109458269852,0.999111508944692,0.999112107796822,0.999117433847445,0.999117573950377,0.999119793659192,0.999121585183844,0.999127816185424,0.999128893603787,0.999133226588833,0.999134492865224,0.999135401441764,0.999136895582805,0.999142907813866,0.999144863793223,0.999159361990596,0.999160441902418,0.99916184295469,0.999162598915692,0.999165005623213,0.999165393897796,0.999167107820857,0.999169941140438,0.999171616727193,0.999172038609678,0.999174094463451,0.999176127118113,0.999177052471941,0.999180260608898,0.999183001676868,0.999184784175772,0.999185514563001,0.999185740449105,0.999186821439329,0.999187296123017,0.99919003459056,0.999190876903164,0.999192298163896,0.99920994145745,0.999213347720948,0.999214094916087,0.999215702862262,0.99921615730973,0.999218352105226,0.999218794917033,0.999219484801584,0.999222396476093,0.999223734296703,0.999225812977396,0.999228736797136,0.999229381607757,0.999232319078286,0.99923303788497,0.999234443682735,0.999234957474349,0.999237046078351,0.999237981719234,0.999240885093323,0.999242457004759,0.999244191561285,0.99924420956741,0.999246034076651,0.999247681160371,0.999249078896585,0.999249670266629,0.99925135329833,0.999252327864528,0.999254544411193,0.999255340158571,0.99925597081535,0.999256686507441,0.999258357810288,0.999258359230954,0.999261073522184,0.999261667487555,0.999263348951298,0.999264499188701,0.999267301367305,0.999268797475547,0.99927110731203,0.999272534180833,0.999276393828406,0.999276663673648,0.999279516847335,0.999280639184103,0.999282512680825,0.999282944844966,0.999284584898124,0.999286194389845,0.999286826642537,0.999287753744878,0.999290162021259,0.99929045043058,0.999291459765953,0.999292469489614,0.999293051841864,0.999293540915493,0.999293882619083,0.999294409289969,0.999297447265187,0.99929756515147,0.999302746173143,0.999303287714571,0.999305593886045,0.999306002094901,0.999307882058306,0.999308963394132,0.999310505370647,0.999311488105838,0.999314396543654,0.999315638999716,0.999317502599472,0.999317891924565,0.99931889505431,0.999319058030118,0.999320422592992,0.999321011998415,0.999321795865545,0.999323267620584,0.999325502557383,0.999325573162999,0.999327017416743,0.99932901593252,0.999330102472533,0.999331366952179,0.999332282205322,0.999333099877369,0.999334926469046,0.999335222169747,0.999336053320637,0.999336482922023,0.999337839704829,0.999338201469341,0.999339059425732,0.99933968930715,0.999341835729099,0.999342436581384,0.999343103464672,0.999343570540626,0.99934615370695,0.999346153706987,0.999347986872696,0.999348482138974,0.999350291508551,0.999350428832104,0.999351890872115,0.999352455131091,0.999353534285139,0.999353606221702,0.999354405527912,0.999355056773093,0.999356687265196,0.99935734604715,0.999357793267064,0.999359186020481,0.999360596225418,0.999361086670122,0.999361848325287,0.9993627005886
0.824178762345539,0.855793638992171,0.875517807397398,0.883460751346537,0.897239096998084,0.914048663626434,0.92967195534018,0.934521361649114,0.941081010284949,0.944373869397697,0.950987705476986,0.953288001597557,0.955802479427318,0.957666366732586,0.961900251860651,0.965446649794181,0.967702489059968,0.96861317792673,0.970149532262114,0.970499478084362,0.972319959414392,0.973514337654586,0.976806048233703,0.977119787799298,0.977529943703456,0.978443569161823,0.980652774007369,0.980752877800468,0.981034281551523,0.981203589378367,0.98145412702306,0.981527181578572,0.981779631011715,0.981868737439459,0.982029042177898,0.982116953042765,0.985464968629183,0.985505063528422,0.985701406478351,0.985797509965852,0.985992261556459,0.986068611176138,0.9867749026155,0.986912347597173,0.98702452713209,0.987925425751921,0.988017007600906,0.988086724271022,0.988244350455013,0.988286514111947,0.990160114030801,0.99018272781651,0.99042803585429,0.990772991948968,0.99083779024653,0.990888808903347,0.991006923333759,0.991075426858625,0.991571782780753,0.991700639012638,0.991899231009278,0.991913718450371,0.991951576682794,0.9919738099906,0.992058550977059,0.99215523135523,0.992272325267183,0.992298206338367,0.992367519629217,0.992375279299155,0.992541982312196,0.992566519741651,0.992665731132569,0.992707360637324,0.992953192652813,0.992984605796884,0.993206917870265,0.993224054272526,0.993290368910951,0.993295718957619,0.99393586713365,0.993980090467946,0.994049846670646,0.994059950419484,0.994108777827913,0.994152992623684,0.994226647618351,0.994285182059347,0.994339308987287,0.994349456628651,0.9944314681119,0.994522371807883,0.994578762092637,0.994587098323525,0.994632078211252,0.994644079414255,0.994690201575467,0.994938472171883,0.995021265274812,0.99502777570548,0.995085933034511,0.995091275704985,0.99511292620485,0.99511730862866,0.99527084180048,0.995276275898584,0.995412693318304,0.995419418404203,0.995548442808895,0.995557435438329,0.995583419010885,0.995586393986444,0.995655934441328,0.995664642113338,0.995696268240789,0.995699934369928,0.995713719911497,0.995920982422937,0.995968291195922,0.995972397220851,0.996018389653699,0.996024084132543,0.996145405657672,0.996159375518384,0.996244105676636,0.996266743789061,0.996281706043539,0.996286592009493,0.996302377698139,0.996305645458345,0.99636824596579,0.996381310453858,0.996409191647436,0.996414897635522,0.99649258413177,0.996496859472315,0.996689329354303,0.996767132582538,0.996777179017192,0.996781966115694,0.996789277510748,0.996795412838999,0.996835851965181,0.996837473856888,0.997000282434486,0.997003256475752,0.997025279530087,0.997043793040959,0.997190957177802,0.997229695832462,0.997293769497768,0.997338843253475,0.997514972349732,0.997521789565545,0.997634698941602,0.997637127772368,0.99765646806586,0.997662748378046,0.997680457627179,0.997719618804836,0.99772674394764,0.997760461380662,0.997774722798327,0.997776287940568,0.997800659847046,0.997802333552408,0.997811570761307,0.997819578407227,0.997897404286651,0.997902149737763,0.997967991263224,0.997972342422124,0.99798528244957,0.997989420632811,0.998028094208381,0.998031846929098,0.998064866239321,0.998066620575552,0.998079949472321,0.998099875510682,0.998118791319428,0.998122259051539,0.998124968192606,0.998155117029301,0.998171979926144,0.998173835022566,0.998188270158403,0.998192752188313,0.998207026750182,0.998221680649118,0.998241697855182,0.998242934740715,0.998275247827575,0.998278580305981,0.998292810321362,0.998296815559726,0.998313752171009,0.998319045143795,0.998345415323426,0.998345717558202,0.998357262280043,0.998370158573952,0.998391639168068,0.998396905826484,0.998442526820961,0.998447972062116,0.998452583465211,0.998455967159047,0.998479917792272,0.998494119006462,0.998514214907879,0.998519081733898,0.998533966391572,0.998535468969813,0.998542068493261,0.998553144578213,0.998561707020394,0.998562878287202,0.998570252088287,0.998576662821982,0.998597675738666,0.998598690389977,0.998605931566269,0.998608884887108,0.998614544937031,0.998617123105513,0.998635009518981,0.998637744192463,0.998659630877609,0.998662440261383,0.998669692169384,0.998670464633232,0.998682596511911,0.998683195459208,0.998688590702733,0.998689758394642,0.998703087470101,0.998714065204301,0.99874049237437,0.998742805368988,0.998748076394005,0.998751251409676,0.99876080864128,0.998761157834712,0.99878878853925,0.998790509003265,0.998805915732764,0.998810497230196,0.998815761060315,0.99881798068186,0.998830179450709,0.998834939967399,0.998849762019831,0.998850125604409,0.998855925011062,0.998868827762528,0.998872436137855,0.998873679974742,0.998876681925727,0.99887785023231,0.998881973348428,0.998886715247296,0.998896730899689,0.998898264023601,0.998902099531195,0.998911916376109,0.9989168197427,0.99891955518523,0.998925058546561,0.998925768159582,0.998931610788675,0.998935531079904,0.998942740858477,0.998943776818555,0.998953802982785,0.998958035573123,0.99896580354421,0.998969015297424,0.998970639281704,0.998972883287421,0.998984276049176,0.998986145784353,0.998992205205335,0.998992835534577,0.998999138149784,0.999008210395385,0.999015291064063,0.999018058234332,0.999022881063855,0.999023175741676,0.999027961910563,0.999028365392937,0.999032431699441,0.999035996813527,0.999039696270271,0.999043790912614,0.999048253940022,0.999048724136817,0.999051402560478,0.999052147404171,0.999054342035592,0.999055963065764,0.99905769147533,0.999060193148032,0.999062519574569,0.99906357123739,0.999066390629967,0.999067376988542,0.999068949943431,0.999071611276225,0.999072982468334,0.999073792925741,0.999076485195024,0.999078532207794,0.999080230072921,0.999081015270151,0.999084072501457,0.999085851452843,0.999087064197562,0.999088193032486,0.999090084575811,0.999091099565265,0.999093927092677,0.999096359644314,0.999100009530745,0.999100404489229,0.999104017476764,0.999108676382762,0.999111712141299,0.999112238777444,0.999117599794847,0.999119270291139,0.999121707357338,0.999123150465409,0.999123999990283,0.999124208213208,0.999127193587618,0.999127911090977,0.9991305464681,0.999131835984448,0.999134879038678,0.999135959094453,0.999138570783675,0.999139346517005,0.999142780561922,0.999143366079017,0.999145581321743,0.999149061771029,0.99915434590836,0.999154970345353,0.999159005911355,0.999160358855785,0.999164955833102,0.99916570061785,0.999166781974114,0.999168557688497,0.999171508925662,0.99917217435252,0.999174183110407,0.999175262966792,0.999181129963764,0.999184809549056,0.999190431950312,0.999191457960308,0.999194310090885,0.999194735534542,0.999195710651485,0.999196670308787,0.99919823775648,0.999198251111997,0.999199971274792,0.999201710557474,0.99920273533227,0.999203559955313,0.999205283374116,0.999207331258735,0.999209914619328,0.999212268019991,0.999213700636519,0.999214590521785,0.999215961581591,0.99921612493988,0.999216807251891,0.999218260854117,0.999219475766954,0.999219977214198,0.999221759259096,0.999222936544709,0.999223813204807,0.999224225788515,0.999225433609732,0.99922617697869,0.999226920374743,0.999227139184976,0.999228386648595,0.999229442266486,0.999233690624299,0.999233860951232,0.999235099918846,0.999236382879545,0.99923805515228,0.999238199083261,0.999239981730567,0.999240396913696,0.999241536822536,0.999243255767307,0.999244059818577,0.999244465793072,0.999245276040174,0.999245847914489,0.999246361908843,0.999247780239962,0.999248980583281,0.999251350576408,0.999254714616893,0.999255216209056,0.999256840508782,0.999257335948136,0.999258702189691,0.999260523158416,0.999262095417744,0.999264043080989,0.999265021123659,0.999267169910086,0.999267702314394,0.999269571660505,0.999270282375357,0.999271268750667,0.999273464434508,0.999273908947622,0.999275202095774,0.999275645745229,0.999276239892016,0.999276465114789,0.999277850975323,0.999281057855431,0.999282154688796,0.999282204614523,0.99928418539877,0.999285118902639,0.999286343588891,0.999286512806225,0.999287866146152,0.999289876740755,0.999290532599111,0.999291167036319,0.999292451871342,0.999292996819965,0.999296714512684,0.999298582353734,0.999299400444415,0.999300249784363,0.999300944786053,0.999301893819955,0.999303535188486,0.999304894875554,0.999305580294934,0.999305982149831,0.999306651572048,0.999307419758977,0.999308441966361,0.999308893764945,0.99931051192137,0.99931146150725,0.999312423284732,0.999313327649822,0.999314692851655,0.999315566916239,0.999316443543936,0.999316869379492,0.999318019496842,0.999318807495617,0.999319668564502,0.999319893903664,0.999320518891624,0.999321681253704,0.99932326293617,0.999324509853888,0.999325036803901,0.999326108896373,0.999326972510924,0.999327499931165,0.999327927566259,0.999328980728748,0.99932988085391,0.999330607983078,0.999331666820319,0.999332279800188,0.999332874408405,0.999333628851121,0.999334507816552,0.99933543964781,0.999336251851416,0.99933719249093,0.999338480211243,0.999339505553565,0.99934047364003,0.999340743123737,0.999341569537891,0.999341747792958
0.761064291030429,0.821866239537614,0.833128487450109,0.858895906728141,0.877016066252857,0.888937636093103,0.912359208654503,0.921971480458618,0.944415136337038,0.95147492482022,0.960716949887997,0.961353585452091,0.965864551218031,0.966723760617237,0.972666125676253,0.974188734900112,0.976020335040765,0.978661848439107,0.979466956941268,0.979711460414317,0.980407584148264,0.980634760240114,0.985357049970703,0.985602277740451,0.985950340175211,0.986005725411959,0.986276022013664,0.986415924110785,0.986614322554679,0.986676762449824,0.98687678108277,0.98700579793181,0.987169034930806,0.987267069221871,0.987952608580349,0.988007566235804,0.988131634251556,0.988226523290405,0.988348424207553,0.98839227782806,0.988976721536895,0.988993231743485,0.98988439780007,0.989918984401748,0.989980373500294,0.990302227648149,0.990384402211149,0.990413012280308,0.990499092271782,0.990535113286697,0.990649075159638,0.990750604814934,0.990784860230353,0.990904520787773,0.990941662179306,0.991090948964505,0.991160437748981,0.991176250154668,0.991280831849796,0.991330145075132,0.991348778433167,0.991380060235107,0.991403777625057,0.991411908879069,0.991491013530139,0.991496018673806,0.991767633242614,0.991800652004467,0.991889274121423,0.991902434037035,0.992369738324369,0.992612098142075,0.9926409232064,0.992656865948982,0.992734262834976,0.99274077517154,0.992815280525193,0.992829974902621,0.992853107405196,0.992862004615887,0.99289145586785,0.992906704227166,0.992915293015885,0.992933015175161,0.992961323883093,0.99300011930577,0.993030778281293,0.993034810288957,0.99305179674285,0.993056377989784,0.993075155301664,0.993078635507971,0.993090443074426,0.993110001848834,0.993128296316889,0.993134853489122,0.993218920701011,0.993222875517192,0.993233918929798,0.993236441860965,0.993414430719127,0.993424361178116,0.993485119639295,0.993550438694063,0.993564690779397,0.993567033624229,0.993581040814625,0.993587029652169,0.993706431696996,0.993816176830193,0.993868663255939,0.993915587613357,0.994006541636044,0.994012343047455,0.994050570219413,0.994080258787382,0.994120881411366,0.994124844168884,0.994129135563643,0.994140079252935,0.994183888590915,0.994186780795237,0.994192410295486,0.994193984454535,0.994356849103883,0.994361220067456,0.994368790653074,0.994372214592294,0.994413057888801,0.994413558049623,0.994415238190745,0.994416227272693,0.994441791255226,0.994448702539697,0.994461814557989,0.9944735694312,0.994475407669749,0.994478210111689,0.994514047901344,0.994516808301139,0.994537670150908,0.994542251241562,0.994550867249666,0.994637677274384,0.994655945353465,0.994776689895204,0.994780921081038,0.994788801177454,0.994793395160381,0.994797073056833,0.994811714435942,0.99482177873051,0.994936756305397,0.994939546042666,0.994985024961891,0.995005917367146,0.995064931021575,0.995068891509789,0.995115410246317,0.995118012630363,0.995130775955315,0.99513200501123,0.995139317432182,0.995143674634913,0.995144755644417,0.995147369149077,0.995230432938778,0.995241634350993,0.995329372539553,0.995330147427611,0.995374491945922,0.995509278521165,0.995517061532202,0.995534187442792,0.995570838026801,0.995572393877238,0.995705764356937,0.99572470747603,0.995818478154254,0.995824282372385,0.995839845284358,0.995847629785561,0.995857668425131,0.995861143783468,0.995949441281032,0.995951211934209,0.996163489249905,0.996209240061212,0.996221490303674,0.996228019020509,0.996280876086632,0.996287667745859,0.996292346634378,0.9964138847054,0.996450836436424,0.996452569555899,0.996460720203559,0.996462730265443,0.99646711685585,0.996477485384684,0.99658271148032,0.996583823451019,0.996648664161878,0.996694452932788,0.996701442440093,0.996784414143555,0.996823172009338,0.996825953442698,0.996858738487791,0.996859848327901,0.996904276844909,0.996913970229017,0.996982948131975,0.996983185530098,0.997013582035596,0.997015275743475,0.997022686835732,0.997028368302774,0.997128828720804,0.997131998060985,0.997179197618974,0.997186896173156,0.997234981409995,0.997266385312622,0.99728039311189,0.997317393228744,0.997331269689492,0.997462653551997,0.99753665315873,0.997537737083987,0.997591051320881,0.997671593755456,0.997681687015232,0.997745873651572,0.997787528353346,0.997795628536331,0.997829822123249,0.997835219019802,0.997851992669253,0.997853511412173,0.997877802638222,0.998012425866281,0.998061601060213,0.998062419914849,0.998068762354991,0.998081535634888,0.998094147875779,0.998112893543846,0.99813149638386,0.998179354138759,0.998201771908149,0.998203148531412,0.998206224620759,0.998212971931662,0.998221915413097,0.998243010953252,0.998258038008309,0.998265938841013,0.998289221136487,0.998295887910409,0.998326423900043,0.998336167517618,0.998377950948138,0.998380165190674,0.998400523349871,0.998410939015658,0.998447653592262,0.998458700381271,0.998473809340263,0.998476557915616,0.998494984831063,0.998510050292749,0.998527785890893,0.998535945726733,0.998571436788297,0.998577285919816,0.998598949708567,0.998618413243912,0.998646330390238,0.998654486359084,0.998670621089994,0.998673266192321,0.998678143399311,0.998681791367419,0.998711369076852,0.998716801593572,0.998742243279586,0.998744199644176,0.998754352009767,0.998754968323762,0.99876942884636,0.998771844494172,0.998776902716604,0.998782046861514,0.9987880766536,0.99879468011847,0.998803271791161,0.998808690358296,0.998829216554608,0.998840810126818,0.998851092065483,0.998854311690978,0.998868050783942,0.998871530728125,0.998882988017023,0.998892764527186,0.998899764566914,0.998901497048646,0.998910373018967,0.998911688777327,0.998914710426812,0.998918244556752,0.998929044438309,0.998932216087796,0.998936436016508,0.998939084428504,0.998944161292331,0.998946822863367,0.99895115674976,0.998953969636951,0.998958215406341,0.998960026324898,0.998969596179506,0.998971610356454,0.998975943673627,0.998976562183785,0.99898161121793,0.998990761940106,0.998993612216144,0.998995513855386,0.998998559401155,0.99899898036531,0.999010759027573,0.999011694256716,0.99901496446118,0.999015971702114,0.999018599725576,0.99901967136734,0.999024214575044,0.999028429684851,0.999029772616587,0.999030749517104,0.99903555225223,0.999036611555729,0.999042626978018,0.999043602528658,0.999050452836586,0.999056577495704,0.999060346369691,0.999065127420595,0.999068723326058,0.999070161606513,0.99907246740726,0.999075819252738,0.999077261086819,0.999078546498704,0.999079804076882,0.999082139482938,0.999085150617928,0.999088325637988,0.999089657296305,0.999090530024572,0.999095582089223,0.999096190950668,0.999099109621746,0.99910047214958,0.999102273728409,0.999103938215026,0.999105694764294,0.999107862249311,0.99910866883996,0.999111123026246,0.999114833453279,0.999115546707629,0.99911819816967,0.999120943966413,0.999122578631966,0.999123903345962,0.999125576748746,0.999128306489783,0.999131349773408,0.99913273784272,0.999134381288339,0.999134979825651,0.999136983568534,0.999137266642514,0.999138887510713,0.999140460638007,0.999144166709215,0.999144701499264,0.999146120503442,0.999148121547667,0.999154936965678,0.999156256904898,0.999159411291513,0.999160627824862,0.999163263431497,0.999163740864365,0.99916519265551,0.999166833877874,0.99917183290083,0.999172813860658,0.999174695952267,0.999176407681539,0.999179365152748,0.999180703399634,0.999183326572761,0.999184348610984,0.999188187259516,0.999188885235378,0.999191503982972,0.999192567306781,0.999193581475162,0.999194776629612,0.999195441674769,0.999197786492769,0.999198612559293,0.9991999775476,0.999201150631274,0.999202849487009,0.999205871299162,0.999207467418864,0.999211952862068,0.999212493023514,0.999214792478953,0.999215712605936,0.999219064932513,0.999219576498243,0.999221438203639,0.999222103304226,0.99922355371917,0.999224046935927,0.99922688412594,0.999227463220022,0.999228375030399,0.999230565360191,0.999231488227924,0.99923168478875,0.999233872542417,0.999234900178894,0.999236498172815,0.999236660822658,0.999237877153313,0.999237914624815,0.999239345808042,0.999239917224427,0.999240811189539,0.999241904465692,0.999243783216751,0.999244614675868,0.999247010081595,0.999247588780554,0.999250013435992,0.999250510211365,0.999251265523616,0.999253891184506,0.999256560593558,0.999257533619482,0.999257883645224,0.999258610525483,0.999258967136087,0.999259647616015,0.999261012220803,0.999262629343739,0.999263824269256,0.999264473545583,0.999265669236382,0.999266754452007,0.99926865840583,0.999269680822377,0.999271754702694,0.999273262242745,0.999274476064065,0.999275406142098,0.999277723953186,0.999278887953848,0.999281410312027,0.999282601176061,0.999283708462824,0.999284843863565,0.999286734042603,0.99928779904595,0.999291411155608,0.999292148533381,0.999292803079023,0.999293446876584,0.999294179603983,0.999295701660165,0.999297527830877,0.999297935232041,0.999298899403771,0.999300207043097,0.999301597265191,0.999302102140653,0.99930257387884,0.999302874851614,0.999303494000323,0.99930368871517,0.999304256081344,0.999305210327461
0.833389016687136,0.885253762152479,0.888509029058052,0.896445666530124,0.918019391210686,0.92095595648711,0.928284224989243,0.937097522428709,0.948741458949442,0.953282561815792,0.959565836258206,0.96072596438451,0.966580150947074,0.969396686168641,0.971945295994845,0.973816722443842,0.976286176324013,0.977548890786005,0.979838610336667,0.980604775566307,0.981334901137902,0.981702706063591,0.982927545175752,0.983124803108603,0.983495856638896,0.983776643446784,0.984197077411395,0.984389483378896,0.985000691821015,0.985390030836448,0.985816876101404,0.986127725534896,0.986376263910928,0.986508091009908,0.986747649385953,0.986791242927584,0.986994258744146,0.987082634472133,0.987457206409366,0.987572915295808,0.987753770514505,0.987802552039338,0.988042739627419,0.988087416783963,0.988224810736714,0.988356752977085,0.988484758154962,0.988532298621467,0.988625092106294,0.988702292883641,0.98879838174998,0.988847383214695,0.989009625589085,0.989184723698754,0.989310996029206,0.989357702248595,0.989461443810391,0.989493519070981,0.989565837775714,0.989606163875381,0.989639308919892,0.989721772510018,0.98977167501703,0.989785285458719,0.989813636813989,0.989839178870352,0.989868500126597,0.98989279006305,0.989958042261736,0.989974878278259,0.990021208612737,0.990041741402267,0.990133275987406,0.990165136657214,0.990206232205631,0.990222663438186,0.990273594880464,0.990305379213999,0.990326206226116,0.990331763829178,0.990372656534899,0.990394609372773,0.990426840182488,0.990433904758828,0.990530468509387,0.990539640461143,0.99057762094956,0.990607102282073,0.990641407835694,0.990660435471236,0.990698798962369,0.990714964840871,0.990738537786836,0.990750084284433,0.990767919494075,0.990773728832997,0.990802421419393,0.990832853795128,0.990861065834375,0.990869234327617,0.990889169321546,0.990906618587637,0.990927560920898,0.990934604902832,0.99094998707063,0.990952578149876,0.990969179422924,0.990980808774625,0.990994724254678,0.991001192357546,0.991019709860796,0.991027856949974,0.991044350801221,0.991052627377891,0.99107230845039,0.991083207191831,0.991104528770087,0.991109291474059,0.991126993895632,0.991139536849696,0.991153055875211,0.991157969931564,0.991166544996081,0.991168476322841,0.991196603381044,0.991202974296976,0.991214267818145,0.991228699991172,0.991240438595497,0.99124710578558,0.991255621692741,0.991261475865281,0.991270994946981,0.991278645253719,0.991286767213301,0.991294313278752,0.991303911887326,0.991309223696822,0.991316461050007,0.991322370536347,0.991327270413008,0.991330548420138,0.991343038768104,0.991346807766363,0.991359532665375,0.991366381560543,0.991371914556633,0.991375858909251,0.991381959779075,0.99138469809669,0.991394155564234,0.991396930825469,0.991409220900226,0.991410714542912,0.991418532204565,0.991421876250561,0.991439034116486,0.9914479319065,0.991453940909028,0.991457266396926,0.991466050456651,0.991468747349402,0.991473494417572,0.991481890699016,0.99148543896408,0.991487537206587,0.991491772802656,0.991497465172191,0.991499992854654,0.991504660651004,0.991510536106171,0.991515101293727,0.991520491894991,0.991521882391324,0.991524391939912,0.991527913295916,0.991536212658139,0.991538217062492,0.991541041690381,0.991546052670215,0.991553060632467,0.991555835735597,0.99156245483728,0.991566296765797,0.991575033954898,0.991577197690871,0.991579758474354,0.991584046187018,0.991591554735897,0.991595886487873,0.99159874296345,0.991599596474954,0.991601784577482,0.991602480280007,0.991607670227207,0.991609323762341,0.991612793549662,0.991616133847557,0.99161955871085,0.99162264062102,0.991625717466993,0.991628795968045,0.991630689358435,0.991633804345774,0.991636056602924,0.991636394767999,0.991640478989084,0.991642588196003,0.991643500351855,0.991644918465283,0.991647960843989,0.991650463815133,0.99165328435078,0.991653739188243,0.991659442122225,0.991663637768656,0.991664711873481,0.991667102417269,0.991672009833928,0.991675052103152,0.991676856178083,0.991678263506263,0.99167921430027,0.991681641324953,0.991687051966741,0.991688990916201,0.991691034897507,0.991693507186359,0.991696516435628,0.991698550063528,0.991703060376617,0.991707266572892,0.991709467957959,0.991711970898413,0.991716686453494,0.991719427908105,0.991723141658492,0.991724554766467,0.991728759672001,0.991730495797441,0.991734159810938,0.991735110958926,0.991737561773122,0.991739461927065,0.991743205940739,0.99174723821511,0.991749314092192,0.991750323060301,0.991753532173885,0.991755983144904,0.991758387779057,0.991759402319109,0.991762271869838,0.991764168054565,0.991767250657374,0.99176872468335,0.991771531695878,0.991773931227006,0.991777169795996,0.991779772654654,0.991783253814132,0.991784697847477,0.991787477619914,0.991788563518018,0.991791622396055,0.99179179004558,0.991794357916601,0.991795543403093,0.991797575248647,0.991801117270954,0.991802583987166,0.991804653746921,0.991806542855702,0.991808481518873,0.991810690212809,0.991811585258677,0.991813576281626,0.991814505915717,0.991817230423759,0.9918183942131,0.991821349741766,0.991822555027422,0.991825702031693,0.99182719224062,0.991828665199351,0.991829212924233,0.991830547819215,0.991831962135541,0.991834370372072,0.991835275490044,0.9918367971472,0.99183780423714,0.99183941980062,0.991841054741509,0.991842149271943,0.991843241140858,0.991844089446411,0.991846522068543,0.991847987518195,0.991848277105961,0.991848585852944,0.991849246642459,0.991850220903087,0.991852093730071,0.991853321431607,0.991853630029588,0.991855086336434,0.991855836385915,0.991857368852629,0.991858068333934,0.99185948236652,0.991862133331443,0.991864882854934,0.99186662533035,0.991870330413231,0.991872702472099,0.991873944685463,0.991874116187812,0.991876134662731,0.991877934231154,0.991881042661423,0.991883467390329,0.991884269321794,0.991885282727467,0.991887763675929,0.991888254021743,0.991888771072253,0.991890406832088,0.991891548252821,0.991892428388816,0.991893307164031,0.991894097936126,0.991895377722906,0.99189594004585,0.991897309996691,0.991898295847596,0.991899712893755,0.99189992658831,0.991900837351092,0.99190210036069,0.991903542599235,0.991903543586427,0.991904618789106,0.991906093030111,0.99190821546667,0.99190872155057,0.991909148276355,0.991909660873842,0.99191050433992,0.991911896871891,0.991912986741415,0.991913591207392,0.991915468579379,0.991916352642816,0.991917332523473,0.991918578962201,0.99191992755811,0.991920422036496,0.99192173829044,0.991923043993892,0.991924371458783,0.991925218447774,0.99192592872586,0.991926920198064,0.991928253159764,0.991928714233796,0.991929646273168,0.991930670695513,0.99193139264052,0.991934360126023,0.99193603828367,0.991937599057875,0.991939442979516,0.99194167912648,0.991943698893717,0.991945300322691,0.991946608818553,0.991947191472873,0.991947741043829,0.99194814653667,0.991950529920808,0.991950935087636,0.991953099845782,0.991955019062191,0.991956010546225,0.991956311592803,0.991958803193755,0.991959723022091,0.991961656503997,0.991961991031652,0.991964223221284,0.991964357980333,0.991965182933173,0.991965951908929,0.991967517170394,0.991968475698842,0.991969768122166,0.991971511154252,0.991974542357765,0.991976393039028,0.991978025868492,0.991978398934212,0.991981103821703,0.991981773214425,0.991983071166861,0.991983260110372,0.99198396848831,0.991984158585235,0.991985594125225,0.991986459398749,0.991988974068802,0.991989924780444,0.9919908501424,0.991991279822106,0.991992061764284,0.991992483897767,0.991993728670245,0.991994645194068,0.991995623625775,0.991996506371424,0.991996999177873,0.991997294195421,0.991997938838488,0.991998997321032,0.992000137985491,0.992000566839414,0.99200102849695,0.99200156958203,0.992001918343981,0.992002075356553,0.992002876880593,0.992004872984018,0.992005466954703,0.992006109349346,0.992007510610991,0.992008928993946,0.992009514775975,0.992010147974801,0.992010858028682,0.992010979910588,0.992011891994741,0.992012233355133,0.992012562180695,0.99201319770013,0.992014447227107,0.992015208680577,0.992016232492718,0.992017005621366,0.99201879632739,0.992018891783894,0.992019767122627,0.992020574358699,0.992021420331312,0.992021715316733,0.992022077265831,0.992023706192256,0.992024494580143,0.992024889669246,0.992025512954575,0.992027027263549,0.99202754830412,0.992028148714587,0.992029583738336,0.992031206280788,0.992031596659516,0.992032409211445,0.992032939633019,0.9920336710561,0.992034849232268,0.992035221558365,0.992035882548884,0.992036409255075,0.992037314815766,0.992037415009189,0.99203817943542,0.992039038898243,0.992039508459689,0.992039778261803,0.992041102950898,0.992041645369593,0.992042994409781,0.99204314060476,0.992044025369493,0.992044991343433,0.99204570239735,0.992045924524427,0.99204650003034,0.99204723421105,0.992047495430382,0.992047953735325,0.992048630086537,0.992049139028231,0.992050909842237,0.992051187676526,0.992052346163597,0.992053080785558,0.992053665006166,0.992054547365192,0.992054979877921,0.99205683168589
0.762855412770941,0.818838328820383,0.844579642396619,0.858441254838796,0.875696513744106,0.90305557521777,0.915745634609562,0.933905644024673,0.945949980579751,0.948848509390694,0.956502210890107,0.960049937003986,0.966379641086915,0.967330310304556,0.970224652003861,0.970972397238132,0.975635081057937,0.976183370175068,0.978269690352517,0.978564058662904,0.979102496147401,0.979486529146487,0.979932555457031,0.980309551300505,0.980739539302024,0.980913157659136,0.981234657020567,0.981490542005934,0.981747888143824,0.982334667192466,0.982583890361787,0.983060571494112,0.983325913371383,0.983410932671619,0.983502577575984,0.983577319761045,0.983809455976802,0.983991455053469,0.984111514567832,0.984151292603409,0.984340037737553,0.984483683716953,0.984628330598354,0.985066310871716,0.9853217335596,0.985342555005394,0.985424539617776,0.985458730583647,0.985550610413572,0.985805645769059,0.986852883568118,0.986863741098067,0.987145888573935,0.987569745026053,0.988012906331402,0.988026663256316,0.988717428942669,0.98877359800268,0.989900974783076,0.989916521521425,0.989972958749447,0.989987684900761,0.990302925715483,0.990413241999372,0.990801945210884,0.990810649290691,0.990838719477845,0.990850834754662,0.991355581740199,0.991364619564003,0.991897392342635,0.992007042493327,0.992042742328434,0.992065021580746,0.992110521182717,0.992412908537088,0.992473391870133,0.992484304216122,0.992537709514576,0.992886685927019,0.992926538369209,0.992982141300458,0.993074418377666,0.993511166020132,0.993533740462435,0.993544364614909,0.993735345773376,0.994941044923195,0.994969570413539,0.995058821062645,0.99508077804334,0.995141495498244,0.995193363029276,0.995489559275585,0.995776954169725,0.99578596729037,0.995895728948766,0.995931686636526,0.996116536421736,0.996120592204368,0.996128039081357,0.996136191566003,0.996207712873785,0.996228486992915,0.996250720554744,0.996319623172061,0.996338382442674,0.996356770287403,0.996468351216599,0.996498817129395,0.996559348144414,0.996600041728486,0.996743447207878,0.996756338438035,0.996776761391891,0.996791086475805,0.996804722150499,0.996815032433853,0.996958393206147,0.996959396312528,0.996976310559025,0.99697651533595,0.996984350937959,0.997007423989026,0.99705180707138,0.997058851021086,0.997159393873599,0.997162025252132,0.997221725648356,0.997274374061767,0.997308703875885,0.997349570930291,0.997486420317565,0.997492308475579,0.99750741098068,0.997554137572178,0.997635193742767,0.997731037767685,0.997796043041197,0.997802728196604,0.997862373336327,0.997878195646057,0.997907205394008,0.997914104527187,0.997940003166569,0.99795274368665,0.998001504551591,0.998029336881839,0.998157374444629,0.998168110720171,0.998214181636649,0.998218485321382,0.998244802467548,0.998250816073384,0.998295433499758,0.998315585447803,0.998332840936344,0.99833935639434,0.998373546120773,0.998380153368849,0.998418485952376,0.998422680887523,0.998495810380125,0.998505722115129,0.998522411413257,0.998528310938024,0.998558447726629,0.998575513240443,0.998591130933762,0.998593519106196,0.998594679698985,0.998597363360631,0.998604636044057,0.998606757344707,0.998625815692918,0.998633172130941,0.998649089448912,0.998656206325726,0.998673678699769,0.998689415957222,0.99870655689092,0.99871905934016,0.998727343526271,0.998732158803656,0.998740992421982,0.998743709418572,0.998753133200141,0.998761026218477,0.998778758375748,0.998789957035913,0.998799146558113,0.998802319486306,0.99881418503638,0.998819426710536,0.998824510511267,0.998833523000844,0.998841692545546,0.99884631538657,0.998852554683646,0.998861745768101,0.998873257171434,0.998874779602113,0.998885431422298,0.998891840844319,0.998901267524041,0.998904496110923,0.998910859418928,0.998915180768963,0.998923194768037,0.998925785664539,0.99893343198278,0.998935451976139,0.99894215314815,0.998946715692622,0.998955018928005,0.998957461400982,0.998965895832777,0.998966206279682,0.99896822417256,0.998971168424095,0.998977244399493,0.998980840067961,0.998984994565538,0.998987923457847,0.998989534271907,0.99899334364885,0.998999404865494,0.999000567059194,0.99900956234136,0.999012015086432,0.999019101783301,0.999019960949391,0.999023544285335,0.999024981323999,0.999036038564443,0.999038993044129,0.999041575241248,0.999043230811981,0.999049657558347,0.999051204654388,0.999054765781273,0.999054812916166,0.999058609830665,0.999059128575203,0.999061259286624,0.999062330445267,0.999066302094894,0.999068815732616,0.999073643929923,0.999075810507739,0.999077345136016,0.999077716580703,0.999079831321982,0.999081090182518,0.999086431901365,0.99908831453822,0.999090521527508,0.999091227613028,0.999094240956678,0.99909539683024,0.999096628779814,0.999097779115884,0.999099843541623,0.999101759064468,0.999106909552825,0.999107341829774,0.999109385700602,0.999112175319589,0.999116772319047,0.999117599907193,0.999120685794896,0.999122740861884,0.999124047077344,0.999124978199089,0.999131119543422,0.9991324449927,0.999135140095918,0.999136439284817,0.999139655156304,0.999142337057006,0.999143825305396,0.999145030825934,0.999146022612887,0.999147296197115,0.999149271413584,0.999151181434706,0.999152471877401,0.999153795318341,0.999158469818262,0.999159391524962,0.999161706713012,0.999163427635424,0.99916615112684,0.999166581592652,0.999169359990426,0.999170547515537,0.999171605841693,0.99917179168035,0.999172980673933,0.999173879289693,0.999176280035884,0.999176749790242,0.999181175080076,0.999182123843037,0.999184157658636,0.999184326839838,0.999185708825631,0.999187313059372,0.999189665326875,0.999191385762382,0.999191734494785,0.999192669225486,0.999193244656916,0.999194053828418,0.999194861470015,0.999196279140971,0.999198130747047,0.999198366883219,0.999198992966923,0.999200206276122,0.999202070936998,0.999203702125737,0.999205668820431,0.999208643129193,0.999212198158336,0.999212664558122,0.999215587949389,0.999216198722696,0.999217566961594,0.999217842414029,0.999219404223597,0.999220098435412,0.999221343366688,0.999221915955003,0.999223777534535,0.999225068970232,0.999227871168808,0.99922845104527,0.999229142953187,0.999230190002302,0.999232289893698,0.999232769560381,0.999233334085251,0.999233814048003,0.999235490299101,0.999236556367939,0.999237353810711,0.999238180139002,0.999240880330384,0.999241188392693,0.999243014317765,0.999245435583694,0.999245795315159,0.999246451363225,0.999247780903398,0.999249692191637,0.999253421147372,0.999253883166554,0.999254560896266,0.999255374751782,0.999257401638823,0.99925802461747,0.99926093698863,0.999261975640161,0.999263815599641,0.999263845106767,0.99926591962914,0.999266461892426,0.999268163279241,0.999269316837938,0.999270678719715,0.999272093018073,0.999273958330899,0.999274638871357,0.999277841456752,0.99927827442518,0.999279176360763,0.99927990234629,0.999281326762929,0.999283068740872,0.999284832078208,0.999286298631932,0.999288226847874,0.999289340078674,0.99929049034119,0.999291339419082,0.999293207517509,0.999294387910562,0.99929557078209,0.999296879652138,0.999297496278574,0.999298409647009,0.999299433882823,0.999299975698659,0.999300850832477,0.999302115544678,0.999302442523881,0.999302799257734,0.999303749189238,0.999304165301008,0.999305477324493,0.999305795666992,0.999305923887657,0.999306576980807,0.999307627843283,0.999307739715613,0.99930776331483,0.999309189453175,0.99931003524255,0.999310249034459,0.999310924052918,0.999311874921607,0.999313901290403,0.999314791735118,0.999315500063687,0.999316289527929,0.999317231287366,0.9993175106758,0.999318822831648,0.9993192183979,0.999320029554653,0.999320434978419,0.999320861648881,0.999322131239263,0.999322912701123,0.999323434592403,0.999324255816804,0.999324465190633,0.999325129486614,0.999326263135006,0.9993282535947,0.999329102906559,0.999329832702419,0.999331070686133,0.999332191788018,0.999333356144921,0.999334378676876,0.999335243329647,0.99933614419291,0.99933675676283,0.999337379784574,0.999337828954045,0.999338999698397,0.999339590377247,0.999340618725278,0.999341175201586,0.999342355697067,0.99934299244073,0.999343535007102,0.999344057341325,0.999344990032662,0.999345183624774,0.999346010959277,0.99934623641149,0.999347154602189,0.999347893894295,0.999348481861317,0.999349060956557,0.999349819014777,0.999351253046018,0.999351859824919,0.999352141863394,0.99935321011496,0.999353947367962,0.999355115899011,0.999355832171913,0.999357072687674,0.999358381506048,0.999359737849881,0.999359891905504,0.999361122723419,0.999361723703844,0.999365164557105,0.99936542819274,0.999367756036651,0.999368278172156,0.999369041606407,0.999369587023486,0.999369972494142,0.999370883388668,0.999371417878072,0.999372229460142,0.999372646989215,0.999373093418151,0.999373920436581,0.999374720280188,0.999375050214351,0.999375704682156,0.999376503653818,0.999377139671221,0.99937772147059,0.999378731473793,0.999379120222368,0.999379630735675,0.999380230274856,0.999381019269186,0.999381719864795,0.999381889182252,0.999381988660274,0.999382418510048
0.762977803860781,0.835453130733216,0.84504195612564,0.862752879854695,0.868816627256675,0.91100724574809,0.916678068292523,0.920362769021541,0.922910417551262,0.924366349786286,0.931380610638902,0.937541310166068,0.943566279469674,0.949634182911541,0.955115983745821,0.962248959618848,0.964343685176225,0.965342242384301,0.969872616728418,0.970669288098935,0.973208104584529,0.973535206942264,0.976338824106481,0.976892059476932,0.979268808644042,0.9807396574565,0.982285257856375,0.983017869158577,0.98417770658596,0.984500980771239,0.985139959407551,0.985495749627473,0.988555669345934,0.988744172577345,0.989799999722237,0.990024502633832,0.990703636099342,0.991317247995885,0.991655658733828,0.991813899143552,0.992451652516454,0.992859288713353,0.993004898262729,0.993154808707989,0.993431984388192,0.993486743538262,0.993640442709341,0.993751009465473,0.994012936364886,0.994079351248762,0.99422694748932,0.994467668391964,0.994544833129042,0.994625411768873,0.994741768090131,0.994796567853818,0.994964012429825,0.995026314624255,0.995124882010479,0.995185390469474,0.995276425156181,0.995317158529609,0.99544953059071,0.995474467561377,0.995569878239449,0.995585474536014,0.995646491672024,0.995737476270476,0.995903665629879,0.995954518323648,0.995999738977176,0.996070363228709,0.996180950440286,0.996199062769081,0.996270522436412,0.996284149942977,0.996318797489546,0.996342694846977,0.996617568120612,0.996671765295985,0.996744315259372,0.996759809240613,0.996778112696068,0.996793893656973,0.996845119276136,0.996876745202124,0.99690570942293,0.996941601320806,0.99696159024888,0.99696912021053,0.997004363952509,0.997011154926755,0.997144405035163,0.997158910365175,0.997182281354674,0.99721048909604,0.99724895063473,0.997266130190487,0.997337324590033,0.997343189178452,0.997370337331611,0.997384195558761,0.997404438067647,0.997413763599762,0.997432823002303,0.997449664497397,0.997484885454131,0.99750027673134,0.997540691189781,0.99755824093492,0.997576600727923,0.99758533400469,0.997609345519945,0.997615057848888,0.997629360851439,0.997634510631298,0.997688252971839,0.997704529021871,0.997741484898057,0.997744386853995,0.997764661825414,0.997770500829313,0.997774390332143,0.997778719869683,0.997791910313491,0.997795329941565,0.997865076733887,0.997871854491043,0.997877411480313,0.997885709517076,0.997905420481107,0.997918932767939,0.997933954291875,0.997949803297256,0.997956611588441,0.997964935073566,0.997980897610498,0.997988768483724,0.997998175971621,0.998001117938862,0.998015424163329,0.998020702527782,0.998031697012902,0.998045955538156,0.998061288678946,0.998071931472574,0.998080844268328,0.998085943369994,0.998091889044495,0.998097406570244,0.998117381595089,0.998122282368978,0.998133555873703,0.998139361211752,0.998145657572924,0.998151764448032,0.99816704237919,0.998172755619784,0.998186189405439,0.998188527102405,0.998229522546971,0.998234533481387,0.998250875651325,0.998258633534155,0.998273164483034,0.998282275444059,0.998291490906447,0.998297399723489,0.998301553456979,0.99830754650634,0.998314617007534,0.998316994118238,0.998323651973892,0.998325400708079,0.998331500378959,0.998335751119278,0.998340761977768,0.998349470553422,0.998360660074056,0.998363034617995,0.998373550767092,0.998381377026631,0.998385114450932,0.998389292098237,0.998403942298056,0.998408345671139,0.998412458273056,0.998423643972367,0.998517837519887,0.998523253441812,0.998529568872449,0.998532335241436,0.998540210088047,0.998542097068107,0.998546701426657,0.99854689146853,0.998551608272368,0.998552219216712,0.998557875586987,0.998563621945809,0.998573817446464,0.998576901918808,0.998587813712349,0.998589535454075,0.99860408812401,0.998606891207047,0.998612096593273,0.998618253234227,0.998621889767828,0.998623473757512,0.998627784551958,0.998628420113374,0.998639124446002,0.998641501419404,0.998656384231208,0.998658093915448,0.998665865599356,0.998667410554124,0.998676939423967,0.99868253933551,0.998691282807412,0.998691283565364,0.998720150969984,0.99872402041701,0.998727615525722,0.998730677432986,0.998734796643893,0.998738235910706,0.998743761038195,0.998751698900492,0.998763589265794,0.998766041349745,0.998773567664918,0.998774351211696,0.998782410066243,0.998785610314564,0.998788602269824,0.998790086710215,0.998793091447731,0.998795451230066,0.998800104362528,0.998801823655929,0.998812838410317,0.998813952674848,0.998818037452297,0.998819126918374,0.998820680332252,0.998823475006793,0.998826832685294,0.998828100649486,0.998834454418354,0.998837069833974,0.998842547764499,0.998846134344636,0.998851708158527,0.998852573727304,0.99885680472773,0.998857134540373,0.998859752138192,0.998860770573472,0.998866013684121,0.99886663413198,0.998869956303682,0.998874040189728,0.998895428133712,0.998896093239041,0.998898847584806,0.998903217629136,0.998908631760562,0.998909634216829,0.998913665119308,0.998916156536205,0.998922776299311,0.998923633049163,0.998926884644641,0.99892837300348,0.998933420460569,0.998934767727368,0.998940816157458,0.998941951523987,0.998945922414853,0.99894712617427,0.998953585883366,0.998956225555404,0.998958996524487,0.998960390917013,0.998964490418797,0.998967897038358,0.998973213389806,0.99897524946171,0.99897777543644,0.998979099096084,0.998984749774376,0.998988415855203,0.998989711273838,0.998994969602319,0.998997799629264,0.998999036390975,0.999003590982058,0.999006251919798,0.999008302516839,0.999009748350253,0.999014489877854,0.999015783906769,0.999017332345487,0.999019887141275,0.999029298787105,0.999029893443358,0.999048863074125,0.999049583125921,0.999050919417385,0.99905122029352,0.999052748937258,0.999053489578582,0.999056573671987,0.999060379077646,0.999061860129953,0.999062099950889,0.999065138199382,0.999066582380762,0.999067624507482,0.999068784083127,0.999068970511163,0.999071860759329,0.999073941376969,0.999075126844478,0.99907921015572,0.999079940699289,0.999082326980742,0.999085679216607,0.999088159858303,0.999089164675454,0.999091304651683,0.999092897194526,0.999103092590441,0.999104538839758,0.999105996421157,0.999106677173067,0.999109522290578,0.999111585518597,0.999116582467062,0.999117065950523,0.999119530076491,0.999121758057884,0.999123059353031,0.999123938613197,0.999126744695366,0.999126970318526,0.999130020357171,0.999133791300493,0.999135132608058,0.999138920779553,0.999140457189159,0.999141685363655,0.999143314002623,0.999145933046732,0.999147743084831,0.999148023347323,0.999149137410273,0.999149269676241,0.999152821886342,0.99915392456729,0.999157282869281,0.999157685167631,0.999161060287725,0.999162126972625,0.999164235351184,0.999165545624931,0.999167408462197,0.999168496117746,0.999169310841308,0.999170310615551,0.999173183487173,0.999173509368793,0.999175649537286,0.999176850818928,0.999178163096724,0.999179787564436,0.999180391171223,0.999181559013,0.999182791949477,0.999184338856309,0.999186855129778,0.999188880505,0.999192246610095,0.999194420808812,0.999195595421809,0.999198311869381,0.999199030231159,0.999199600371423,0.9992005905462,0.999201391148976,0.99920382655976,0.999204356542761,0.999206475848143,0.999208657399653,0.999210513484696,0.999211993275302,0.999214071289495,0.999214635929626,0.999215560212104,0.999215781004128,0.999217302708475,0.999219027652888,0.99922148301613,0.999222250940943,0.999223113022809,0.999224052659562,0.999225543572656,0.99922732002129,0.999229204439784,0.999230476335241,0.999232613202045,0.999232677995559,0.999233622046356,0.999233872179699,0.999235472330609,0.999235588264523,0.999236870371472,0.999237296401249,0.99923837223309,0.99923892532662,0.99924033368055,0.999242769090189,0.999244206034164,0.999245057346074,0.999246016912269,0.999246566799181,0.999247940478769,0.99924803695773,0.999249610844903,0.999250297944585,0.999252763097295,0.999253381322166,0.999255557733895,0.999257269958797,0.999258656234835,0.999259381791879,0.999261637587481,0.9992627269506,0.999263935519217,0.999264192354031,0.999264796609762,0.999267052547169,0.999267686370068,0.999267686753462,0.999269971635175,0.999271325292137,0.999272529614561,0.999272744371952,0.999272889695082,0.999273552591723,0.99927468082892,0.999275186761513,0.999276150705819,0.999278059783615,0.999279135581159,0.999279459988114,0.999280790544127,0.999281746324427,0.9992820773179,0.99928345785772,0.999286442239419,0.999287379303505,0.999288882397459,0.999289611177414,0.999290544280437,0.999290954173487,0.999293190432643,0.999295743760525,0.999296308796768,0.999297523214638,0.999299245403379,0.999300156940851,0.999301246484707,0.999301573394644,0.999302392873049,0.999303318033934,0.999305548365324,0.999306779440827,0.999308733769161,0.999309047390558,0.999310028482927,0.999310850243448,0.999311982556962,0.999312525608643,0.999313951534418,0.999314936703662,0.999316121742983,0.999317148426041,0.999318215944863,0.999319472872049,0.999320521437645,0.999320583294886,0.999321034209367,0.999322608394629,0.999323669530212,0.999324208455126,0.999326056233065,0.999326821546817
0.848010838440665,0.858252570021448,0.878610398941656,0.885815482610837,0.891934111748139,0.904069022815094,0.915038490852022,0.91780918650995,0.918831472949358,0.925895990883995,0.932352075384241,0.936350163084522,0.938713716131044,0.946909136832434,0.950370403782743,0.950955506456605,0.95497294483579,0.959694810741509,0.963024827552292,0.96351079617452,0.967555275130946,0.969553830463537,0.973385916108113,0.973967812820913,0.974603090509649,0.976755870456142,0.979369147935635,0.979966346698248,0.980941320771051,0.981834886673938,0.982560228369907,0.983382885003435,0.983813526599053,0.98425571279698,0.984899384521724,0.985101258962013,0.986459066040184,0.986846997547262,0.987207310977115,0.988888191907646,0.989342028357445,0.989475785244149,0.989726576873559,0.990358532591001,0.990569631764129,0.990638755396586,0.990905218184077,0.990953731798645,0.991200999297554,0.991212050765944,0.991339791871791,0.991427489197274,0.991625950440253,0.991821204388112,0.992012564913729,0.99208204084758,0.992226850229239,0.992282665932671,0.992427808209262,0.992572925759653,0.992788581501405,0.992845524089353,0.992975138548858,0.993053867681695,0.993119505700327,0.993614239316873,0.993691810041971,0.993732246045089,0.99383758593189,0.993857280391971,0.993947670865659,0.993957507079114,0.994332681565962,0.994349990491256,0.994538842262742,0.994550092049714,0.99470752230692,0.994960632304665,0.995021097844249,0.995061353947473,0.995140920038947,0.995167292899856,0.9952378678863,0.995314158090023,0.995391977608288,0.995543603935275,0.995628500099265,0.995657766032524,0.99579869052458,0.995950899090255,0.996095458360422,0.996156370008123,0.996233044517089,0.996317730309949,0.996373686145926,0.996411146598316,0.996486440681568,0.99653858302276,0.996765966703311,0.996773517156529,0.996849718153795,0.996911373050828,0.996947088527197,0.997116025398223,0.997203293627993,0.997236976528494,0.997263257728389,0.997284849725986,0.997309205982141,0.997398406130838,0.997482122949583,0.997489634215831,0.997517655654394,0.997525171932012,0.997585162754963,0.99759774676456,0.997627007221405,0.997642066751987,0.99767390540393,0.997701372763677,0.997716402270097,0.997733458524769,0.997771540243943,0.997774983332659,0.997806043642481,0.997828805368015,0.997862349636863,0.997869922606216,0.997893265206017,0.997924361672723,0.997948013425841,0.997960806022838,0.997973843023756,0.997988455961793,0.998026541853526,0.998035987501194,0.998064205626675,0.998076613044066,0.998090138428792,0.998107278221633,0.998123550904067,0.998134294809337,0.998200755717541,0.998204232921904,0.998213564492843,0.998225471273275,0.998237660157266,0.998244509269787,0.998255753370702,0.99826269570641,0.998266378616019,0.99827388517993,0.998280541520863,0.998288276422514,0.998305644450497,0.998315407724998,0.998334129575686,0.998341000909282,0.998348439377424,0.998355026357602,0.998369211957698,0.9983760127608,0.998387517827354,0.998397121273015,0.998405950524898,0.998406976402796,0.998413174018503,0.998417027418699,0.998429213197005,0.998430518020797,0.998434267308762,0.998446364639023,0.998460447062442,0.998463531824014,0.998471690211544,0.998473805582861,0.998478964657146,0.998485302059334,0.998493402838305,0.998495668002897,0.99850310967887,0.998504701533734,0.998513709772283,0.998516205146242,0.998524024776573,0.998526786994455,0.998530241245322,0.998532798708662,0.998541504707205,0.998542988361322,0.998547295037026,0.998551165313867,0.998564854012417,0.998567563084649,0.998578679832403,0.998584361587436,0.998594982146203,0.99859878402479,0.99861173270973,0.998615086784451,0.9986191430843,0.998622815046863,0.998626954620218,0.998631205496922,0.998642495959069,0.998644659237604,0.998649012819151,0.998650386182798,0.998656222223953,0.998657848823204,0.998669056965043,0.998670148397839,0.998673630816699,0.998683180544153,0.998690596559754,0.998692921851947,0.99869945495711,0.998702744979516,0.998704337718019,0.998705312303394,0.998710019055505,0.998713210351269,0.998717246014058,0.998718875245181,0.998721283276168,0.99872389727502,0.99872876701663,0.998732173487677,0.998737306230353,0.998738212920274,0.998743897636775,0.998745631461957,0.998750919725483,0.998753205891237,0.99875544648368,0.998756017742413,0.998762212902277,0.998763038474242,0.998764967523676,0.998767052546329,0.998769523119565,0.998772922871182,0.998779145273848,0.998781385781342,0.998784427329107,0.998785708651304,0.99878703635812,0.998789741260846,0.998792390482287,0.998793017982558,0.998796142869878,0.998797798839404,0.998799874743808,0.998800857034198,0.99880853220074,0.998809281529562,0.998813101218644,0.998815731908018,0.998820393215564,0.998823400088419,0.998828255292839,0.998830551862631,0.998834997804625,0.998836465916754,0.998840069330464,0.99884231009802,0.998845324749606,0.99884729788211,0.998850219540211,0.998851527888274,0.998852514046156,0.99885445985044,0.998859708337072,0.998860080628386,0.998861976637406,0.998864363920669,0.998867277147961,0.99886744339897,0.998870035918764,0.998870976749643,0.998873680925378,0.998875562560433,0.99887691758566,0.998878365091555,0.998879346865285,0.998880709085673,0.998883980149138,0.998885322210014,0.998886558807246,0.99888801278507,0.998890876707109,0.998891637981001,0.998894541893709,0.998895417115424,0.998898068666078,0.998898780820663,0.998899880229295,0.998900130661348,0.998901147186278,0.998903101271916,0.998906319894581,0.998907186472487,0.998909860468336,0.998912754101017,0.998914755845814,0.998916226812425,0.998917759716259,0.998918734244117,0.99892106373604,0.99892213998442,0.998923607101404,0.998925712789641,0.998928965915432,0.998929837099931,0.998930408642807,0.998932170085663,0.998933964742951,0.998934324411652,0.998936881339075,0.99893774768025,0.998938663455941,0.998940835423736,0.998942468518727,0.998944209969471,0.998946945669624,0.998947877806948,0.998948436013792,0.998951748800473,0.99895250597202,0.998952702011981,0.998955719434904,0.998957707316754,0.998958519242947,0.998958830454834,0.99896230522073,0.998964274283471,0.998965557289444,0.998990988961097,0.99899319074346,0.998994026231839,0.998995217759437,0.998995804778439,0.998996649550629,0.998997787017304,0.999020438496939,0.999021416708625,0.999022663982373,0.999023730119556,0.999024881027284,0.999025476421023,0.999029130363318,0.999029932563793,0.999031514282267,0.999032657544227,0.999033279706618,0.999033488659362,0.99903466538592,0.999035515505852,0.999036374316585,0.999038590959578,0.999039907394005,0.999040668285744,0.999041497239701,0.999042979097583,0.999044323463426,0.999045750344035,0.999046626606958,0.999046728378795,0.99904837157618,0.999049660567051,0.999050753680721,0.999052293566238,0.999053360450501,0.999053455133475,0.999056050868206,0.999057426073105,0.999059740917464,0.999059740917465,0.99906089257676,0.999061722250597,0.999062773190823,0.999062932727619,0.999064321597007,0.999066405007226,0.999068270047194,0.99906856196567,0.999070716303509,0.999071655479147,0.999073643413402,0.999073705371189,0.999076480707702,0.99907721008144,0.999086729506324,0.999087244603533,0.999089815008501,0.999090789594616,0.999092706245849,0.99909285817914,0.999094694948411,0.999095494223101,0.999096761611203,0.999097740444072,0.99909943714786,0.999100064565916,0.999102709683956,0.999103884335986,0.999115050324294,0.999115965086674,0.999118405645079,0.999118807445558,0.999119403618785,0.999121590130269,0.999123536257545,0.999124362659693,0.999125251907401,0.999126782477228,0.999160015137679,0.999160417067071,0.99916205934151,0.999163948411308,0.999164457736552,0.999164973255171,0.999165851623784,0.99917286833244,0.999173136384934,0.999173505416769,0.999175110835067,0.999176174631029,0.999177588092735,0.999178125737635,0.999179115818249,0.999179398229205,0.99918050387043,0.999180939537216,0.999183950506822,0.999184520482057,0.999186373262208,0.999187682831671,0.999190665890342,0.999191520526031,0.999193179747571,0.999194376464145,0.999195177787019,0.999195498150422,0.999196134113383,0.999196186746716,0.999196847144223,0.999197681603358,0.999199123106618,0.999203107652537,0.999203930451969,0.999204990419935,0.99920575397234,0.999206627053604,0.999207667487265,0.99920835053099,0.99920955403155,0.999209859133843,0.999211681830464,0.999212625534687,0.99922253034985,0.999223844411771,0.999224688654935,0.999226424672984,0.999226976429136,0.999227128682394,0.999227705404125,0.999229708303308,0.999231431993145,0.999231934485816,0.999233538153246,0.999233825931406,0.999234176840635,0.999234698618624,0.999243787827406,0.999244603235607,0.999246326068654,0.999246723435411,0.999247529126091,0.999247800158135,0.999248275823005,0.999248803961637,0.99924913172409,0.999250602138372,0.999268825265587,0.999269959116791,0.999270551160333,0.999270992180899,0.999271716090047,0.999272741064731,0.999274071067992,0.999274890220769,0.999299022441643,0.999299882000906,0.999301608264564,0.99930216830552,0.999303131969542,0.999303298294096,0.999304875979258,0.99930503362485
0.733382877625169,0.825412125763244,0.833876604519433,0.861492911110233,0.883474485652188,0.901393585059643,0.919377489591718,0.924610276349442,0.939714350446579,0.94437584719991,0.955198279182057,0.957309226551443,0.966492555344618,0.972975262689294,0.97456586614356,0.975096894256025,0.976671027564956,0.977743418734073,0.979197945578335,0.979819526993399,0.982758440197131,0.983083290470228,0.983714156971826,0.984207486897493,0.984432865213155,0.98474999642482,0.985189136031188,0.985380582978013,0.985913932602276,0.986165243695012,0.986526867836527,0.986612929996531,0.986835750911781,0.986950410582451,0.987400172683666,0.987445353304695,0.987562866629053,0.987677855078035,0.987879778613367,0.987931101051424,0.98801967992924,0.988083593305491,0.988120521113415,0.988131661899976,0.988225665517955,0.988711611520319,0.988766037634257,0.988799340442832,0.988959241964189,0.988999089479831,0.989159168498425,0.98920325459952,0.9892323878235,0.989273942210792,0.989407764113354,0.989462174927846,0.989496640766721,0.989597381686636,0.989643786772231,0.989683667010012,0.989748860743827,0.989771270803113,0.989901435814901,0.989911212443878,0.989988697961018,0.990009754873068,0.990161167397713,0.990176518739105,0.990208091557678,0.990233361230275,0.990459105451326,0.990462970467194,0.991010589854512,0.991038127688295,0.991084854831493,0.99109984906394,0.991466313955059,0.991472693765702,0.992030561223019,0.992051687179562,0.992089823974237,0.992099347635262,0.992115844932498,0.992819543383819,0.993072578495916,0.993098171992266,0.993189044940884,0.993206590159123,0.993258601346604,0.993287400480204,0.993692275768255,0.993698766359511,0.993736652518617,0.994125626336487,0.994142633349565,0.994147416210325,0.994169402170791,0.994183576508565,0.994219927322135,0.994233653360468,0.994295241306428,0.99430009635304,0.99436846762681,0.994378183587327,0.994383982462044,0.99447604497314,0.994485737903546,0.994494639186987,0.994514484817722,0.994515979955597,0.994549151256399,0.99456596837163,0.994579281730836,0.994581779461988,0.994595887095763,0.994600489639092,0.994638665523774,0.994642177042909,0.994693779598677,0.994700952469622,0.994719151548167,0.994733802432314,0.994751272396804,0.994754805191294,0.994900373477524,0.994904525606999,0.995068173346448,0.995080036825617,0.995177483227986,0.995211204970105,0.995245900867979,0.995252095357294,0.995259106307812,0.99526639177947,0.995587846143192,0.995590725737479,0.995606353087951,0.995717313370694,0.995727341443305,0.995731510227687,0.995809101727323,0.99582855135847,0.99588271322626,0.995902109473425,0.996052235568339,0.996063643964254,0.996067551920153,0.99613025006296,0.996210804279554,0.996217126690419,0.996437527031899,0.996441068457791,0.996574912971423,0.99657755025129,0.996590568510549,0.996833569351658,0.996841290697988,0.996921684013742,0.997064147966515,0.997066904117099,0.997184114601774,0.997189494984255,0.997218496704219,0.997230126923245,0.997254901254765,0.997257338079546,0.99729063643654,0.997300107764157,0.997399631678769,0.997407416117963,0.997428749287264,0.997430325071739,0.997452847450522,0.99745925070859,0.997507766485754,0.997511706240441,0.997627803217293,0.997646901770594,0.997670150902368,0.997679281342134,0.997702920148448,0.997717579398485,0.997762595303459,0.997768878983882,0.997835793214445,0.997851108829126,0.997862875577776,0.997895639528284,0.99794499568539,0.997968343109306,0.997999829380349,0.998007508243115,0.998030228682283,0.998054745664981,0.998103654994041,0.998104494176137,0.998153676796526,0.998179883184066,0.998188941301051,0.998205298295021,0.998232465398879,0.998246102723306,0.998259521855167,0.998262196898466,0.998265542924599,0.998275139453052,0.998286349077919,0.998294989648536,0.998320988796932,0.998343157740978,0.998356545867699,0.998364695208272,0.998378699489825,0.998391934396346,0.998411912516499,0.998430212743319,0.998442960121931,0.998521742153075,0.998526999363462,0.998537733437437,0.998543419510212,0.998548957806844,0.998563874230289,0.99856842807971,0.998581237268054,0.998585450910746,0.998593287902187,0.998603745530677,0.998610920454956,0.998615951466113,0.998618846923042,0.998634105237967,0.998646019202158,0.998647985950978,0.998654777085932,0.998660258615376,0.998668197053152,0.998673466792119,0.998681965082944,0.998689255328221,0.998697257170041,0.998699864075125,0.998709129662783,0.998712434587785,0.998720966293914,0.998726818001417,0.998739489570148,0.998740766314967,0.998754057512072,0.998759050532019,0.998768134001779,0.998775443662232,0.99878744832214,0.998790698796738,0.998802472052781,0.998812886835629,0.998821534910428,0.998822890998954,0.998827603862981,0.998830209136928,0.998840082979225,0.998843182378654,0.998855183087176,0.998855790579479,0.998866564466539,0.998869522325713,0.998875143372174,0.998875736738375,0.998880492436429,0.998881529100931,0.998925331135546,0.998932473100109,0.99893700600454,0.998940293629917,0.998942513705196,0.998944588389437,0.998950050345155,0.99895118461565,0.998956662036286,0.99896055379367,0.998967361117377,0.998970208188693,0.998976245072609,0.998976633833612,0.998980662572231,0.998983958562832,0.998990492902841,0.998995400000956,0.9990045081861,0.999008783658556,0.999012800462056,0.999017929322333,0.99902261863751,0.999024142302789,0.999027238836235,0.999028408272397,0.999030733885802,0.999031989273194,0.999038246925436,0.999040646145545,0.999042453446856,0.999044238224461,0.999046009242101,0.999047930358665,0.999053033724293,0.999053415973982,0.999056619544808,0.999058413500439,0.999062949394541,0.999063521750671,0.9990671195809,0.999070323146026,0.999074695838036,0.999075364140967,0.999077669956362,0.999079222249249,0.99908422953347,0.999085196524233,0.9990880459941,0.999090327997475,0.999095308289669,0.99909693604099,0.999098637160071,0.999099578563463,0.999100807538829,0.999102716573155,0.999103944228089,0.999106505528249,0.999109702830903,0.999111775339296,0.999114529297618,0.999116650116812,0.999119484740412,0.999121071605854,0.999122738429187,0.999124125384664,0.999126187503143,0.999126816031899,0.999130053115499,0.999131941336679,0.99913278496525,0.999133648842282,0.999136142164905,0.999137001068804,0.999139385707584,0.999139904716107,0.999141025420105,0.999143285657651,0.999149732831842,0.999150266477803,0.999152321281929,0.999152937974805,0.999154029206066,0.999154609748254,0.999156104579125,0.999158880974111,0.999160426075361,0.999163057222941,0.999165026020054,0.99916661109613,0.999169353744755,0.999170082047651,0.999170760380122,0.999172809799617,0.999174211155636,0.99917456784447,0.999176741905809,0.999177464514081,0.999179138073791,0.999179212468058,0.99918141483117,0.999183618671928,0.999186061582355,0.999187074875504,0.999189350393317,0.999189906239788,0.999190934181497,0.999192796897881,0.999194198058012,0.99919540866117,0.999198103827029,0.999200341722455,0.999201373408401,0.999202193547548,0.999204239685134,0.999206507676667,0.999207421278955,0.999208521083443,0.999209424173361,0.999210335097727,0.999212123071042,0.99921245790048,0.99921310776344,0.999213893299773,0.999214586263428,0.99921562399795,0.99921617609255,0.999216667764804,0.999217936623622,0.999218566479039,0.999219410760196,0.999219415859685,0.999220640725117,0.999222451872042,0.999223555407701,0.999224696174074,0.999226910706485,0.999227405500068,0.999229875594375,0.999230357666351,0.999231391179041,0.999231857429727,0.999232353879332,0.999233345702075,0.999234278885198,0.99923609286518,0.999238177290917,0.999238635066952,0.999239394998555,0.999240125463401,0.999242173431265,0.999242879120731,0.999244385343824,0.999245214165656,0.999247511668079,0.999247989986659,0.999249283532638,0.999249572276761,0.999251653910608,0.999252033210941,0.999253942854008,0.999254694665222,0.999257473364382,0.999259332377224,0.999260297206268,0.999261379278922,0.999262559095677,0.999264513375711,0.999265631150861,0.999266925244059,0.999268203804021,0.999268616962033,0.999269561033143,0.999270442062175,0.999273403916344,0.999274230987983,0.999274747225855,0.999275527892851,0.999277153354679,0.999277564503674,0.999279148222796,0.999280468970266,0.999281459110876,0.999282075097718,0.99928340698324,0.999283760528283,0.999284811994458,0.999285477869135,0.999287183733114,0.999287962564544,0.999288882583486,0.999289682771909,0.9992913929809,0.999291571038533,0.999292286000639,0.999292592969607,0.999293981262057,0.999295388460649,0.999296860622827,0.999298499781532,0.999300104547227,0.999300714203432,0.999302098725458,0.999302981617124,0.99930480778107,0.999305396149094,0.999308191355049,0.999308297165257,0.999309043338561,0.999309370214394,0.999310433097334,0.999310904654668,0.999311995650083,0.999312090143704,0.999313869653147,0.999315194839358,0.999316848738662,0.999317871159153,0.99932067849197,0.999321336701272,0.999322921574229,0.999323499448837,0.999324287848132,0.999324573058753,0.999326063372021,0.999326390160334,0.999327312137491,0.999327857518848,0.999328582144623,0.999329463620283
0.85082267299157,0.881059373280614,0.901565044036251,0.902260409328034,0.922422635454489,0.931585174168207,0.938584739290881,0.939995758909066,0.944674169451832,0.947111499738079,0.955193296908432,0.960216989355222,0.962647772912541,0.96451739104345,0.966224366454156,0.966822447855003,0.968336685078257,0.968850263315735,0.969952060899723,0.970493358968209,0.9713520189589,0.971468712165134,0.972101500743262,0.975899852309169,0.976821809516098,0.976969329852794,0.97727853895285,0.977390541278836,0.9776318094497,0.977743000511098,0.977913807748351,0.978156947298925,0.978746649493834,0.978838727796148,0.978965209682187,0.979017554968281,0.979187810844867,0.979230967148123,0.980684186629675,0.980791067268201,0.980939589423215,0.981165433442759,0.981286319522885,0.981358923574984,0.981492447955526,0.982038884604497,0.982324479914167,0.982365286454004,0.98355905569946,0.98358910911858,0.983651989973985,0.983658809738499,0.983708241338566,0.983736825608378,0.983781483623713,0.983814021721718,0.983869236484052,0.983952859300366,0.984085814317452,0.984108903801649,0.984879284316044,0.984891292993763,0.984939799778519,0.984964542747372,0.985002612780529,0.985067111585588,0.985348241245105,0.985766329428654,0.985975065765289,0.986145594897531,0.986184025320272,0.986477426414021,0.986542547038709,0.986764660033827,0.986795751860095,0.987153906946063,0.987187830821315,0.987208182411023,0.987481245163543,0.987508170102241,0.987535432936511,0.987541713857437,0.987721007590484,0.98774437058826,0.98776350591207,0.987918510813242,0.987967886195628,0.988011649945786,0.988074025775962,0.988092217842652,0.988379889604755,0.988388832466292,0.988407511400772,0.988415549606943,0.98842820170899,0.988430078569921,0.988661329989179,0.988684697767965,0.989092414939716,0.989094879435729,0.989145141768029,0.989344849468739,0.989486332655326,0.989500419912887,0.989533693602546,0.98954097272854,0.989631644873462,0.989727537442479,0.989779097237827,0.98981483261459,0.989838871706733,0.989842434841649,0.989905494395776,0.989941989767096,0.989971306791256,0.989982797302348,0.990004400648088,0.990016233982906,0.990023169221065,0.990084108506179,0.990150606648787,0.990158983693424,0.9902124451652,0.990245530311113,0.990277880194849,0.990280819488539,0.990388480108833,0.990391404528438,0.990454004785499,0.990456689319822,0.990480781266077,0.990486730593426,0.990579016868083,0.990600985907805,0.990636533156488,0.990681966824633,0.990717944365942,0.990721363674557,0.9907408972502,0.99075304810711,0.990783805943281,0.990789097373661,0.990796700694475,0.990804484278015,0.990819163049728,0.990830708618983,0.990847813248836,0.990863695949993,0.990885484933156,0.990891445400303,0.990925220852677,0.990937424876499,0.990946166540635,0.990946844639115,0.990999559796106,0.991013566084989,0.991020589622772,0.991025283327369,0.991043488557215,0.991052952776267,0.991069133879027,0.991072345817176,0.991107819574135,0.991113293098676,0.991121393163381,0.991155244107977,0.991182629761429,0.99118655281215,0.991199027245763,0.99120522797254,0.991216132625631,0.991229025878596,0.99124494120824,0.991249957078919,0.991266645764897,0.991272932655262,0.991277115047379,0.991300275951426,0.991319758919994,0.991322769736244,0.991353645452164,0.991358543241987,0.991367537027662,0.991373794684477,0.991386084362913,0.991391333382231,0.99139980152096,0.991409208382732,0.991416574523526,0.991424912184456,0.991433093393049,0.991435747106794,0.991451042606983,0.991453190932565,0.991461059936479,0.991468056942903,0.991477294849623,0.991485178613899,0.991493747262499,0.991494897773381,0.991501841557409,0.991502913120425,0.991510396980442,0.991511946522381,0.991514247271694,0.99151895258239,0.991527740189972,0.991534674928645,0.99154271180982,0.991548007826775,0.991552306121999,0.991557129281412,0.991564618245618,0.991565570110691,0.991580226329973,0.991584551254036,0.991592336734508,0.991594337091478,0.991599578614095,0.991601542434842,0.991604307149843,0.991607100347714,0.991610314405597,0.991612331653426,0.991621809979634,0.99162363782128,0.991627108781448,0.991633757394556,0.991645625204138,0.991649009132973,0.991651963962685,0.991655330870557,0.991659577542796,0.991660492902534,0.991666344099161,0.991668218345945,0.991670052604994,0.991672068875802,0.991675742898581,0.991676528355215,0.991680819578509,0.991683143838161,0.991685239443777,0.991688350249417,0.991690471429711,0.991694243606159,0.991699786537783,0.991703132872655,0.991707036895501,0.991709238469965,0.991710511650332,0.991711422064421,0.991713991187432,0.991715472863747,0.991718944112171,0.991720015220852,0.991723903651386,0.991725289773491,0.991726874654015,0.991728498491175,0.991736221879729,0.991737039869289,0.991744660741084,0.991752121904426,0.991754379096804,0.991756820690142,0.991759280949356,0.991761747343381,0.991764783366503,0.991767005821614,0.991772652029554,0.991780487793495,0.991783155374836,0.991783646577794,0.991786207690306,0.991788018423821,0.991791088952872,0.991793379140657,0.991796510947301,0.991799387708145,0.991803183240219,0.991803839116645,0.99180673993457,0.991808475613752,0.99181201681752,0.991812784114127,0.991813652977395,0.991817440606056,0.991819232164035,0.991820706894379,0.991823042924959,0.991823951326691,0.991827462498188,0.991830046057221,0.991831411898345,0.991832265576184,0.991833588200866,0.991833927546524,0.991835412417203,0.991835962419171,0.991837379312075,0.991838460233058,0.991839876212478,0.991841533014563,0.991843212316813,0.991843990748497,0.991846391557006,0.991848198032395,0.99185087561079,0.991851603869771,0.991854598125368,0.991854970171739,0.99185829556739,0.99185977108045,0.991861521592211,0.991863321440685,0.991867777153114,0.991869278555039,0.99187319931684,0.991875437711497,0.991877876893766,0.991880528064628,0.991882028496113,0.991883400728817,0.991886410056697,0.991887174981301,0.991889069625807,0.991891003548251,0.991893841330245,0.991895638125737,0.991898164642988,0.991900663374406,0.991903751781155,0.991905492740103,0.991906752788743,0.991907914403157,0.991908773624172,0.9919100595475,0.991912105345621,0.991914007682813,0.991918804418459,0.991920421681481,0.991922637969418,0.991924959596794,0.991926490928664,0.991927656047018,0.991928828137876,0.991929864650279,0.991931566729958,0.99193295220531,0.991934270408547,0.991935328490164,0.991937563925542,0.991938299805381,0.991939868282877,0.991940289598287,0.991941326858351,0.991942222902679,0.991945382988224,0.991947349892517,0.991948537515137,0.991949814991203,0.991951490580939,0.99195227414267,0.991953373280501,0.991955451943921,0.991956660038662,0.991957200946722,0.991958737612505,0.991958923540605,0.991959913896203,0.991960505814687,0.991961772025217,0.991963480657552,0.991965195601796,0.991966494624005,0.991967815963663,0.991968709540457,0.991969435939508,0.991971665870404,0.99197278335978,0.991973348294333,0.991974355840142,0.991974750033433,0.991975812463535,0.991977047168106,0.991978058585232,0.991978739574865,0.991978998481707,0.991979387419384,0.991980032035958,0.991980627572218,0.991982910652353,0.991983168356498,0.991984556618721,0.991984773717681,0.991985679915961,0.991986106902451,0.991986966380177,0.991988209643056,0.991990349433152,0.991990883266348,0.991991116981801,0.991992532366787,0.991992586972879,0.991994019517393,0.991995271925498,0.991995867145519,0.991997359605903,0.991999313342176,0.992000825062066,0.992001950600802,0.992002668617264,0.99200301872205,0.992004425953786,0.992004521880698,0.992005514967357,0.992006153803874,0.992006981307316,0.992007955252511,0.992010211800178,0.992010540966769,0.992011608088935,0.992012388035076,0.992013927049724,0.992014574339704,0.99201553646618,0.992016107248843,0.992017451224238,0.992017888453134,0.992018985771644,0.992019493851984,0.992019781041214,0.992020933287765,0.992021375081298,0.992022307392554,0.992024492995886,0.992024902724522,0.992025449059925,0.992026548336239,0.992027185402462,0.992027639797679,0.992029690638817,0.992030035435567,0.992031186326376,0.992031980473005,0.992032698900348,0.992033323520517,0.992034220901022,0.992034736866935,0.992035512006003,0.992036130238968,0.992036842978827,0.992037359704726,0.992038760390712,0.99203908259681,0.992039275418294,0.992039434550377,0.992041174343668,0.992041538251712,0.992043126228333,0.992043417914682,0.992044914468285,0.992045428469805,0.992045821238614,0.9920463710078,0.992047040622994,0.992047325020559,0.992048509824301,0.992048684179449,0.992049657849166,0.99205032592825,0.992050856887309,0.99205190093057,0.99205292237173,0.992053870930125,0.992054939376424,0.992055667885831,0.992056887325096,0.992057628880543,0.992058547025112,0.992058971582946,0.992061189012722,0.992062082300316,0.992062662047496,0.99206347866807,0.992064878130588,0.992065966998568,0.992066876968173,0.992067392424415,0.992068367423651,0.992069248341364,0.992070103610876,0.992071109431643,0.992071666683052,0.992072029916523,0.99207319418842,0.992073597460041,0.99207412010554,0.992074703277866
0.74136435265136,0.77348403539792,0.776585245429152,0.802266661212618,0.854061021960341,0.863055067368224,0.906553335889367,0.919668609779644,0.921482744913786,0.930381055332325,0.936996402471454,0.940131692121145,0.944888363381756,0.945495122026754,0.948473583502487,0.949925160035081,0.951611971737112,0.953146168202082,0.954280928306734,0.955200600023481,0.956329354291018,0.956518471721107,0.963780102452258,0.964247027507599,0.970161875879393,0.970322133808283,0.971863624530892,0.97343330560949,0.973750567819337,0.973999489714658,0.974479885491418,0.975122636568066,0.975378284985012,0.975535027899934,0.978107084594626,0.98223593405365,0.982856088847893,0.982971124790094,0.983368356187788,0.983850978159593,0.984443320962867,0.98445684078102,0.984664747535857,0.984948346716143,0.985256111985863,0.985581013299803,0.985723997937098,0.986045349874881,0.986407633138116,0.986457552514956,0.990346269463013,0.990372670916685,0.990559152658409,0.990597439422109,0.990799269666257,0.992668750907963,0.992840955737438,0.992868439087948,0.99300115861141,0.993029514418168,0.99305766108586,0.993201011552579,0.993684396965416,0.993757673297161,0.993863158732483,0.993960234631394,0.994166822470821,0.994225750041835,0.994557303589843,0.994663823834956,0.995003322179449,0.99505362250038,0.995086215906048,0.995198921396501,0.995267078594836,0.995595182099972,0.995635099360173,0.995670660759074,0.99584569968687,0.995863611408531,0.995965301674652,0.996005407633928,0.996459202855623,0.996509145437577,0.99657029000329,0.99671694056269,0.996754314732211,0.99678560235969,0.996863642333886,0.996870139595246,0.996966895491044,0.997075683286839,0.997138611125308,0.997146424192481,0.997169563153984,0.997284757747431,0.997307968882821,0.997331920670219,0.997374764354557,0.997401042940202,0.997425846065874,0.997435309572294,0.997466101441312,0.997470863917122,0.99751221981856,0.997528375295531,0.997562622924961,0.997574139789685,0.997600759783607,0.997605520211415,0.997619727384262,0.997622923182351,0.99765732216207,0.997672983119439,0.997698694981118,0.997705487210861,0.997823823623784,0.997831588709285,0.997849326262392,0.997869623607316,0.99789001512642,0.997899025339394,0.997933667195767,0.997970422820642,0.997994946208781,0.998001836714279,0.998029068042584,0.998039027634524,0.998059132398529,0.998073369183236,0.998100444440436,0.998103825512876,0.998111983760082,0.998122775769569,0.998129896804331,0.998138117809397,0.998187189714055,0.998192659494065,0.998215011682967,0.998228216897977,0.998240131538537,0.99824383562869,0.998255851691041,0.998261283335049,0.998311896257122,0.998339070817814,0.998369553327622,0.998383712395472,0.998398838160208,0.998402629912091,0.998419501847269,0.998433816406749,0.998449254011605,0.99845659363199,0.998479657360237,0.998483802476179,0.998490249667818,0.998495741671913,0.998500910420539,0.998509520832265,0.998554926553511,0.998560471774191,0.998567284881157,0.998586424958329,0.998597480495815,0.998602579660939,0.998619393645876,0.998621895978416,0.998631823265791,0.998636617336195,0.998643321085981,0.998644132188014,0.998657102046384,0.998658411583908,0.99866787139604,0.998673477203711,0.998683111354407,0.998687320205622,0.998701076629341,0.9987020477392,0.998705489428386,0.998712559485774,0.998722341345626,0.998727536443663,0.998737306415211,0.998737340758401,0.998749292174797,0.998750485916394,0.998757312370622,0.998759028015934,0.998762110737707,0.998763478398263,0.998772037375788,0.99877473261501,0.998778765956148,0.998781563485158,0.998786407230251,0.998786646815958,0.998789949908794,0.998796569558777,0.998799519449783,0.998803309481968,0.998812333336993,0.998814929255837,0.998824842545456,0.998830176361771,0.998832436824664,0.998837875189124,0.998840940789523,0.998842357997712,0.998845017970484,0.998847096378905,0.998851966475107,0.998854215525724,0.998864032007034,0.998866384762484,0.998873213419898,0.998873586761617,0.998879878799898,0.998881847608702,0.998888391151752,0.998888707027652,0.998898419660638,0.998899817757586,0.998902454383353,0.9989034953103,0.998907051522457,0.998908143071245,0.998916793796794,0.998917317518838,0.998921810960797,0.998923273052096,0.99892691557609,0.998927394779174,0.99892966998758,0.998930473049968,0.998931831355977,0.998932744363896,0.998934784510619,0.998936866424688,0.998945660579177,0.998946285091748,0.998954522737536,0.998956065816341,0.998963354633115,0.998966179360826,0.998972207855187,0.998974086509903,0.998978297800031,0.998982530325916,0.998987255429154,0.998989726843706,0.998991691710806,0.998993944187282,0.998995945998373,0.998997925879908,0.999000273937601,0.999002319141361,0.999006045351889,0.999007284313796,0.999015558039111,0.999017999247416,0.999022269923702,0.999022824731275,0.999029484126068,0.999032296887845,0.999035252683989,0.999036140049288,0.999040043187458,0.999041736685171,0.999044422474899,0.999046321244006,0.999049103311278,0.999049760182128,0.999051508861636,0.999053541419162,0.999057053736503,0.999059379441113,0.99906094099853,0.9990636085304,0.99906658741773,0.999068762414165,0.999071110730432,0.999072836223432,0.999079110947708,0.999081321730905,0.999085219167034,0.999089834125966,0.999092064004139,0.999094766908709,0.999098305775784,0.999098681280295,0.999100827365941,0.99910190190964,0.999105613372508,0.999106478076214,0.999107574612051,0.999109040836343,0.999111714302841,0.999112320411281,0.99911358755758,0.999113871832094,0.999114861141926,0.999116937339369,0.999119557660444,0.999122146596079,0.999124063990397,0.999124257055242,0.999127968945859,0.999128799933202,0.999131346750341,0.999132434670911,0.999133413130028,0.999134382410926,0.999136153193194,0.999137500608089,0.999139385059178,0.999140648048585,0.999142928150665,0.999143970522236,0.99914497637204,0.999146277827815,0.999147921420911,0.999148700643925,0.999150582113439,0.999151454809952,0.999154827837505,0.999156108549385,0.999157893095114,0.999158878062132,0.999160318719032,0.99916152227292,0.99916397986777,0.99916495109842,0.999167147277798,0.999169488743623,0.999171287194536,0.999172164180034,0.999173450074418,0.999175055179167,0.999176111806165,0.999176870109073,0.999179031225612,0.999180062052787,0.999182377225902,0.999184889433704,0.999186736566007,0.999187949194318,0.999189123072964,0.999189580708187,0.999190665882116,0.999191742513401,0.999193148299633,0.999194779183477,0.999196598211427,0.999197342348305,0.999198383671172,0.999199267178049,0.9992005106952,0.999201209829533,0.999202826030461,0.999203440782588,0.999205338366663,0.999206638493391,0.999207186739967,0.999208708579674,0.999210066228923,0.999211587002537,0.999212865491396,0.999213175040208,0.999215594236801,0.999216429250575,0.999217838001572,0.999218229251474,0.999220464710233,0.999223211184919,0.999224583568063,0.999225829066536,0.999227178976425,0.999227587621394,0.999228145843859,0.99922863193354,0.999229416107949,0.999230080377969,0.999232164109717,0.999232759007405,0.999233414594985,0.999234252282667,0.999235553892735,0.999236358268715,0.999238036111651,0.999238496442363,0.999239781865999,0.99924024107135,0.999240709588594,0.999241354825883,0.999242525158849,0.9992430745606,0.999244044999342,0.99924559776486,0.99924731420427,0.999247801951368,0.999249524605077,0.999250383943379,0.999250564400711,0.999250842172877,0.999252046365364,0.999252873161326,0.999253469071748,0.999254146096682,0.99925536737575,0.999256017769076,0.999256638395157,0.999257415345686,0.999257996538104,0.999258319673642,0.999259711917618,0.999260014978999,0.999261352556526,0.999261577317671,0.999262222896353,0.9992623077078,0.999262848675614,0.999263328295604,0.999266949890854,0.999267256871076,0.999267984243476,0.999268729070173,0.999269821133742,0.999270269740757,0.999271202611426,0.999272254011982,0.99927393937444,0.999274567178645,0.999275290796754,0.999276075018359,0.999276800215658,0.999277742498609,0.999278885559174,0.999279409265555,0.999280203380179,0.999281096441044,0.999282114125945,0.999282394530145,0.999283335929471,0.999283613798805,0.999285418263548,0.999287276303137,0.999289162772613,0.999289214275912,0.999291204934526,0.999292156453787,0.99929325896219,0.999293912016981,0.999296401197613,0.999297302487332,0.999298283057795,0.999299160533983,0.999300625780459,0.999301865180754,0.999303201065819,0.999304051433548,0.999306098323114,0.999306472897119,0.999308212380709,0.9993088224337,0.999309492564855,0.999310268077775,0.999311161970995,0.999311508366141,0.999312316056456,0.99931289769088,0.999313538033359,0.999314015445927,0.999314531643076,0.999315280557398,0.999316747177033,0.999316847743052,0.99931789418589,0.999318883584691,0.999320209219048,0.999320876656307,0.999322150266134,0.999322466715723,0.999323715805039,0.999324679210301,0.999326688576087,0.999327149242085,0.999327420139021,0.999327654715424,0.999328872936668,0.999329278846051,0.999329928891392,0.99933020425518,0.999331788059837,0.99933231711616,0.999333159385348,0.999333808158037,0.999335317510164,0.999336214685704
0.777569257665684,0.807486690401962,0.85232672798794,0.86808100106002,0.897237667648864,0.902007896834775,0.933701441993957,0.936895647124442,0.941421186359286,0.948130072164526,0.956088057456702,0.957442412025482,0.963538772615511,0.965340759862194,0.9711176215494,0.972585035115409,0.975068354319074,0.97595709946391,0.978861665918335,0.979437595295515,0.980995008456693,0.982049979615553,0.983586449662114,0.98403713907978,0.985617568732262,0.986225925567892,0.986773284395202,0.987222061121801,0.987801634248765,0.98792368318266,0.988631608037266,0.988731000318321,0.989604584018857,0.98974469030539,0.990040921422677,0.990214420079081,0.990482837705826,0.990650391457989,0.990850684263919,0.991080513511673,0.99127467320583,0.991643013006747,0.991873605555303,0.991974129138079,0.992087510877457,0.992139916126931,0.992292773012343,0.992538007754432,0.992624154344666,0.992649976773534,0.992721281318997,0.992756147749282,0.992830435352011,0.992850654442168,0.992922290023434,0.993050173800994,0.993182431585556,0.993357392201267,0.993411077439503,0.993445914582938,0.993598336240923,0.993704870209814,0.99384006139771,0.993902443404853,0.993994139043704,0.99401680677716,0.994067794978801,0.994093112925053,0.994133758540308,0.994166586148156,0.994287153383642,0.994310655575035,0.994414171960322,0.994433313177984,0.994508746885184,0.994519073624228,0.994627215009363,0.994872814783128,0.994941299710752,0.994963241544797,0.994982767458644,0.995014351132566,0.99531181577553,0.995341365248241,0.995447008985062,0.995506602566064,0.995587968534023,0.995609996611158,0.995626634525862,0.995640948611046,0.995720746860641,0.995745369309279,0.995816414465137,0.996098808884499,0.996262096931259,0.99627198416642,0.99630958946862,0.996348315487196,0.996528519322926,0.996644928298599,0.996740044870918,0.996781196986333,0.996814604440434,0.996882982894111,0.996955959829798,0.996963469218757,0.997071170122735,0.997154852568701,0.997163404957813,0.997167497347106,0.997203834120986,0.997210649361065,0.997352283224974,0.99735394997783,0.99739920387147,0.997414236147901,0.997437744634443,0.997441321706639,0.997466732385756,0.997492429591758,0.997542673846543,0.997550074291147,0.997555625281062,0.997582513320123,0.99759670408374,0.99759992265721,0.99762000998978,0.997626269681887,0.997724495840773,0.997728027030374,0.997750792167959,0.997757877827424,0.997768400556946,0.997771457240288,0.997804639327277,0.997811856000083,0.997825031902599,0.997839246418891,0.997844591144798,0.997847527886873,0.997876564424874,0.997881936426154,0.997895632396174,0.997899776162198,0.997907290974696,0.997911377537606,0.9979382756547,0.997945154211532,0.997966644259142,0.997970857125611,0.997977118773245,0.997980870650179,0.998000101651756,0.998035840279638,0.998039241350112,0.998044435512168,0.998077534560761,0.998084298458546,0.998104975175663,0.998108091678,0.998162249263525,0.998171201465309,0.998194719552082,0.998197623135484,0.998208128630678,0.998209726902248,0.998216306541592,0.998217142712957,0.998239638368876,0.998245624796793,0.99826414203313,0.998287586364126,0.99829967541455,0.998314720624342,0.9983326650439,0.998341919334376,0.998375906728773,0.998381751149979,0.998393854848688,0.998411001371685,0.998430789986065,0.998433515160349,0.998439198404206,0.998459705704255,0.998476136962223,0.998481984763264,0.998489643954986,0.998492060268626,0.998505064781497,0.998518448187631,0.998538809110457,0.998542577547916,0.998559334278062,0.998562665398025,0.998573649826922,0.998577237622737,0.998584282514097,0.998590338621785,0.998601964599069,0.998602446860066,0.998622812575232,0.998625131308849,0.998635860965341,0.998638660168065,0.998647020488425,0.998647964754541,0.99865080503923,0.998653515426696,0.998660458832519,0.998668540452129,0.998671132840545,0.998679802604674,0.998683929896399,0.998685021741915,0.998691500124494,0.998694672494067,0.998696323794708,0.99870189742652,0.998709208676677,0.998711297990987,0.998725343921725,0.998730178597615,0.998736031687544,0.9987362014001,0.998740129941251,0.998745185710292,0.998766493110455,0.998767227814437,0.998775417700476,0.998783964794541,0.9987917793289,0.998794188909682,0.998797366467311,0.998801556332387,0.998803761093849,0.998807211595768,0.99881279520326,0.998817797749822,0.998823651977325,0.99882646825382,0.998836346083594,0.99884169565359,0.998845723204743,0.9988463785204,0.998849366148708,0.998850399783028,0.998853237994222,0.99885551364781,0.998861087248879,0.998863831628215,0.998866708271467,0.998872123566997,0.998876368633461,0.998876796145872,0.9988827226066,0.998883440974597,0.998889135192224,0.99889325574626,0.998897534810319,0.998898569211514,0.998901666347049,0.998906956002784,0.998910502190592,0.9989159979335,0.998918485611731,0.998920858095315,0.998923854134546,0.998925549037865,0.998927260410911,0.998928273772023,0.998931770095161,0.998933422944114,0.998936120847675,0.998936432611808,0.998937848119229,0.9989415331331,0.998945556410259,0.998947711206812,0.998950276365716,0.998958170666987,0.998962410960872,0.99896405247777,0.998967446660685,0.99896909783029,0.998973016874272,0.998973818873356,0.998976235422134,0.998980785405905,0.998983408275121,0.998983670524126,0.998984888768975,0.998985724275457,0.998989326582236,0.998991536627614,0.998995383184408,0.998998873461863,0.999000866489969,0.999003321059004,0.999006161329636,0.999007833709292,0.999010293322427,0.999011301946044,0.999012448906389,0.999014268960978,0.999015342978321,0.999016276691376,0.999019342186462,0.99901993965207,0.999022797776434,0.99902315272096,0.999025310246212,0.999031538486376,0.999034135932064,0.999034741547292,0.99903613166166,0.999037678276884,0.999038904600463,0.999038949328341,0.999041300747753,0.999042590367123,0.999045739357688,0.999046616640856,0.99904781845716,0.99904818959147,0.999050886280503,0.999053703597675,0.999056879024593,0.999059518294765,0.999064145384398,0.999065468332897,0.999068384063648,0.999072413470038,0.99907349756528,0.999074774149227,0.999076919453509,0.999077567933858,0.999079157468327,0.999079957767238,0.999085200999679,0.999085955844865,0.99908883216296,0.99909292436659,0.999096305161605,0.999097592054952,0.99910021795272,0.999100588078634,0.999102655235262,0.999105387813424,0.999109683296185,0.999110504869171,0.999111464032737,0.999113754746062,0.999115070421932,0.99911548007705,0.999117638975714,0.999120222551012,0.999121655472841,0.999122913121245,0.999124039013527,0.999125216633595,0.999126747651882,0.99912821716372,0.999130131718309,0.999131726272543,0.99913289129989,0.999134737653116,0.99913610146438,0.999136661595404,0.999137504162901,0.999139217599825,0.999139995220904,0.999141031641686,0.999142885778828,0.999143075384411,0.999145832388706,0.999147381448359,0.999149055081361,0.999149587900404,0.999150988083783,0.999151785194349,0.999151807601834,0.999152364061971,0.999154357457593,0.999155967888119,0.999157100869486,0.999159328494568,0.999161243175177,0.999162251569865,0.999163786547308,0.999164989848428,0.999166712711131,0.99916756670628,0.999171055982979,0.999172842149124,0.999174368691639,0.99917629857268,0.999179726691491,0.999180619884807,0.999185469771116,0.999186673665203,0.999188107696648,0.999189643122511,0.999190474604399,0.99919062747824,0.999191204347989,0.999191447937212,0.999191893568805,0.99919270837847,0.999194115796248,0.999194533050796,0.999195089216429,0.999195739294909,0.999196869660079,0.999198829272489,0.999199909784824,0.999201313419282,0.999202814414525,0.999204006484259,0.999206322663303,0.99920834630782,0.999210732704382,0.99921104665577,0.999216029549446,0.999219137544275,0.999220527880791,0.999221145465274,0.999222199949417,0.999222945394066,0.999224448735605,0.999226127188769,0.999226694552636,0.99922767786897,0.999228611579529,0.999229311778315,0.999230426331216,0.999231683561104,0.999233908829944,0.999234232452752,0.999236172576101,0.999236593240105,0.999239234429079,0.999239809573345,0.999241653543929,0.999243269057824,0.999244591286611,0.999244898924603,0.999245527483659,0.999245818392705,0.99924717557469,0.999248723614814,0.999250156419303,0.999250379734353,0.99925162686503,0.999251795199793,0.999252668455778,0.999254085679995,0.999254943594209,0.999255859519019,0.99925777376153,0.999259093598421,0.999260137895224,0.999260825347202,0.999262045253734,0.99926236619336,0.999263178003461,0.99926363585789,0.999264675465165,0.9992653612774,0.999267741235428,0.999268640483876,0.999269044676109,0.999269944399798,0.999273741910487,0.999273921216871,0.999275213447422,0.999276826273727,0.999278782043244,0.999279337397332,0.999281565438982,0.999282993084882,0.999284954125143,0.999285377432799,0.999286158192946,0.999286765414894,0.999289648148638,0.999290487373323,0.999291456567549,0.999291695398893,0.99929222901529,0.999293123617473,0.999295263053211,0.999295528221584,0.999296940441894,0.999297310839317,0.999298480365162,0.999299040694319,0.999300151166122,0.999300420782181,0.999301576748307,0.999301788851852
0.754916048970391,0.807922721972195,0.82644049691626,0.843974999565134,0.869471710220612,0.872949800685154,0.877175676853725,0.880289790048372,0.920815367174197,0.925884282193132,0.936898015056357,0.937704041214295,0.946376396665349,0.948656872483819,0.966135261726153,0.967893555768959,0.969700576465088,0.970407364201034,0.974834871061646,0.976001108448436,0.976777933277531,0.977397407442422,0.97802378199555,0.978340500027395,0.980462880156085,0.982887641356227,0.984439962882292,0.984595798977616,0.985058166022685,0.985204772356879,0.985465633502537,0.985489983593344,0.985682969592183,0.985725242250488,0.98619015730728,0.986283950041866,0.986430386571023,0.986477184857959,0.986584657852995,0.986603589340953,0.987874900272133,0.987956629839426,0.98802527424838,0.988060231562087,0.988345007827,0.98839790179247,0.988490249733713,0.988555973606273,0.988887737416673,0.98892036909594,0.988991323794276,0.98902578755456,0.989144542842023,0.989158414312636,0.989252246949326,0.989307214397372,0.989354692768146,0.989380283428521,0.989791159983064,0.989822440518211,0.989859658246139,0.989918312010447,0.990192436565065,0.990223147987733,0.990364138078942,0.990382985479022,0.990422295425128,0.990934695457011,0.991098461457582,0.991117876203039,0.991147081689083,0.991168625449951,0.991236449486766,0.991316148929578,0.991335215890388,0.991357105128247,0.991759550424863,0.991778345080296,0.991908900139006,0.991990781226637,0.992025269880904,0.992061667553784,0.99210451833926,0.992130023455549,0.992169430896942,0.992179413487569,0.992194316886702,0.99233814252874,0.992999551804294,0.993166932572616,0.993928080183098,0.993936343590612,0.994282937966468,0.994898842982822,0.994954704738481,0.995195530798322,0.99529280394507,0.995349433717195,0.995651640060977,0.995685460961423,0.99578339541719,0.995790688609312,0.995972668161903,0.996019405929969,0.996061071550057,0.996191282187534,0.996274729202477,0.996353412244707,0.996418414959167,0.996423712572471,0.996711526201639,0.996719118737975,0.996870762574878,0.996881916213707,0.996975159623203,0.997072754704554,0.997139492748572,0.997226130544156,0.997256299028263,0.997356289594232,0.997388421800699,0.997392196110757,0.997408518258175,0.99743015634416,0.997441952747858,0.997482935912054,0.997576080109938,0.997597495256367,0.997640182964033,0.997668799967488,0.997724023305843,0.997755945276596,0.997768721064904,0.997784191659648,0.997809269541904,0.997916939024351,0.997923514614625,0.99792974128573,0.997943673539956,0.997962773336544,0.997996518153485,0.997999318903074,0.998006263071573,0.99803943173169,0.998067054367029,0.998069342858896,0.998106649152271,0.998115507206397,0.998129019077477,0.998144773707569,0.998173396937582,0.998184484404707,0.998212063392575,0.998225439960963,0.998236319714133,0.998243645851832,0.998262283187524,0.998275955316396,0.998320074502612,0.998323019283893,0.998351503301105,0.998368376681093,0.998386190176034,0.998394227838926,0.998427013832365,0.998441769123627,0.998453652834396,0.998457059183559,0.998462766937433,0.998481814286375,0.998487772521446,0.998506472485184,0.998536635400561,0.998543040294095,0.99857887944742,0.998588846365203,0.998593696522277,0.998602107671063,0.998606620408787,0.998618231346811,0.998633626530845,0.998647531113305,0.998655433254098,0.998663551091312,0.998682488430754,0.998685979559819,0.998693764551652,0.998696765651374,0.998714296998348,0.998717572068526,0.998731952503657,0.998735907816247,0.998738372233295,0.998740295467822,0.998748714292879,0.998749342427201,0.998753930326895,0.998760535340951,0.998768371337783,0.998776205879059,0.998789447655895,0.998793028674348,0.998797956678757,0.998799422586283,0.99880527332169,0.998813644519277,0.998820512259054,0.998823866185463,0.998825860032378,0.998828863494664,0.998834949812094,0.998838680005411,0.998843272346912,0.998847561084907,0.998851402410301,0.998853181892609,0.998861997797185,0.998862273436085,0.99886875931462,0.998874341465927,0.998881764601284,0.998882697762748,0.998886166285613,0.998889725687803,0.998892198926676,0.998894490894731,0.998897318072,0.998902536793406,0.998907009204492,0.998909261037066,0.998919274119918,0.998921352958116,0.998929987156721,0.998934764075838,0.998938022613715,0.998939605745071,0.998941380579098,0.998943561226866,0.998945072856315,0.998950351483782,0.998952261032285,0.998954172456012,0.998958197329718,0.998958749308455,0.998963648160543,0.998965344786125,0.998968284160106,0.998969862425685,0.998974453093282,0.998976515963257,0.998981636471637,0.998982945015751,0.998991632562365,0.998992973996057,0.999001135345707,0.999003094468117,0.999008796300097,0.999009760331886,0.999011520519353,0.999013131671017,0.99901900261865,0.99902087971268,0.99902366393083,0.999024881869012,0.999027850701854,0.999029990909029,0.999033330002357,0.99903436704779,0.999038796727242,0.999040830263863,0.999041383618036,0.999043081239851,0.99904636331244,0.999047219902856,0.999050110051368,0.999050798431828,0.999052877964611,0.999054195794328,0.999057115442479,0.999058823700309,0.999061055627764,0.999061954020522,0.999065517078179,0.999066506218058,0.999070379268481,0.999071753667437,0.999073001466595,0.999074595204628,0.999077752329981,0.999078638230133,0.999081091858157,0.999083366176491,0.999086887416448,0.999087585949141,0.999088841815491,0.999091198344698,0.999093334192024,0.999095112614745,0.999099888334885,0.999101770412445,0.999107162426578,0.999108135321943,0.999108338023087,0.999108401972908,0.999111595421348,0.999113309502035,0.999115017453443,0.999115912909062,0.999121283769507,0.999123153082681,0.999124209520306,0.999125024658525,0.999127815797794,0.999128533195927,0.99913046174174,0.999131711499125,0.999133490852903,0.999134542854215,0.999137498119286,0.99913827125624,0.999139590862919,0.999140367558044,0.999140682622159,0.999141136053506,0.999143291975666,0.999145019700956,0.999146262440526,0.999146950885951,0.99915010512939,0.999152173561973,0.999153582283475,0.999154404610273,0.999157351691881,0.999158701324105,0.999160644040105,0.999162286869463,0.999165522968657,0.999166166379912,0.999167009914552,0.99916823991367,0.999170122839809,0.999170739289128,0.999172008692965,0.999172171661575,0.999174370736734,0.999174783477426,0.999176604421009,0.999178349727193,0.999184410621052,0.999184656609434,0.999185385265176,0.999185438001625,0.99918712267077,0.999187711158235,0.999189563256203,0.999190525416226,0.999192339307658,0.999194338618502,0.999196367468859,0.999197537857948,0.999199510516839,0.99919986723718,0.999201375213403,0.999202148781521,0.999204817578789,0.999205191430052,0.999206054176552,0.999206259864893,0.999207614305477,0.999209045939593,0.999210702458091,0.999211675532924,0.999212891490439,0.99921397740964,0.999216594450859,0.999216927505068,0.999219645935656,0.999220441049514,0.999221091279599,0.999222554316654,0.999224667392078,0.999225925305833,0.999228083441002,0.99922909581175,0.999230753299958,0.999232551802943,0.999234832144523,0.999235085970987,0.999236463477711,0.999237052812776,0.999237561056688,0.999238033961793,0.999241599780042,0.999241931740183,0.999243852497633,0.999244558138743,0.99924588097891,0.999246847868189,0.999247665500165,0.999247841570214,0.999248755689183,0.999249430440017,0.999251102884498,0.999252096836755,0.999254608308755,0.999255404735664,0.999257178520853,0.999257927481481,0.999260213017118,0.99926028130882,0.999260801990811,0.999261241281476,0.999262666577657,0.999263574600211,0.999264755771226,0.999265458061312,0.99926611931912,0.999267389703896,0.999269966135033,0.999270851646546,0.999272069262063,0.999272836482428,0.999274151948122,0.999274530254654,0.999275846750582,0.999277029157204,0.999278243732358,0.999278471173785,0.999279853022857,0.999279937838047,0.999280150450092,0.999281462430092,0.999283333224514,0.99928339132069,0.999284072834711,0.999285506530408,0.999287213173184,0.999287888658108,0.999288912186616,0.999289792230397,0.99929045204132,0.999292206203767,0.999293306481098,0.999294080012901,0.999295737842386,0.999296799330274,0.999297588148448,0.999298657320254,0.999299460387169,0.999300229530431,0.999302039472898,0.999302695152956,0.99930375413639,0.99930433244477,0.999306861028639,0.999309260296546,0.99931051778461,0.99931087626608,0.999312306912761,0.999313304514838,0.999316470234083,0.999317628671,0.999318706798957,0.999319589152687,0.999321051221265,0.999321162347623,0.999322868590098,0.999322938744837,0.999325205571678,0.999325683066389,0.999326773856059,0.999327106306361,0.99932897422816,0.999329368168347,0.999331358959708,0.999331763683954,0.99933388965215,0.99933423684204,0.999336398956857,0.999337725103049,0.99933897083269,0.999340039451925,0.999340917722966,0.99934134972994,0.999342229772619,0.999342817069216,0.99934360525643,0.999343750620967,0.99934437482447,0.999344798982584,0.999345404335393,0.999345644075017,0.999346449911613,0.999347132730526,0.999348056337692,0.99934905481276,0.999349957135568,0.999350249051793,0.99935043779364,0.999350528290707
0.804954861695072,0.861866150378693,0.86624212251083,0.904731521957872,0.911794198977185,0.921851359491346,0.936450360082684,0.948395962921154,0.956886006377796,0.958295162390069,0.965991950887984,0.96854591982989,0.970552638154899,0.971322289049482,0.974521910679185,0.975290676836341,0.976631632195036,0.977041045155714,0.978905285773798,0.979194967620974,0.980828565102855,0.98123504583195,0.981829956626266,0.982040245918969,0.982477260346057,0.982681129691663,0.98317183783061,0.983438812605063,0.983557006531769,0.983873070692555,0.984098246557941,0.984187974802402,0.984310246867802,0.984406996455253,0.98465538117442,0.9847666156839,0.98492188767465,0.985028567595452,0.985203569493194,0.985383471870945,0.985421022495875,0.985453000515136,0.985532987243907,0.985622608586658,0.987641988099613,0.987654115391453,0.988356707091771,0.988373413499081,0.988483433838545,0.988535922161139,0.988584746695081,0.988610174250517,0.988676337749166,0.988697161884231,0.988775808874453,0.988806102211284,0.988850425404835,0.988869241003174,0.988939743101187,0.988982422430909,0.989020459026094,0.989037549788079,0.989094272588065,0.989111250333358,0.989179564462261,0.989193559528819,0.989225388912072,0.989241924764021,0.989284509272909,0.989291285651611,0.989321850050754,0.989337225000256,0.989362383966274,0.989370584148685,0.989397643151714,0.989411352081852,0.989436413686233,0.989441237979095,0.98951206636447,0.989540551386794,0.991098616609914,0.991101986158185,0.991111034500041,0.99112280983504,0.991145189985859,0.991155790086023,0.991175223175082,0.991182287631615,0.991203078818584,0.991212713113274,0.991232152271235,0.991240567996388,0.991258830174322,0.991261758810218,0.99127001537929,0.991275885627795,0.991304300374341,0.991308787229183,0.991329391409334,0.991340772190846,0.991350025952655,0.991359992573055,0.991379941997003,0.991410536810079,0.991428091646203,0.991430701234294,0.991449169460215,0.991452902076047,0.991461629766063,0.991466823045035,0.99168664338849,0.991689874027207,0.991697638174402,0.991703297030026,0.991711135530982,0.9917188911596,0.99173018620117,0.991734939786285,0.991850228583575,0.991851073379895,0.991861433477639,0.991868058975178,0.991874469592262,0.991881792536705,0.991889262945493,0.992001526725359,0.992030031496823,0.992037592443882,0.992047406863697,0.992053529446396,0.99207217060245,0.992075735970419,0.992081687782661,0.992084817608364,0.992096888833202,0.992122356088396,0.992127506366302,0.992129775063299,0.992136799962992,0.992141680968544,0.992149739991227,0.992153095146852,0.992156650942604,0.992159693927933,0.992206742913972,0.992209389388527,0.992215363575858,0.992220568596488,0.992226301027554,0.992228657512625,0.992231049924384,0.99223426125179,0.992238675972408,0.99224162507302,0.992250471037352,0.99225572079415,0.992261235679257,0.992264277071032,0.992268347721143,0.992271946060839,0.992728050990517,0.992729433964212,0.992730463077552,0.992744345405846,0.992747044998847,0.992748808589925,0.992753754858447,0.992754442958779,0.993097392250001,0.993098655079686,0.993103961806298,0.993108165824753,0.993113152685524,0.993115091952636,0.99311824357715,0.993120309853185,0.993132362058744,0.99313563543226,0.99314240180297,0.993144923484705,0.993149844952757,0.99326822326255,0.993274430978401,0.99349028290996,0.993495845506463,0.99352447182986,0.993530608170293,0.993532508551685,0.993534618035291,0.993535896483626,0.993538437704019,0.993540400203926,0.993565879541216,0.993568030692221,0.993573844571871,0.993875867443549,0.993948235587428,0.993949757421465,0.993990373799018,0.994007177406411,0.994010615794581,0.994013474038997,0.994021018521408,0.994023384489081,0.994027207954606,0.994031696738846,0.994054351058404,0.994055504255908,0.994175859646773,0.994180499433026,0.994198223120379,0.994259388943272,0.994317967704124,0.99432171953029,0.994349038105297,0.994351231236861,0.994354449131663,0.994356079528323,0.99436256594694,0.994366753503141,0.994386104375585,0.994390144304202,0.994406910431386,0.994409042907787,0.994413905336131,0.994425546757289,0.994426822084326,0.994429057949154,0.994431716640912,0.994433273556202,0.994436912331497,0.99443891014694,0.994507407121046,0.994508269246923,0.994513419969024,0.994514512494367,0.994516868016479,0.994517533247686,0.994522103522299,0.994524350942488,0.994527199021823,0.994528337031422,0.994533253988392,0.994534901044012,0.994538267617839,0.994540504553815,0.994541224858187,0.994544105514639,0.994919081854955,0.994921146362321,0.994930048675752,0.994932316451566,0.994933031571551,0.994934435189462,0.994974772037171,0.994978503946258,0.995195585703055,0.995195999745438,0.995264309289898,0.995266028377445,0.995266755878168,0.995269295187547,0.99527140041458,0.995271841633959,0.995298065004284,0.995298401539847,0.995299178491815,0.995300784792894,0.995549032842763,0.995551109265901,0.995883620736652,0.995884931851934,0.995916984055654,0.995917778475083,0.996083895964844,0.996084921943034,0.996137746077602,0.996139010731227,0.996140347100221,0.996141460739576,0.996577087513121,0.99657935013587,0.99659426561051,0.996649636793371,0.996661723748323,0.996663203671979,0.997193792589064,0.997194937707442,0.997197340401481,0.997350977977011,0.997415469261391,0.997495666378626,0.997542682552255,0.997556361120265,0.997570319943373,0.997708708159607,0.997735228736439,0.997768996466465,0.997845292488668,0.997846121102439,0.997942150047029,0.997950182297961,0.998023367831082,0.998026698749354,0.998031758108421,0.998036175996155,0.99820504293269,0.998206288257097,0.998277581804718,0.998278730277072,0.998323437786704,0.998324434544654,0.99835382544299,0.998380213195961,0.998409452058765,0.998464162235013,0.998525251793505,0.998534305718279,0.998542871802082,0.998543667501196,0.998571382785993,0.998594035952644,0.998606310666982,0.998606626025725,0.998622080969668,0.998622080970026,0.99865004526729,0.998692938718514,0.998712410627823,0.998712723818602,0.998717444096107,0.998718085230245,0.998735066075447,0.998749660221388,0.998793494739761,0.998795730815588,0.998819558485789,0.99885246842841,0.998866609619461,0.998880365968884,0.99889460463768,0.998895362061045,0.998906159675691,0.998912473798981,0.998920434065453,0.998928977984841,0.998941214931311,0.998942670806645,0.998949984686114,0.998950190420617,0.998958244132953,0.998962475972345,0.99898010064062,0.998986121947511,0.998991566847501,0.998992312524244,0.999004399206675,0.999007135801192,0.99901183185882,0.999018641129422,0.999025174879593,0.999029934681177,0.999034298155347,0.999037605329038,0.999048138656121,0.999053094587483,0.999068440769828,0.999070522368891,0.999080526218447,0.999081266850302,0.999093569239371,0.999096338000597,0.999101477776663,0.999105785242086,0.999111009295504,0.999111541735985,0.999115649827511,0.999115852270602,0.999118804985172,0.999120223811245,0.999130092265879,0.999141046673528,0.999146855685331,0.999148620572377,0.999154961255511,0.999157669577517,0.999160773379558,0.99916149389928,0.999169316934087,0.999171309348469,0.999174913008682,0.999177149582071,0.99917901040146,0.999179522060352,0.999182743509175,0.9991831405763,0.999187858408613,0.999189120707697,0.999192071267057,0.999192850140124,0.999200723865406,0.999200847725717,0.999201127339403,0.999202032367345,0.999206014649585,0.999207326295263,0.999213025100248,0.999213298575033,0.999221337154786,0.999221971740646,0.999223332345987,0.999225850755366,0.999226344065126,0.999226707024695,0.999227806158751,0.999229512458024,0.999232265802242,0.999233788372792,0.999234862900509,0.999235169015178,0.999237337973282,0.999242463783501,0.999246244994091,0.999248020762157,0.999250634231707,0.999251105167283,0.999253668202885,0.999254367728791,0.999256663847167,0.9992569723661,0.999259217555771,0.999260938732034,0.999267411567624,0.999267864477278,0.999268335283123,0.999269661112883,0.999270657368743,0.999270825072461,0.999271931367976,0.999272474635771,0.999273836196863,0.999274301766283,0.999274495820666,0.999274758401707,0.999277274699615,0.999278667988902,0.999280856089508,0.999281668219251,0.99928596390501,0.999286299862632,0.999287733766684,0.999287844754881,0.999287959874135,0.999288617852144,0.999290176841481,0.999290808497105,0.99929436668548,0.999295345009698,0.999296779361481,0.999297491491087,0.999297818414149,0.999298434235353,0.999299173743158,0.999299839471875,0.999300271005707,0.999301525102948,0.999302843363992,0.999303020880948,0.999303358221067,0.999303912919557,0.99930503990799,0.999306236315036,0.999306843317486,0.99930753860487,0.999308147239813,0.999309747296545,0.999313063498006,0.99931374098845,0.999314971102422,0.999315335571365,0.999315600861692,0.999315649611484,0.999316490384412,0.999317517454992,0.999318551909492,0.99931858751458,0.999319692204059,0.999321011080906,0.999321801105157,0.999323936758947,0.999324862839913,0.999325462798843,0.999326706985648,0.999327269019114,0.999328539830335,0.999329732050323,0.999330491245894,0.999330796688707,0.999331576918003,0.999332815216073
0.791750905937206,0.833781793843744,0.847406142259849,0.866464771056249,0.884597294718671,0.904267401262293,0.920140774250976,0.923855661564858,0.939918406079059,0.944625327414514,0.953555062029924,0.961568294577191,0.966964621072145,0.968282988721824,0.971141348745257,0.97205792577225,0.973341381473252,0.97393148606151,0.975751840670651,0.979529166882237,0.980300400980343,0.981020952097373,0.981732473739875,0.981969325385997,0.982352364826688,0.98245455552029,0.982939823593251,0.983085449103298,0.983687124307942,0.983771719481832,0.98390389518478,0.984005314594397,0.984333537180882,0.984367344395431,0.985319882602416,0.985345149248235,0.987761403204123,0.987794735810373,0.987900840554935,0.987957421973345,0.988194249294123,0.988207536268827,0.989154827983318,0.989199918900266,0.989444577142275,0.989491487006229,0.989676017263516,0.989703114258859,0.989880321413574,0.989941789861143,0.990020671565861,0.990037215988811,0.990120258684428,0.990149037387274,0.990174833350275,0.990211644659579,0.99037613771203,0.990401938052185,0.990425569657941,0.990442845354353,0.990480468229751,0.990505648630424,0.990539149932574,0.990545161884065,0.990803363477555,0.990815001956045,0.990861669796421,0.990869831347045,0.991684204694308,0.9916942164074,0.991721365868523,0.991729011294371,0.991820746112605,0.991844473332849,0.992365764783071,0.992377138593339,0.992398919521984,0.992444832669032,0.992596799256091,0.992606384801122,0.992658340174465,0.992671998698808,0.992702623290822,0.992723800389173,0.992828272975737,0.992834774360823,0.993057233568286,0.993063616653964,0.993095508746768,0.993166074230443,0.993180415348159,0.993189754064452,0.993211760838556,0.99321782238027,0.993230675908626,0.993234684789202,0.993240777485896,0.993243358146384,0.993268728008959,0.993275577240385,0.993290772092104,0.993295490611727,0.993321260792679,0.993328694509036,0.99336080129171,0.993372896714788,0.993404164190788,0.993414122839558,0.993470579493979,0.993482136245805,0.993641030868642,0.993647274924121,0.993669582940492,0.993675588361244,0.994078203598166,0.994082470848206,0.994138046087587,0.994147631829393,0.994267769021378,0.994273026328002,0.994325348569019,0.994329541527907,0.99440367633361,0.994409656082337,0.994515744496362,0.994522832803825,0.994536610824044,0.994540095789942,0.994562799162695,0.99457045044556,0.994713283281427,0.994716514389827,0.994719659780314,0.994731038322355,0.994772594956876,0.99483902871795,0.994846392932136,0.9948482515617,0.995021407462984,0.995027175776591,0.995115660264988,0.995186036668037,0.995191290889933,0.99519514784105,0.995380724828548,0.995419340743727,0.995645639006323,0.995674815257475,0.995681647327038,0.995684984280895,0.99572546565222,0.995726699997654,0.995733096012004,0.995736955337849,0.996050613645429,0.996112581205688,0.996170762756513,0.996176448921976,0.996218096412427,0.996224156511795,0.996266967830384,0.996270972082502,0.996472851997045,0.996477029028306,0.996498738051954,0.996550838367877,0.996601999659403,0.996630423444702,0.996808514973486,0.996810694336002,0.996814548443962,0.996973635185807,0.996978945485564,0.996983079593389,0.997098147489765,0.997104851270283,0.997243015147225,0.997263127034134,0.997312397253104,0.997314600958306,0.997368758854144,0.99746740063666,0.997505225555263,0.997517650692077,0.997539166000331,0.997541329890167,0.997546027611995,0.997608875076248,0.997652549866524,0.997675126209523,0.997707140717095,0.997740542080436,0.997839926139596,0.997909561931846,0.997919604784359,0.997932971269242,0.997934834478597,0.997935101986606,0.997975246221277,0.997984199896142,0.998025419181951,0.998040733027932,0.998076587876213,0.998080725274991,0.998104924838627,0.998116770925787,0.998144210394873,0.998153920739254,0.998170963970501,0.998180316870867,0.998246623616674,0.998251993079694,0.998287666930348,0.998298286839158,0.998375171389943,0.998377157124163,0.998390106383058,0.99841094528408,0.998425137135528,0.998428801732367,0.99844009046799,0.998441066871125,0.998449185785259,0.998453538808998,0.998462011487745,0.998468203223577,0.998480656956992,0.998486638018333,0.998502447629471,0.998506127261063,0.998513986186745,0.998521010863729,0.998551325680136,0.998553880511717,0.998559545749586,0.998559937956371,0.998561861105961,0.998563634454584,0.998567407489641,0.998570071532806,0.998588794825149,0.998591646124744,0.998606126015879,0.998608367755154,0.998621983298593,0.99862412772187,0.998649851719948,0.998667096825055,0.998673640917947,0.998682993000006,0.998690188424635,0.998693092424444,0.998699045610518,0.998699991602679,0.998741874514621,0.998747226250849,0.998771133826341,0.998773467522894,0.998782908964101,0.998797239597612,0.998804781124315,0.998816552137198,0.998821978904213,0.998826177567815,0.998842204869233,0.998851382303233,0.998858770731883,0.998866042949294,0.998872791930862,0.998874182301388,0.998877609251621,0.998885409303094,0.998889179196622,0.998890669422974,0.998899226635292,0.998900963570001,0.998905907410611,0.998910043365347,0.998916149020727,0.998919221088763,0.99892621973203,0.99892738860614,0.99892995831458,0.998934843672831,0.998939660910461,0.998941678051788,0.998944634705898,0.998948450234759,0.998952146559337,0.998955520919925,0.998966875660293,0.998967650883771,0.998968787277582,0.998971817727568,0.998976531703245,0.998980626710898,0.998987314601245,0.998993965941858,0.998996848723726,0.998999688955219,0.99900147119245,0.999002321979683,0.999004503281589,0.999005965801115,0.999022477240704,0.999023726267426,0.999035156883218,0.999040515824717,0.999045448675504,0.99904665920685,0.999052674803785,0.999059172056183,0.999062978167095,0.999063187034327,0.999065168415862,0.999068180746972,0.999071221227456,0.999072454751302,0.99907762004086,0.999079898702656,0.999084350209065,0.999085542518797,0.999089586587321,0.999092270177953,0.999095757887505,0.999097479963379,0.99909989185192,0.999101732212793,0.999104786311957,0.999106311454125,0.999108490329343,0.999109445727421,0.999110772223545,0.999111197829225,0.999112900925164,0.999113726118097,0.999114870615497,0.99911859056266,0.999121526826993,0.999122528530379,0.99912352627033,0.999127841324387,0.999130152399076,0.999133991990098,0.999135792133211,0.999136178195868,0.999138353461641,0.999140633972155,0.99914508841343,0.999145431676756,0.999147893189994,0.999149388111031,0.999150612637928,0.999151006967695,0.999153303168064,0.999155365033009,0.999158159073372,0.999161083956904,0.999161663686236,0.999163702727906,0.999166434415197,0.999168232413201,0.999171589952217,0.999173955577618,0.999176464375228,0.999177950780187,0.999181297915456,0.999184609105119,0.999185539235847,0.999186285796065,0.999188095920992,0.999188552171886,0.999188921859455,0.999190341369351,0.999191550794191,0.999194157860317,0.999195793864187,0.999197658541689,0.999199422521947,0.999200105801773,0.999201023916754,0.999202251125357,0.999205126281065,0.999206325516376,0.999207627607552,0.99920892871988,0.99921078366748,0.999213655940805,0.999215421823519,0.999215562570102,0.999216597259135,0.999217429838328,0.999219407921315,0.999220684153064,0.999221428903951,0.999223553374291,0.999227792187302,0.999227990705123,0.999228687248124,0.99922904726161,0.999231425191564,0.999231728970985,0.999232750652862,0.999233326672304,0.999234376631117,0.999234467492423,0.999237081593252,0.999239840208546,0.999245027700608,0.999246068637875,0.99924985758415,0.999250605695903,0.999252474291211,0.999253229844778,0.999254482638461,0.999255462716437,0.999257385503199,0.999258953781611,0.999259736873238,0.999260620194659,0.99926238952451,0.99926275693887,0.999264301138168,0.999265166523039,0.999266135126133,0.999266735753508,0.999268918224818,0.999271337635956,0.99927361943599,0.999273939767889,0.999274838977672,0.999276839241285,0.999277711723257,0.999279370128063,0.999280249915094,0.999281175435013,0.999282907231584,0.999283721953849,0.99928627004381,0.999286998178618,0.99928837262212,0.999288994787417,0.999289638573343,0.999290238721004,0.999291065599929,0.999292204714153,0.999292764420794,0.999293058606406,0.999294528914704,0.999294859091118,0.999295921485042,0.999296830410088,0.999297648493842,0.999298406712746,0.999299789662676,0.999301693349075,0.99930317999523,0.999304218885685,0.999304807195833,0.999306670112689,0.999309167736785,0.999310836942015,0.999312955209114,0.999313783522457,0.999315735994653,0.999315761875867,0.999316536271282,0.999317789511053,0.999318317670909,0.999318500857316,0.999319801630017,0.999320755453346,0.999323304045639,0.999323650820956,0.999325155773317,0.999325683121829,0.999326971060016,0.999327401365768,0.999327706618023,0.999328389941735,0.999329405832695,0.999330532813879,0.999331084615386,0.999331101200977,0.999333897674658,0.99933404590407,0.999335435212559,0.999337218569755,0.999337646153314,0.999337812966586,0.999338556106349,0.999339062586961,0.999340136728085,0.999340170252709,0.999341434758249,0.999342237810132,0.999343062571296,0.999343999384299,0.999344587059661,0.999344838954295
0.807705600581315,0.833114873054477,0.834076191547017,0.839996899448221,0.85745593193112,0.858361710602454,0.899286923359577,0.912592384428325,0.92795998326663,0.928672951802579,0.943388711322103,0.948951901588725,0.957338646539245,0.964123608028592,0.969290937461821,0.971014305484785,0.97298372011154,0.974033542444284,0.975651371703953,0.976122501834729,0.979466227521433,0.980042057982356,0.983104500852493,0.983505724626328,0.984302025570173,0.985858701803018,0.986304058405215,0.987319875432757,0.987621649743913,0.987758586293988,0.98887382740997,0.989712028206055,0.991200415455305,0.991281757694896,0.99156626431071,0.991617859888952,0.991745092800102,0.991787076656216,0.992061387639248,0.992204555093784,0.992726187279184,0.992784493346114,0.993123126499645,0.993168519697617,0.993580317398333,0.993659233524131,0.993832133447432,0.993855539424829,0.993959556597361,0.993985689104794,0.994129864606637,0.994149166927951,0.99420979164824,0.994235434026752,0.994654471834298,0.994666789160027,0.994800462154176,0.994825027938039,0.994914069097866,0.994942391099142,0.995182295502143,0.995226894173238,0.995333850234161,0.995354809571306,0.995911802215718,0.995920038882267,0.995974911369209,0.995995562987038,0.996274654847051,0.996360583261983,0.99642532901885,0.996469655684738,0.99655096440026,0.996568499807498,0.996646467243007,0.996700661432641,0.996843617167557,0.99687980871483,0.996926843598958,0.996951872096135,0.99702750863546,0.997058183475428,0.997138525425256,0.997210295668124,0.997248231177681,0.997264953748717,0.997301473324323,0.997322904806728,0.997369186277896,0.99738676216296,0.99742623858104,0.997443549933949,0.997486342534977,0.997503601559943,0.997551626071717,0.997564278357539,0.99758674933433,0.997597885021181,0.99761159394533,0.997620513876337,0.997637608848907,0.997684551065262,0.99773287597137,0.997735245537947,0.997758876546796,0.997779521148065,0.997799915144369,0.997813350969675,0.997838183390584,0.997853543613101,0.997872860087348,0.997881517994728,0.9979002826244,0.997911554594111,0.997946567079919,0.99795646553746,0.998005873314893,0.998018636247328,0.998039051370463,0.998052905106984,0.998062466615042,0.998078219697559,0.99809958450136,0.998112126901816,0.998148869517913,0.998154587221002,0.998163359991051,0.998175053761411,0.998186112270201,0.998199504648414,0.998209793695318,0.998211935056759,0.9982260804246,0.998236851957017,0.998252628077885,0.99825863416631,0.998267215262513,0.998276227526226,0.998298501929887,0.998303617599919,0.998312224101582,0.998317950725669,0.998329071084969,0.998333798341071,0.998340208749543,0.998346915845741,0.998354460958213,0.998366696428325,0.998376693399628,0.998382876033035,0.998391468759205,0.998402925432876,0.998414447602585,0.998418649817866,0.998423539082787,0.998429488749209,0.998440030434793,0.99845494601298,0.998461339978145,0.99847180706409,0.998477075833373,0.99848209989069,0.99849033565274,0.998502592792297,0.998512141275164,0.998515722286574,0.998525157878011,0.998527891981071,0.998533062443212,0.998535755632733,0.998545220748385,0.998550995240365,0.998554835971288,0.998557877119522,0.998562087563302,0.998563101637146,0.998568483467448,0.998572574245771,0.998575547781032,0.998578355594642,0.998585455872762,0.998603784726519,0.998608929429587,0.998610532644066,0.998615620823021,0.998615625152225,0.99862190815159,0.998625361415447,0.998633289138253,0.998636079595374,0.998641229454125,0.998647138034197,0.998649059372262,0.99865219414593,0.998657854567758,0.998661548506281,0.99866459659685,0.998668735353791,0.99867423870805,0.99868160506965,0.998686307938458,0.998689202477223,0.998693425832727,0.998693889205644,0.99869852876115,0.998700427610551,0.998706210804627,0.998709226854747,0.998717930062697,0.998718765838571,0.998721659207294,0.998722993229909,0.998730652207622,0.998751353331823,0.998759540993383,0.998761669175005,0.998766810787791,0.998768833071593,0.998822881557741,0.998824438455582,0.998826906486215,0.998827802696506,0.998831361115959,0.998833110523153,0.998841619393007,0.998842365130544,0.998847788717078,0.998851319681316,0.998852483483874,0.998879505667138,0.998884602430663,0.998887142355952,0.998892012941363,0.998892468594866,0.99889680518084,0.998918507151892,0.998925932996203,0.998928708369394,0.998930557489684,0.998932467139613,0.998935183945463,0.998937642643682,0.998941905483862,0.99894228747579,0.998946755281243,0.998947677313041,0.998951350005095,0.998956938888636,0.998963570479443,0.998964711928046,0.998966451311388,0.998969281989506,0.998972656567428,0.998975378621391,0.998981473003966,0.998982672207509,0.998990242603205,0.998990911678386,0.998994825597345,0.998996002503037,0.998999575697892,0.999000526649142,0.999005760144845,0.999006719093268,0.999031168834439,0.9990319630067,0.999035715352133,0.999037374550424,0.99904022412173,0.999040767772847,0.999044677032127,0.999047812404253,0.999052800927215,0.999054925619138,0.99905779450331,0.999058564535169,0.999061282070289,0.99906272154336,0.999064358035503,0.999066152764363,0.999068137824964,0.999069948916367,0.99907258843669,0.999074149989745,0.999078624786375,0.999084487742977,0.999090235176073,0.999093109763457,0.999095661883377,0.999097245775901,0.999097829939357,0.999098425997979,0.999099935498171,0.999101171782588,0.999101651629877,0.999106420102025,0.999109299563824,0.999110956536301,0.999114441400139,0.999115741091964,0.999116720222864,0.999116898296022,0.99912130146236,0.999122607575844,0.999124882746883,0.999125615797197,0.999127507043535,0.99912778051225,0.99912940718335,0.999129947805399,0.999132839254232,0.999134072892536,0.999136837648543,0.999137747767908,0.999140061771024,0.999142407759372,0.999145141899888,0.999145282847704,0.999146249312515,0.999147895399229,0.999150711328638,0.999151487993935,0.999152968600821,0.999154033147811,0.999156318166594,0.999158016499193,0.999159045913362,0.999159800504396,0.999162693166265,0.999163014084447,0.999164242790192,0.999165459247515,0.999167790457252,0.999168787972729,0.999172349948331,0.999173110860213,0.999176610342771,0.999177216731701,0.999179270444111,0.999181079389702,0.999182322893756,0.999183737243981,0.999186239914972,0.999188597425052,0.999192983581205,0.99919415920511,0.999197992039828,0.999198192710885,0.999201598968098,0.99920267801561,0.999204272539873,0.999205391585475,0.999208862009472,0.999210110985913,0.999212118214842,0.999213248334461,0.999215132694413,0.999216100835054,0.999217037152691,0.999218421313716,0.999219659795372,0.999220732688287,0.999221880970746,0.99922262469208,0.999224892850661,0.999225695334976,0.999228132221067,0.999228796704557,0.999230573018324,0.999231829874686,0.999234013324043,0.999235093021685,0.999237704264229,0.999239210476001,0.999240038075546,0.999241046430479,0.999243495010336,0.999244813626365,0.99924668090966,0.999247345289168,0.999255833936217,0.99925629783099,0.999257944165304,0.999258640782872,0.9992598196215,0.999260219778776,0.999261384536335,0.999261968838376,0.999263588642131,0.999264489476664,0.999266657307156,0.99926896768239,0.999272478513615,0.999273473912558,0.999275567030076,0.999276068425892,0.999277272153006,0.999279278608395,0.999280766472139,0.999281174206608,0.999282345339552,0.999282566885285,0.999284392320229,0.999284897943695,0.999286172788657,0.999287178011701,0.999289707793372,0.999290602767742,0.999291930739503,0.999291997126325,0.999292638540584,0.999294216349529,0.999297971897475,0.999298028373305,0.999299449699712,0.999300668612249,0.999302276036796,0.999303426136904,0.999304423861638,0.999304746436547,0.999305517580254,0.999306830038173,0.999309057070945,0.999309145165105,0.999310643719693,0.999311237469966,0.999311762220081,0.999312949629795,0.999315683697927,0.999316180689272,0.999317560398281,0.999319292336525,0.999320457469514,0.999320618711964,0.999321811250289,0.999322701451461,0.999324354908738,0.999325057839761,0.99932717111773,0.999328390544647,0.999330783031167,0.99933175016947,0.999333493212759,0.999334853172911,0.999335828834414,0.999336940229757,0.999337598449999,0.999338677663786,0.9993393491169,0.999340805081552,0.999341164194024,0.999342596067656,0.999342741999511,0.999343634131899,0.999344262799624,0.999346466807393,0.999346952282195,0.999347485006314,0.999348313934777,0.999348698755294,0.999349751125021,0.999350088147708,0.999354936761237,0.999356529274651,0.999357047758732,0.999357342652094,0.999358713958488,0.999359665759181,0.999360950862139,0.999361505040775,0.999361931657413,0.999362916050585,0.999364530317418,0.999364845829502,0.999365759369519,0.999366280327612,0.999366314893393,0.999366618126989,0.999369066733167,0.999369584180106,0.999370481946933,0.999370835480615,0.999372864177641,0.999373815720273,0.999374392299813,0.999376064083439,0.999377555789485,0.999378860794064,0.999379285830567,0.999379812684415,0.999380745453357,0.999381370631895,0.999382018090717,0.999382396274324,0.999384313139044,0.999385094258933,0.999385961532605,0.999386794561872,0.999387176970726,0.999388353577897
0.816604651799053,0.862057729260962,0.868734880393833,0.903345284445635,0.905392721871637,0.910971669848084,0.919552886224276,0.931212793519273,0.938918987035435,0.940796110381367,0.953274644735746,0.955977524778166,0.960934621452535,0.962981858774438,0.965503963744608,0.965951831330551,0.971446883816132,0.972553467513897,0.973560793400829,0.974208657059016,0.975346885896331,0.97612101843231,0.97698631578338,0.977695073079025,0.978014083123814,0.978264457892215,0.980226955236865,0.980422467554063,0.983171910121238,0.983300952546772,0.983632314349068,0.983722132913018,0.983856341546641,0.983912646554714,0.984045602620209,0.984294534389568,0.984623638552571,0.9847096427248,0.985202174269034,0.98555862478328,0.98565695784435,0.987302134051932,0.98738319320805,0.987429857216414,0.98750362371864,0.988587874975434,0.988647136183543,0.988687736867235,0.98879628780597,0.988870939281281,0.988957457473859,0.989003315577213,0.989111318853826,0.989179780748087,0.989360058352068,0.989402706460345,0.989448112282746,0.989482845655485,0.989547938811561,0.98955421233345,0.989681690118284,0.989691946702831,0.989761214146304,0.989773125148491,0.989799141967189,0.98981937580662,0.989848650145503,0.989869782199699,0.989903878115453,0.989928844633669,0.989958320018135,0.989967903225049,0.990006928342616,0.990019383730218,0.990038580822865,0.99006381109772,0.990079265009766,0.990106851484354,0.990153470982719,0.99016195215486,0.990187837433896,0.990280078007069,0.990310524768405,0.990320540673993,0.990344350077153,0.9903521306516,0.990378294693256,0.99038687414056,0.990402556363362,0.990429650108704,0.990448016893263,0.990458711284405,0.990477371641185,0.990486589372148,0.990531267841356,0.990545834180634,0.990560264732675,0.99056475687776,0.992007258845392,0.992008870678879,0.992026156482312,0.99203413516164,0.992048798220958,0.992051055513215,0.992062302602994,0.992070302924838,0.99208569700829,0.992215240781261,0.992230989661219,0.992238637688283,0.99225929857922,0.992358927658977,0.992768070851789,0.992772620281777,0.99277729641125,0.992785131926504,0.992791381975515,0.992796114220794,0.992801335135306,0.992806696667018,0.9928118173384,0.992906863976528,0.993129059690426,0.993733557134935,0.994077526333921,0.994081863186591,0.994092822754497,0.994160067271386,0.994407457177816,0.994639792503307,0.994659708180916,0.994669470007178,0.994760838038443,0.99476295464297,0.994832821168636,0.994837363479944,0.994915221626402,0.99491972786614,0.995161393254988,0.995163695549194,0.995169481203453,0.995174307040077,0.99544894169137,0.995453192209921,0.995653293752126,0.995688729248486,0.995745937312573,0.995773984587642,0.995822129629062,0.995949728538812,0.996008294787951,0.996196693340304,0.996271364960917,0.996273305354692,0.996527671161607,0.99657571411861,0.996670971659504,0.996740431985996,0.996745446168533,0.996773451666737,0.99679319424925,0.996802834548046,0.996810833848617,0.997019620770091,0.997044292181024,0.997071921815369,0.997105090229166,0.997106353407417,0.997144121942539,0.997152436251388,0.997158423956575,0.997160720383595,0.997204650724993,0.99720791575776,0.997301625034237,0.997384020258124,0.997438386025926,0.997448429049914,0.997459793773517,0.99747152711038,0.997517260763455,0.997518563084237,0.997557735152639,0.99756022550294,0.997726466430168,0.997753770590196,0.997764650116866,0.997766175385718,0.997860297164169,0.997865711129507,0.997905026894353,0.997910205975955,0.997938127673641,0.997942231735396,0.998002899501539,0.998028169548082,0.99806080655147,0.998070685341959,0.998074821951135,0.998101870951251,0.998156414976881,0.998185927146887,0.998198027800354,0.998220210239874,0.998241794543354,0.998267659089489,0.998274780352739,0.998303991136133,0.998312448836924,0.998329568733069,0.998360755883485,0.998390314355445,0.998397706030857,0.998414155914872,0.998447799865151,0.998466095624697,0.998479769142861,0.998480367596998,0.998484212417429,0.998533437187404,0.998546209371872,0.998546658975042,0.99855988132335,0.998578453701537,0.998591578480539,0.998607884062317,0.99864138980869,0.998658435976815,0.998661135026054,0.998673626324528,0.998684970706526,0.998692111948025,0.998698516324249,0.99870452680501,0.998708653782839,0.998714537779278,0.998727411741486,0.998736379073973,0.998744198143685,0.998746844429752,0.998761459483912,0.998762083762819,0.998769034142325,0.998775442198149,0.998777276587998,0.99878074045954,0.998806641327988,0.998810429651773,0.99881937389131,0.998825070400025,0.998833076413524,0.998844031644393,0.998853357168698,0.998854190301096,0.998872520696237,0.998874502198708,0.99888677556101,0.998890063331192,0.998893764596876,0.998900854867466,0.998909309113827,0.99891212113021,0.998913746535948,0.998916231746932,0.998916539829429,0.99892013098817,0.99892696950339,0.998930920038502,0.998940777320393,0.998941025146197,0.998951173047509,0.998953524832857,0.998956963515981,0.998957052717364,0.998965221388812,0.998966410625398,0.998972592553474,0.998981327304073,0.998993826893637,0.99899449939375,0.998999022571395,0.998999661540227,0.999006105279891,0.999010285380085,0.999017406780054,0.999018169348082,0.999020038699531,0.999021422484224,0.999027978802686,0.999027983182632,0.999033641490907,0.999034653498144,0.999055312746267,0.999055748388221,0.999061210589307,0.99906173827304,0.99906578529178,0.999066261278427,0.999066555667103,0.999067286329483,0.999069061643406,0.999069274857015,0.999072591886292,0.999073762215124,0.999078896380531,0.999082045649018,0.999085697242257,0.999086366863392,0.99908765605979,0.999089690284799,0.999090348902621,0.999092439323106,0.999096874896459,0.999097730933429,0.999100189133671,0.999102251119432,0.999106113237235,0.999110343465295,0.999115530331934,0.999116690254634,0.999119409033565,0.999123171089469,0.999125420951347,0.999127827673694,0.999129955457319,0.999129975075101,0.99913242178759,0.999133917370315,0.999135973629592,0.999136215328002,0.99913761593401,0.999138353494695,0.999139598499975,0.999140842187845,0.999146289279373,0.999147204940549,0.999152046675964,0.999152264565772,0.99915507888445,0.999155352696793,0.99915693321889,0.999158005536012,0.999160395637755,0.999161187390046,0.99916183815917,0.999162053888383,0.999163420030641,0.999164529227268,0.999164826486368,0.999165985881076,0.999167484329382,0.999167721453935,0.999168652960129,0.999168912442349,0.999171562057118,0.999172795591909,0.999175579366203,0.999176401061868,0.999178085029175,0.999179278644041,0.999179818003688,0.999181118562917,0.999183230733707,0.999183875638403,0.999184766486537,0.999186595492925,0.999188182336381,0.99918906045728,0.999191069285853,0.999193648414063,0.999194797273045,0.99919642879575,0.999199334218939,0.999199986380177,0.999200706978667,0.99920314219435,0.999204845674118,0.9992066562844,0.999207432924083,0.999209729613072,0.999210550407389,0.999211070053648,0.999212114182627,0.999213970007689,0.999217731664943,0.999219479593676,0.999220703778748,0.999223808394064,0.999224669656465,0.999225285226955,0.999225911821588,0.999227718396033,0.999231695744721,0.999232194132748,0.999233179533387,0.999233706819478,0.999234833545107,0.999235532426897,0.999237182903027,0.999237824363579,0.999238936209471,0.999239523921195,0.999240082781255,0.999240847855397,0.9992425292353,0.999243116675902,0.999244276520646,0.99924438305577,0.999245300877502,0.999246355413073,0.999247957059966,0.999249096825118,0.999250351888176,0.999250826060397,0.999251082188304,0.999251393245034,0.999252578225957,0.999253111352969,0.999254001465284,0.999255687001354,0.999256462031649,0.999256632172421,0.999258364419263,0.999258890570344,0.999259385094534,0.999259889844473,0.99926079865129,0.999261840521905,0.999262025284789,0.999262233419726,0.999263080693445,0.999263824654632,0.999265145923879,0.999266865584514,0.999267938858347,0.999268566995697,0.999269626382446,0.999270444870577,0.999271522481459,0.999271893721364,0.999273075668485,0.999273553963257,0.999274588538651,0.999274961035233,0.999276767384206,0.999277564229834,0.999278853124997,0.999278977526845,0.999279535785404,0.999280032529946,0.999282855955736,0.999283345393322,0.9992842848103,0.999284639039064,0.999285090718712,0.999285423455463,0.999286314732833,0.999286700060252,0.999287569263141,0.999287850266375,0.999288648870979,0.999289054683832,0.99928976323726,0.999291105214849,0.999292119312823,0.999292965385668,0.999293699016366,0.999293707320824,0.999294836717026,0.999295432418787,0.999295770768825,0.99929618580427,0.999296930225284,0.999297735383163,0.99929800355768,0.999298834021377,0.999299250517891,0.999300329508381,0.999301359536797,0.999301907419983,0.999302771436005,0.999303066853226,0.999303561513507,0.999303904716545,0.999304464412982,0.999306128507067,0.999306550100772,0.9993076880719,0.999308425991501,0.999308990372188,0.99930960894788,0.999310807141647,0.999313539976383,0.999314253830145,0.999315868322702,0.999316173206066,0.999317129374145,0.999317258347625,0.999318178637967,0.999318850677827
0.767797378796002,0.837237531715798,0.8481120214567,0.858889306900721,0.871712536631231,0.884019317328133,0.891283082440822,0.893677574217997,0.919452202557614,0.922045431570425,0.930364541073457,0.942819835576068,0.946688401729767,0.95153811725874,0.95921702384995,0.960700379467948,0.965267624579803,0.966364834887754,0.969061221111487,0.970070510935803,0.975535227401966,0.976520543020367,0.980759853720166,0.981145733926827,0.982035685411449,0.982293435926107,0.982533983462807,0.982773206780597,0.983010151079099,0.983256736164886,0.983491381442091,0.983644150999967,0.983909180414287,0.984097185045126,0.984247281225333,0.986042485188918,0.986480952001397,0.986547442891657,0.988247306005174,0.988328616597135,0.988487942498006,0.988717994368297,0.988832436518331,0.989015171099833,0.989797280680012,0.990387132170948,0.990540849036875,0.990573175237798,0.991234848174525,0.991306988217782,0.991411607041006,0.991505301928753,0.992624966492772,0.992885148869368,0.992991215056018,0.993019063131449,0.993069058412104,0.993199020755101,0.993328917656323,0.99335606133639,0.99349890383887,0.993590958871286,0.993651119278577,0.993759695038995,0.994035392975742,0.994089157548455,0.994198941645032,0.99429534828946,0.994469022060139,0.994502266144769,0.994803212827321,0.994814750621219,0.995007654067122,0.995027676968594,0.995281520563592,0.995320089128448,0.995413996672003,0.995472808282487,0.995580781026947,0.995607513493915,0.99571259268338,0.995810469648696,0.99588785638982,0.995893297632609,0.995938294443325,0.995950576711071,0.996405631873381,0.996537850616157,0.996938179170781,0.997011558951203,0.997104927998232,0.997110272996033,0.99719280993252,0.997400504285161,0.997481139550655,0.997508830295512,0.997569539624816,0.997591082191397,0.99760813463724,0.997642115057483,0.99766541923006,0.997700626153422,0.997766426459145,0.997781286802955,0.997819392180274,0.997822181090359,0.997862312316783,0.997876444461312,0.997954870432091,0.997985367146188,0.998018392426932,0.998048332980264,0.998080453233569,0.998104499885852,0.998123793230236,0.998127206910526,0.998143972506881,0.998152591317914,0.998177412578511,0.998184485610408,0.998219524319808,0.998223506221106,0.998236325244833,0.99823994805898,0.998257831159371,0.998262042476922,0.998272056765266,0.998291458469228,0.998307549764475,0.998317218705432,0.99833392252929,0.998334948294821,0.998353634836195,0.998367136886445,0.998374704216285,0.998380994366358,0.998401039984237,0.998413890866702,0.998424163291973,0.998429203536493,0.9984438448775,0.998449172011969,0.998490312138089,0.998491728913727,0.99850274573215,0.99850658621862,0.998515121964295,0.99851841914939,0.998531293463836,0.99854256090206,0.998553017601626,0.998561721681015,0.998564852631387,0.9985708502034,0.998581394699528,0.998582636599251,0.998609941674844,0.998612847834422,0.99861917299414,0.998630494118574,0.998637395587195,0.998639298941408,0.998644585331216,0.998651880410186,0.99865814450665,0.998666521867394,0.998675013509372,0.998679002303573,0.998687265629432,0.998692294689233,0.998694716051592,0.998697769541909,0.998703558201929,0.99870426450647,0.998711065539565,0.998713950335169,0.99872696710637,0.998728819934028,0.998734603903368,0.998738206256724,0.998743858876701,0.998758173854535,0.998765107099765,0.998767598840133,0.9987765913073,0.998776959339383,0.998783464090229,0.998785965538561,0.998801631495471,0.998802651419572,0.99880980216908,0.998818443400701,0.99882249549058,0.998830379324069,0.998833802066104,0.998836876909195,0.998840667875661,0.998843172019275,0.998847240859226,0.998851300323594,0.998864338603642,0.99886825837437,0.998875557959711,0.998882783353103,0.998886295612165,0.998889373412661,0.998899162644426,0.998901476678508,0.998906144311527,0.998908934131724,0.998910668965522,0.998914756792201,0.998920934050563,0.998922215533268,0.998928446335401,0.998932957648072,0.998939568700325,0.998941455070833,0.998943475152768,0.998947444687196,0.998949702628948,0.998952901816967,0.998954858155149,0.998957333650193,0.998962616881956,0.998964190319465,0.998968770985386,0.998970435436008,0.998980261240782,0.998982114336586,0.998987474221384,0.998988219683085,0.998993132901879,0.998996288805288,0.999000502599486,0.999004095137375,0.999007783273058,0.999009612189731,0.999016462757394,0.999018046048781,0.999020254878731,0.999024254041433,0.999027027624113,0.999029558331764,0.999031720891183,0.999032507536757,0.999034940642668,0.999036619480266,0.999038054807104,0.999039302036341,0.999041682982924,0.999044389627767,0.999045313826053,0.999045688031094,0.999047768317981,0.999049068816835,0.999052268374507,0.99905262780162,0.999056632104176,0.999057528158592,0.999059084340276,0.999059745882818,0.999060333258005,0.999061994161045,0.999063297630615,0.999063994818213,0.999068043229454,0.999068987510043,0.999072003463107,0.999073874088313,0.999077108702263,0.999081744092644,0.999086440802642,0.999086823965468,0.999090341574399,0.999091929496665,0.999099040578574,0.99910040263733,0.999105035440962,0.999105832813644,0.999110406333829,0.999110962252004,0.999115821835074,0.999116491146071,0.999123720031892,0.999124459990477,0.999126754473523,0.999127427382422,0.999130835464748,0.999132547714367,0.999133687238481,0.999135180775365,0.999135946456024,0.999136609476564,0.999138737587926,0.999142918722913,0.999144087465521,0.999144867650588,0.999145928661218,0.999147172157759,0.999147979290853,0.999150407746919,0.999157045715499,0.999158130790709,0.999158767947409,0.999159079188669,0.999160348055843,0.999161879529226,0.999165650044988,0.999166737929989,0.999167166622081,0.999170328734348,0.999171219857423,0.999171445707457,0.99917177630049,0.999172624451546,0.999174177384614,0.999175992675109,0.999177609482613,0.999178263886102,0.9991808496908,0.999182047737627,0.999183346708196,0.99918360741103,0.999184063254318,0.999184088971009,0.999185302433519,0.999186515442191,0.999188362787789,0.999189397301809,0.999191042543093,0.999191601771357,0.999193090825588,0.999193665927441,0.999195461893648,0.999196875415794,0.999197347390642,0.999198134946525,0.999201707700532,0.99920222757331,0.999203658102048,0.99920398980605,0.99920532944911,0.999206758504939,0.999207391156584,0.999208632713057,0.999210176243523,0.99921126180082,0.999211551153996,0.999213304309447,0.999215327531226,0.999216482552115,0.999217510925471,0.999219738263677,0.999220862922791,0.999221723276403,0.999223668482173,0.999225479294863,0.999227137978539,0.999229390927412,0.999230629519017,0.999230944489184,0.999233720606324,0.999235642350933,0.999236203903514,0.999237706473463,0.999239414515015,0.999240883589538,0.999241594283302,0.999242813435713,0.99924484354805,0.999245184505589,0.999246566304926,0.999247729441343,0.999248712851248,0.999250910719166,0.999251890178414,0.999252087481252,0.999252395339553,0.9992534224709,0.999254893612898,0.999254931601523,0.999255252893539,0.999256439289988,0.999258149237393,0.999258529478447,0.999260712208669,0.99926202927442,0.999262356015126,0.999262571620841,0.999263833171052,0.999264922402774,0.999265809808579,0.999266110803908,0.999267970429479,0.999268231654156,0.999269203656262,0.999270776280211,0.99927137398549,0.99927258746441,0.999273503925781,0.999273638885671,0.999274024385306,0.999274383684053,0.999275481584096,0.99927572926672,0.999276196944222,0.999277711794218,0.999278024252143,0.999278767190844,0.999279527693843,0.999280099509533,0.999280326657705,0.999281046509789,0.999282144515027,0.999283458368538,0.999285372416401,0.999285494766464,0.999286166206739,0.999287722221895,0.999289190807422,0.999289327374793,0.999290302290159,0.999291145529765,0.999292444962907,0.999292676899313,0.999293527379537,0.999294568360254,0.999295820671477,0.999296500649686,0.999297246426654,0.999298285816951,0.999298791144201,0.999299437437819,0.999301253709609,0.999302606097383,0.999302964274212,0.999303295639781,0.999303806274083,0.999304034704347,0.999305824771686,0.999306162344151,0.999306428044338,0.999308211261812,0.999308301804336,0.999308910715127,0.999309538247639,0.999311008464046,0.999312187336691,0.999312342724967,0.999312747548627,0.999313382535661,0.999316144069309,0.999316915812379,0.9993170439018,0.999319190508318,0.99931976063845,0.999319994484564,0.999320451577933,0.999321402703003,0.999322942389174,0.99932343328205,0.999324119671029,0.999324810032939,0.999325304080514,0.999325486487976,0.999326306390064,0.999327043395958,0.999327886279108,0.999328574192951,0.999329780205535,0.999331049427793,0.999331832401867,0.99933185457546,0.999332970034568,0.99933438750235,0.999336136440483,0.99933853083558,0.999338724913803,0.999339638726278,0.999340681445758,0.999340888100002,0.99934134878543,0.999341764585275,0.999342582325853,0.999342654689475,0.999343433503613,0.999343746067899,0.999345306744213,0.999345680841269,0.999347120834905,0.999348256175327,0.999349463608255,0.999350030417998,0.999351536796078,0.99935218253011,0.999352418306833,0.999353248377522,0.999354395914749,0.999354885086619
0.81689320806129,0.863846162673223,0.873989912412495,0.875740923719039,0.883730085938246,0.895069191534347,0.909533574585357,0.918827842481125,0.929548448555222,0.934567501863282,0.942348890432534,0.944759853771036,0.950640618095007,0.958202621337508,0.96040685294636,0.961590812970881,0.963323647331952,0.964733092958857,0.965568064976038,0.966407607765346,0.967280550892592,0.968476049909473,0.969004884532083,0.969655669097144,0.970067005448899,0.9706343372887,0.970805045868345,0.970969700355216,0.971711116780261,0.971831710560151,0.972221435681895,0.976335476472424,0.976553066832041,0.976703741662568,0.977029287328894,0.977160252163467,0.977456678732337,0.977562133928636,0.977947357388342,0.978241478555349,0.978384804200205,0.978435041728397,0.978591823073893,0.978656892211355,0.978847565484534,0.978865693751085,0.979230888268542,0.979266781020023,0.979388326911628,0.979454504435614,0.979547322180102,0.979593100743284,0.981670939003152,0.981715319595501,0.981868888879158,0.981937317954556,0.981995583715095,0.982025778471611,0.982133176777785,0.982406735875177,0.982531539473815,0.982731838450296,0.983902683294644,0.983936386575688,0.983995433746532,0.984024102447246,0.984087321292469,0.98410171201304,0.984218295857163,0.984223725339697,0.984544625696799,0.984552556930672,0.98470646348764,0.984717189282025,0.984744170519295,0.987632953694128,0.987697777999374,0.987714936362312,0.987744914198745,0.987788427481868,0.987834544691136,0.98784756846079,0.987920506766776,0.987943480090925,0.988063539030593,0.989885102769973,0.989912348409616,0.989927021988106,0.990047186275545,0.990348855327364,0.990474112776955,0.990485447916353,0.99053121527468,0.990568380029662,0.990584194019852,0.990590717896401,0.990625598643488,0.990647724813416,0.990671461907773,0.990688215603937,0.990724388026766,0.990741283967698,0.990768738588415,0.990775732105821,0.990793652284248,0.990814044631817,0.990829733883552,0.990845441023113,0.990878585843928,0.990885937028329,0.990905167180481,0.990910708506825,0.991049401828634,0.991057388505203,0.991069376044894,0.991080317181055,0.991100204001062,0.991125567831827,0.991131482871353,0.9911444075214,0.991322244463372,0.991355895812204,0.991365771662816,0.991370858705398,0.991376016221861,0.991488160028559,0.991498126473657,0.99151354915724,0.991527328569925,0.991531477148435,0.991541607431345,0.991545185903882,0.991562647542353,0.991564888445466,0.991577950115492,0.99158364841928,0.991597931672164,0.99160063380897,0.991609150013094,0.991619803185785,0.991623729746869,0.992200253677917,0.992209368358077,0.992214953888719,0.99223311927828,0.992241830376132,0.992248746049944,0.992263142548039,0.992278747322106,0.992359182032318,0.992369621179724,0.992374972080666,0.992392042798342,0.992396548309129,0.992401077800317,0.992405092342897,0.992413795689066,0.992416160344288,0.992425164721356,0.992435198394881,0.992443177507984,0.99245975025404,0.992467380320293,0.992479804444781,0.992488383249583,0.992496600739916,0.992668277472728,0.992672582634333,0.992678436805719,0.992685273050479,0.99269029932804,0.992696436501694,0.992699638696361,0.992704799624157,0.992708376039523,0.992724329036439,0.992729594917123,0.992737064354399,0.992738725415683,0.992744692132901,0.992747132917934,0.992750902224019,0.9927583179709,0.992761251066528,0.992768307254893,0.992769926001764,0.992780881897936,0.993414288940202,0.993419252724241,0.993420448258854,0.993423456504316,0.993425837922761,0.99342675315523,0.993427819484135,0.993429851843746,0.993463311727135,0.993464633825065,0.993469408918645,0.993474173383981,0.993476029776144,0.993477767772506,0.993481211596867,0.993485270617036,0.993486504130715,0.994207344360483,0.994208451086149,0.994229317786676,0.994350540107866,0.994358188854221,0.994362266327432,0.994367182311473,0.994368921437462,0.994373317507086,0.994375670609674,0.994385928402298,0.994387586584963,0.994390019377454,0.994392667272249,0.994417980957642,0.994419202208262,0.994421882414511,0.994423164469935,0.994426681270454,0.994429521802601,0.994430296118459,0.994529742852341,0.994578673184548,0.994579248561979,0.994673026309123,0.994675737998274,0.99467757094288,0.994679946540852,0.994684523340346,0.99469224964979,0.994693725998753,0.994694499917158,0.994695670920744,0.994697223414817,0.994744683272369,0.994747339005856,0.994749047818916,0.994749945363038,0.994751112574748,0.994752531756511,0.994794889846837,0.994795675443293,0.994822455527587,0.99482400525632,0.994826917366088,0.99482905545133,0.994919643561295,0.994920694030955,0.994936599939739,0.994942655142738,0.994960629432377,0.994960830972695,0.995019539567576,0.995024055677696,0.995083608543599,0.995084617718865,0.995143549171994,0.995145860652072,0.995148680473074,0.995149122092488,0.99516433679358,0.995165407434253,0.995169315410324,0.99517276989347,0.995180495760541,0.995228158906652,0.995307979586857,0.995309361894717,0.995453269599396,0.995453693519756,0.995474836771406,0.995476551663788,0.995687804756012,0.995688416956421,0.995754828485151,0.995756043888205,0.995799594075534,0.995841512387648,0.996168568264743,0.9962693025468,0.996356019868271,0.996369879464881,0.996401668840776,0.996413435586851,0.996554376263292,0.996579861551788,0.996795760190069,0.996809794368366,0.996814553160627,0.996846782320938,0.996964731759429,0.996991638200439,0.997285868482341,0.997290200037845,0.997390141184156,0.997391356058991,0.997484567324912,0.997539424460325,0.997637405173311,0.997658912711842,0.997668383658092,0.997746103104583,0.997787711580856,0.997803359957182,0.997861247708822,0.997924861914804,0.998030276844206,0.998071814459604,0.998095449219418,0.998095720124235,0.998121138815608,0.998125608131908,0.998157439032274,0.998206934431091,0.99823716991528,0.998256715978321,0.998258430673483,0.998275653294933,0.998313534227799,0.998314751917571,0.998330809474587,0.998332128382721,0.998395764584534,0.998402106661866,0.998461061073857,0.998465925230392,0.998529113954117,0.998538068663892,0.998574262660375,0.998598297805438,0.998640386884304,0.998677333176009,0.99869548640241,0.998705738666204,0.998733849009317,0.998741426902077,0.998776571440405,0.99878086185453,0.998798824027407,0.998808694648288,0.998823637339329,0.998825171767609,0.998827188119039,0.998829423714215,0.998855250418942,0.998868812709698,0.998871895293026,0.99888554983431,0.998907731890204,0.998910392715813,0.998916324580824,0.998918704503782,0.998929490231604,0.998930658154361,0.998957935606011,0.998965980550087,0.998971473522177,0.998972512268006,0.998983505264682,0.998984479637667,0.998987386186291,0.998991974336397,0.999000918464069,0.999004725708573,0.999009909435693,0.999015223266613,0.99901704168806,0.999018403504087,0.999024224637662,0.999027383257787,0.999037101091422,0.999038008373647,0.999053340575517,0.999053721078504,0.999073538503829,0.999074303224668,0.999074994387427,0.999084197181678,0.999088363124173,0.999089748713192,0.999091836879242,0.999096896550645,0.999119460830932,0.999120454697446,0.99912676539073,0.99912827682308,0.999132791363913,0.999134359065286,0.999140608849563,0.999141174784051,0.999146075331212,0.999147279734726,0.999157906812359,0.999160797553572,0.999162015811452,0.999162436000311,0.999168049257744,0.999168741950937,0.99917185169194,0.999176753587878,0.999185453568994,0.999186348398313,0.999195983111917,0.999197505495755,0.999202049579678,0.999202447777174,0.999208956590283,0.999210992714104,0.999211957537498,0.999213171886136,0.999214764887631,0.99921798428476,0.999219490660623,0.999219696836321,0.999221359244306,0.999222987856523,0.999224354490957,0.999224919495892,0.999228387006226,0.999229294623893,0.999231942505331,0.999234017329023,0.999238674615636,0.999239052079324,0.999240557867454,0.999240919672731,0.999244159136672,0.999244801139588,0.999249335547572,0.999249442001608,0.999250699716684,0.999251669782187,0.999252992088822,0.999253220299145,0.9992545850362,0.999255753241623,0.999257934456743,0.999258823327778,0.999260686822134,0.999262730955512,0.99926629966319,0.999266884566861,0.999272497126357,0.999272706629616,0.999275482057792,0.999277386531603,0.999281015932385,0.999282442933263,0.999284370884822,0.999284754765592,0.99928825261977,0.999288570898631,0.99929190270294,0.999294395800026,0.999295920788046,0.999296163002318,0.999299678162508,0.999301120965715,0.999303901393863,0.999305415650842,0.999307148287274,0.999307228081436,0.999309993244134,0.999311841390296,0.999313665354099,0.999313930643754,0.999314972893184,0.999315058576195,0.999318452887455,0.999320507040632,0.999322079227412,0.999322693670568,0.999324612524467,0.999325124501462,0.999327171262592,0.999328103613608,0.999328786903492,0.999330661249099,0.999332469641021,0.999333459991909,0.99933583333509,0.99933845094423,0.999343044184656,0.999344060239833,0.999346837464206,0.999347001756349,0.999348995112667,0.999350542315315,0.999350770642902,0.99935131380473,0.999351839451732,0.999352448807062,0.999353318468025,0.999353479699381,0.999353837321192,0.999354050258195
0.731627308948344,0.787264882406607,0.815399511578443,0.867450162398764,0.888904129255245,0.901724777443339,0.913844987284891,0.922986313344887,0.939647806227919,0.946460407871175,0.951171297282947,0.954145232178108,0.961356077327254,0.9621772421657,0.965398732475147,0.966937244408854,0.9702015071315,0.97482720261648,0.976746584283149,0.977473747908277,0.97835431745042,0.978893020940508,0.979799566751411,0.98038916173785,0.982975778068803,0.983555292503823,0.983942219275515,0.98410431801128,0.985203544953595,0.986093815005595,0.986568827482617,0.986830240227955,0.987132237537788,0.987201120014039,0.987519355300931,0.987615571029991,0.987778520820318,0.987821431568968,0.98796285907171,0.988033491878107,0.988160740026044,0.988200624972768,0.988301721069252,0.988344472054833,0.988436231187166,0.988455591487694,0.988515536310764,0.988581675929308,0.988707012405869,0.988724110877205,0.988805416171817,0.988843890311202,0.989051504002727,0.989637151377657,0.989690389337646,0.989713399169664,0.989759925133095,0.989790185244216,0.98983202406712,0.989852202356197,0.989974983846142,0.989983816156076,0.991209403116481,0.991214893735166,0.991254106155123,0.991263383256877,0.991290916111249,0.99129891335318,0.991310335527497,0.99133862895656,0.991379817126862,0.991396323368895,0.991409808912151,0.991424123483792,0.991454321776984,0.991640535148085,0.991694972501124,0.991702806721627,0.991724337096157,0.991734224840146,0.991761527910426,0.991773978217942,0.992498173349771,0.992514069392223,0.992581523031933,0.992626570074699,0.992877740917496,0.992998089853957,0.993047996433752,0.993057980708193,0.99308503229964,0.9932636971883,0.993274848670608,0.993280548835283,0.993335146763216,0.993354470447855,0.993387458883179,0.993471103629223,0.993834241371006,0.993838682366893,0.993867550591195,0.993873322353224,0.9938831118883,0.993886079952001,0.993903048148972,0.994031022786519,0.994119867995899,0.994123546375868,0.994195901777883,0.994201048809305,0.9942064647813,0.994218671054399,0.994283368269836,0.994417100209026,0.994997433784675,0.99500368260647,0.995268774623739,0.99529063411476,0.995309786355168,0.995320021296897,0.995387160518096,0.995392773990098,0.995400238531744,0.995425343161126,0.995648925612203,0.995672289667337,0.995753706982062,0.995760169645088,0.995769100362928,0.995775257804574,0.995957550667415,0.995969972018665,0.996057416271092,0.996077150388245,0.996126488014825,0.996130988289965,0.996171259703792,0.996192732993501,0.996431509100529,0.996485535424587,0.996520982682731,0.996534465870704,0.996549729778847,0.996604910435778,0.996612677262476,0.996692428721092,0.996795047143412,0.996815611812387,0.996934089261656,0.996936205134285,0.996953723531218,0.996981320173734,0.997016500195103,0.997440211791566,0.997531814869605,0.997551246644066,0.997603807504522,0.99764845018988,0.997674844425253,0.997796101169037,0.997860972726202,0.99788343513435,0.997921797877621,0.997927063171463,0.997953520960075,0.997956418810349,0.997990252970839,0.997995229499919,0.998047166401074,0.998053771493118,0.998064823033499,0.998077828611909,0.998093988169229,0.998097323939397,0.998135287212823,0.998136792732531,0.99814702320938,0.998147891242869,0.998171386228797,0.998195491645878,0.998273508791642,0.998275288317871,0.998320845189941,0.998327504912331,0.998386198008986,0.9984172874999,0.998427862385267,0.998432342964333,0.998485161183368,0.998485958584823,0.998496344918526,0.998512871599729,0.998558110953627,0.998577449608773,0.998591976278566,0.998607939613091,0.998626012493162,0.998628652309465,0.998649616409415,0.998655649629948,0.998666539931576,0.998673139395685,0.99868187278565,0.998686411998497,0.998708530498266,0.998716152254686,0.998728297103477,0.998741619506934,0.998757001634926,0.998763305848504,0.998766043522002,0.998768229855766,0.998789426847476,0.99880148825126,0.998808697999545,0.998809827745226,0.998817789486643,0.998826422069397,0.998830698430111,0.998837512326504,0.99885266174363,0.998858156739108,0.998864603104099,0.998868203069226,0.998870462533916,0.99887533391102,0.998884461281163,0.998886250645699,0.998892124434269,0.998894518330708,0.998904841015364,0.99890711911294,0.998911943852747,0.998912922313319,0.998915596531694,0.998916337010036,0.998918879445077,0.998920620668894,0.998926336695795,0.998927277665393,0.998931347415412,0.998932963110495,0.998940811599513,0.998942384786956,0.99894404277995,0.998944676618796,0.998953201702717,0.998953966851649,0.998980967394341,0.998981933492259,0.998989249620773,0.998991592143261,0.999001935673401,0.999006693651366,0.999010918921808,0.999014114212674,0.999021206090104,0.999021951481707,0.999024275748859,0.999025297651939,0.999029376675244,0.999029961596761,0.999032483772802,0.999032963807599,0.99903666507176,0.999038183986232,0.999042440448357,0.999043639036349,0.999045032126755,0.999046453936961,0.999050964823719,0.999053505481647,0.999059895129636,0.999060958579228,0.999064678415848,0.999067392270314,0.999073935327736,0.999074761813064,0.999079155818451,0.999082012892355,0.999083675490397,0.999084329874492,0.999087065442755,0.999090474499273,0.999094951145088,0.999095631537313,0.999099139339103,0.99909974126273,0.999104158216174,0.99910514937645,0.999107355895528,0.999108393522861,0.999109726831958,0.999112524431832,0.99911757483256,0.999119933401643,0.99912301817107,0.99912695021806,0.999128699252585,0.999129964816253,0.999133401263088,0.999133944088385,0.999138652203965,0.999139863319224,0.999141583891868,0.999146512747994,0.999147547717946,0.999151668838876,0.999153271718461,0.999154222255195,0.999159195510294,0.99916188381609,0.999164220619359,0.999167753829848,0.999168449165706,0.999170550075903,0.999172869380603,0.999174563069365,0.99917633856097,0.999177409311834,0.999179679390643,0.999182024131902,0.999183683148828,0.999185410346855,0.99918725303352,0.999187801605912,0.999188777854099,0.999191889815134,0.999194810275429,0.999195988365783,0.999198500838923,0.999200070697096,0.999202231696751,0.999202335725179,0.999204843170503,0.999206036816466,0.999211411533074,0.99921331984984,0.99921486225336,0.999218606184463,0.999220437414586,0.999222294088244,0.999224590711157,0.999226072158161,0.99922845986283,0.999228798897744,0.999230734110354,0.999231456185593,0.999233561827918,0.999233848876647,0.999235183624008,0.999236975744522,0.999238825632014,0.999239332747302,0.999241472603228,0.999242258286122,0.999245620959435,0.999246062035585,0.999248092229555,0.999249568880669,0.999250075461167,0.999251024969753,0.999251449607887,0.999252291205548,0.999253619570291,0.999254798185707,0.999255141337945,0.999256993129254,0.999257894808796,0.999258736949155,0.999260401087286,0.999261496893726,0.999265083594435,0.999265244940494,0.999266782712942,0.999268972907408,0.999270747429285,0.99927090324725,0.999273092907939,0.999275616330151,0.999277294164988,0.999277833420719,0.999279377084105,0.999280720754643,0.99928157762677,0.999282582506458,0.999284715809887,0.999285902304816,0.999287035497387,0.999287364154075,0.999289015025441,0.999291324355397,0.999291999366615,0.999292349780884,0.999293279667447,0.99929361565832,0.999296282906172,0.999297125105748,0.999297706781558,0.999297912523121,0.999298257588435,0.999298828580887,0.99930003749174,0.999300917392983,0.99930444776936,0.999305212618164,0.999306626447088,0.999307909591494,0.999308967884939,0.999309714520878,0.999310395913349,0.999311417578666,0.999311917244618,0.999312250555566,0.999314268988936,0.999315155836674,0.999315946310248,0.999317064259661,0.999318538680436,0.999319355891218,0.999321959521999,0.999322722353402,0.999324309954998,0.999325544861259,0.999327805920383,0.999328497221809,0.999329724102043,0.999331338641062,0.999332162359522,0.999334197968671,0.99933483875709,0.999335860485585,0.999337188242863,0.999337669650987,0.999339840872546,0.999340221650575,0.999342615125181,0.999343827532527,0.999344894482698,0.999346160485836,0.999347704172706,0.999348275412494,0.999349377270714,0.999350055817782,0.999351203325736,0.99935141923697,0.999352533626039,0.999353059186587,0.999354034088452,0.999355466518302,0.999356579515732,0.999356964382965,0.999358114624398,0.999359010753759,0.999359811244945,0.999361066735891,0.999362349749065,0.999363025902192,0.999364585438177,0.999365001386491,0.999366330638084,0.999366435204765,0.999367630944984,0.999368028585821,0.999368694873979,0.999369685045027,0.999370299815702,0.999370792490673,0.999372152797459,0.999373941393433,0.999375841736495,0.999376434111341,0.999377783150663,0.999378482531872,0.999379251515175,0.999379646298404,0.999380362589764,0.999380557239074,0.999382560411936,0.999383176451147,0.999383925843366,0.999384630495433,0.999385366439519,0.999385931914395,0.999386627574503,0.999387171333495,0.999387986462568,0.999388275980733,0.999389172213237,0.999389249786675,0.999389487940834,0.99939030212914,0.999390769056333,0.999391362970442,0.999393877168796,0.999394325107681,0.999395477982194,0.99939550363779,0.999396762712995,0.999397019788071
0.808233590312817,0.837155896029644,0.848958363358985,0.86498612847034,0.86736483571776,0.871381611947476,0.89124271121719,0.921437426849159,0.930924568294581,0.936335430938524,0.943455252593629,0.944328194990912,0.952784702796603,0.95592928373399,0.962334494999585,0.963194035570141,0.967051627324277,0.970254166516816,0.971866690342263,0.973000064840679,0.973907160501056,0.974186818584093,0.974874683188926,0.975286306155503,0.975841181071773,0.976137102943397,0.976684518184151,0.976770580830514,0.977120459899106,0.977334635017371,0.978388064986306,0.978538872669895,0.978916209948844,0.979024152919725,0.979780750348505,0.979861316237365,0.980129600902234,0.980213825350311,0.980375818673845,0.980421864885706,0.980573428819167,0.980740411027182,0.980849260810026,0.980879433692732,0.981048865169069,0.981075628115292,0.981897476391239,0.98195103435305,0.98213300512824,0.98218870010623,0.982263000344952,0.982301953686681,0.982384038570251,0.982403702708423,0.982529680258722,0.98255057017994,0.982617736934416,0.982658951343236,0.982712172016105,0.982736887937843,0.982798356577754,0.982827231421215,0.982885899133829,0.982895574111654,0.983056712623905,0.983082781346096,0.983134502584793,0.983165282188625,0.983265701631413,0.983276468616032,0.983361901335633,0.983378731621263,0.983475223303186,0.983523751826339,0.983563907214046,0.983588731391351,0.983631257878395,0.983647925227516,0.983674984708551,0.983694665852181,0.983735037002902,0.983746594681665,0.983766248725424,0.983784278450991,0.983821408618481,0.98383801607986,0.983851996347817,0.98387946591221,0.983900083615512,0.983916999137041,0.983937362327983,0.983951589501295,0.983962053480313,0.983985549248358,0.984003341038227,0.984025602095944,0.984048313137389,0.984066584251677,0.984090629087597,0.984108361436151,0.98411627304163,0.984128846288571,0.984150919275368,0.984164267055862,0.98419129341584,0.984210806239815,0.984227186620105,0.98423887323041,0.984253395042209,0.984256685116962,0.984270166594888,0.984291072101317,0.984304840254521,0.984320963443994,0.98434146844859,0.98434902180697,0.98436842585615,0.98438036326232,0.984415154831541,0.984437630879066,0.98444082770707,0.984452147293425,0.984475704735505,0.984484128506741,0.984493568477333,0.984501478706952,0.984521014967739,0.984529028718424,0.984534336137235,0.984544324422905,0.984558855716078,0.984566090507393,0.984578520431023,0.984583366566378,0.98459530931753,0.984601457052292,0.984611273649162,0.984679104210342,0.984684969406035,0.98469353754243,0.98472907430087,0.984734472826037,0.984741672402763,0.98475481088661,0.984764524728493,0.984768116563065,0.984774207483782,0.984786164122477,0.984792481636853,0.984798211022007,0.984803773414354,0.984814643285838,0.98482284419314,0.984825875202806,0.984832356804268,0.984838899297961,0.984847066095191,0.984851073416043,0.984859041242447,0.98486910444991,0.984883131967013,0.984888629668467,0.984892939972434,0.984899053336933,0.984904305607815,0.984908506415492,0.984922350744391,0.984932139502626,0.984944475193126,0.984951268850076,0.984958151840674,0.984961301610189,0.984976096301759,0.984980624808857,0.984989925174697,0.984993422248278,0.984997009058688,0.985001452538848,0.985006815348073,0.985009713536315,0.985022265457337,0.985024011045502,0.98502864718753,0.98503304134914,0.985039585284018,0.98504220001567,0.985046048130377,0.985049770251388,0.985059840607713,0.985062049398219,0.985064760877648,0.985066282944699,0.985071326825873,0.985074040528481,0.985079023947769,0.985080985357047,0.985088005404878,0.985103238353134,0.985110604049497,0.985113336235251,0.985121140530935,0.985123784844497,0.985127182156054,0.985130128089276,0.985135952708552,0.98513773538105,0.985140388288705,0.985141962030051,0.985189373971444,0.98519014971381,0.985196665520143,0.985201656547812,0.985205607418622,0.985207255945917,0.985210839314115,0.985215138784482,0.985286354931277,0.985290016464,0.985295160729711,0.98529742079467,0.985301933849952,0.985302306689544,0.985328661782952,0.985329458211054,0.985334884543054,0.985336094405017,0.985341986196496,0.985345318827139,0.985350248919522,0.985351407977135,0.985354606391588,0.985356828851298,0.985366916519261,0.98536782898584,0.985370422358201,0.985373208073467,0.985375333711871,0.985378275362301,0.985382538263504,0.985385325376153,0.985394072227655,0.985422960254398,0.985426448251682,0.985429212523815,0.98543117756653,0.985433465773927,0.985435756696305,0.985437603142848,0.985439195975632,0.985439477042706,0.985441993299134,0.985443129212565,0.985447832407464,0.985448541906932,0.985450518340394,0.985452193899545,0.985455346990246,0.985458932682705,0.985459632031426,0.985463645446458,0.98546850271444,0.985469678514473,0.985471491473543,0.985472841101952,0.98547934184627,0.985481028994421,0.985482609845585,0.985484550292409,0.985487221571456,0.985488435753912,0.985489183313526,0.985493064989204,0.985498584266341,0.985499511872491,0.985503165791447,0.985506125859193,0.985508772302067,0.985512631708094,0.985514677958226,0.985515681000412,0.985519765915186,0.985520442906555,0.985523395141486,0.985524696515675,0.985526846908245,0.985528205420519,0.985531755590301,0.985532957825386,0.985534281741797,0.985534763281919,0.985538194465267,0.985540478518749,0.985544284740508,0.985544950489264,0.985546840050773,0.985549034312162,0.985550579468289,0.985551670266094,0.985553422861137,0.985556019039133,0.985559036012063,0.985559892916596,0.985563122359465,0.985565942491888,0.985566880986924,0.98556814488743,0.98557111805193,0.985572857555722,0.985575430558312,0.985576684021135,0.985578178409978,0.985579858342394,0.985583863925537,0.985586583521849,0.985588051532642,0.98558937515915,0.985594483157268,0.985594963866775,0.985600410502665,0.985602231221824,0.985604416521146,0.985605436644827,0.985608750048659,0.985609782263875,0.985610964887624,0.985611368110767,0.985616716650375,0.985618024099245,0.985620694943237,0.985622334991535,0.98562825894942,0.985629091403049,0.985633666505183,0.985634486236591,0.98563765696512,0.985639381056003,0.985640615273894,0.985641953225804,0.985643722124668,0.985644979637098,0.98564639051559,0.985647026409033,0.985648577079244,0.98564919769682,0.985650551408001,0.985650823918393,0.985652114114267,0.98565271423526,0.985654886418882,0.985655138205786,0.98565616914143,0.985657871882281,0.985658608356473,0.985659130633202,0.985660485559254,0.985661211556042,0.985664434144081,0.985664854158384,0.985668683842446,0.985669473468821,0.9856734298919,0.985674775006601,0.985676137074764,0.985676595035717,0.985678732818227,0.985679483396366,0.985680721229355,0.985681228997475,0.98568194676359,0.985682279634031,0.985683828219566,0.985685530447834,0.985686324577425,0.985687564350978,0.985689199149108,0.985689696353959,0.985692518825452,0.985693543432305,0.98569671778247,0.985697829049489,0.985698945430285,0.98569911289269,0.985699476588576,0.985700307783764,0.985702209761367,0.985702529613017,0.985702762977788,0.985704298104545,0.985705509648264,0.985705805052614,0.985707955762239,0.985708995706575,0.98570968978143,0.985709836805423,0.985711124634165,0.985712010468598,0.985713689076451,0.985714101584809,0.985717188096469,0.985718277118001,0.985724914809058,0.985725337793805,0.985726505390397,0.985726989496772,0.985728466796599,0.985728952801243,0.985729740633924,0.985730300204464,0.985731352953724,0.985731748011388,0.985732742179116,0.985734125643748,0.985735672617394,0.985736453860128,0.985737421099952,0.985737811778759,0.985739733053571,0.985740375641668,0.985741645763692,0.98574225329243,0.985744633600139,0.985744750985779,0.985745620476507,0.98574719982704,0.98574929206257,0.985749830284547,0.98575212736768,0.985752739783605,0.985754813074704,0.98575587688443,0.985757326192763,0.985758276906346,0.985759236587817,0.985760062427892,0.985762807488107,0.985763659428261,0.985764518394086,0.985764831605839,0.985765362475153,0.98576633568839,0.985766928311509,0.985767945665309,0.985768851159564,0.98576946667715,0.985770792762032,0.985771316706763,0.985773040803801,0.985773527419727,0.985773948449104,0.98577435459914,0.985775422023822,0.985776209609967,0.985778798109075,0.985779511670826,0.985781829696908,0.98578322375493,0.985785548665306,0.98578595044485,0.98578719850821,0.985788068792032,0.985789684739489,0.985790917743565,0.985791458369765,0.985791598336714,0.985792965147281,0.985793209004401,0.985794893284769,0.985795934689012,0.985796608369197,0.985796621127559,0.985797572380806,0.985798486703406,0.985798636925098,0.985798902229643,0.985799267646873,0.985799700752495,0.985800491110587,0.985801286223935,0.985803175056962,0.985803732736619,0.985804588660585,0.985805687252369,0.985806478530127,0.985806889038888,0.98580771208047,0.985807922460225,0.985809860544381,0.985810320950736,0.98581201954461,0.985812507413861,0.985813250699046,0.985814303533938,0.98581789168761,0.98581847064288,0.985821964647655,0.985822664033557,0.985823645274229,0.985823847368785,0.98582449778342,0.985825611103016
0.817946140589152,0.834493922573322,0.843821189894793,0.890964848517681,0.905498171604207,0.920571332583833,0.928728802468906,0.939105207467149,0.946653225086677,0.950418191639773,0.953529772262762,0.955365538580261,0.958258824040278,0.965556378021908,0.966982476081774,0.96783867297184,0.968632613540535,0.971045558531506,0.972735138612855,0.97544059522092,0.976117461498761,0.97643665987546,0.977061510937555,0.979532976352919,0.980011406121907,0.980131420881473,0.980377139604603,0.98050257339569,0.980729495393509,0.980831147303087,0.981033621631574,0.981111047286356,0.981276270423166,0.981342894975886,0.981496460157955,0.981595259096052,0.981692523212229,0.981760169849121,0.98272640326985,0.982837689144849,0.982934316962191,0.982987992946649,0.983092597398551,0.983171137094349,0.983312546030968,0.98334012932697,0.983514594948653,0.983578750082855,0.983642057305447,0.9836588398887,0.983853522523634,0.984278494811882,0.984351297077611,0.984396731682854,0.984504988715879,0.984536415601516,0.98458663639144,0.984629484127882,0.984725407296729,0.984845081787652,0.984884382320932,0.984900050862419,0.984952747052121,0.984985217752919,0.985453932045076,0.985486076314145,0.985514572167802,0.985533066306757,0.98555525771211,0.985573659494088,0.985612052816065,0.985626748381953,0.985651771653841,0.985675980086904,0.985708457971997,0.98571897145972,0.98574670490344,0.985760134414822,0.98578825912183,0.985808757965424,0.985839229550938,0.985843403340207,0.985871028168497,0.985878857301742,0.985891641286978,0.985898979709802,0.985926579774639,0.985933563985247,0.985957842467208,0.985964607858596,0.986272453082487,0.986288015723846,0.986407711335213,0.986416437787877,0.986486372646371,0.986491784961641,0.986504437771603,0.986508816824116,0.98672627507581,0.986730940123571,0.986919778178804,0.986928592629025,0.987075908720652,0.987099200030548,0.987114522844048,0.987365729080664,0.987419596031796,0.988063898126446,0.988139702562673,0.988147884722734,0.988342950935984,0.988350406270118,0.988457226146511,0.988467765479143,0.988522906994421,0.988713121163023,0.988804176111673,0.98881780806229,0.988903410989955,0.988908005658797,0.989166037404156,0.989270836460331,0.98944175892925,0.989444997024678,0.989476742822438,0.989729320459412,0.989746872150062,0.989779810763027,0.989837190720223,0.989870382072271,0.989918426310776,0.989924978122545,0.990122379520447,0.990124396361674,0.99012775328185,0.990131375799852,0.990276611813835,0.990281770789076,0.990406046502456,0.990417028491121,0.990672886448595,0.990719186833783,0.990762820124771,0.990771531830147,0.990800635851238,0.990806321003863,0.990857196925127,0.990862254848068,0.990927411956014,0.990927713905548,0.990944115670681,0.991009850212195,0.991149720212033,0.991164766610688,0.991175324233852,0.991181151558515,0.991350710675074,0.991356562019368,0.991391082268975,0.991417200760888,0.991431393251816,0.991494716323569,0.991560889651479,0.991593522963018,0.991644208795141,0.991659862824672,0.991692803726399,0.991763836609282,0.991808796123595,0.99183583284993,0.991858058831166,0.991859427251252,0.99188314701935,0.991918341859984,0.991926774603091,0.991935372788761,0.991945656844226,0.991948952283246,0.991968620131989,0.991974899612741,0.992006209801595,0.992008740546702,0.992016228751882,0.992033452353116,0.992056185373579,0.992073378959258,0.992079533068852,0.992087804633332,0.992107152915924,0.992108894797459,0.992154011721208,0.992169960898725,0.992173303598894,0.992180682443162,0.992212615912663,0.992216811028103,0.992223200376001,0.992227399800231,0.99223572472555,0.992245321396859,0.992252221205532,0.992267044662475,0.992273600979062,0.992276385928973,0.99231087309655,0.992317485582366,0.992327426862315,0.992328502380028,0.992355800708781,0.992358676764478,0.992372390590403,0.992381117937209,0.992390608311289,0.992392289820692,0.992403082651283,0.992404629988661,0.992410460874504,0.992418993900722,0.992422218798817,0.992428686043938,0.99243220280511,0.992432658445268,0.992441877490982,0.992443604241925,0.99244601036957,0.99245072746954,0.992456422053933,0.992460327207894,0.992466772975742,0.992471236640597,0.992476036560279,0.992483143082813,0.992491063879715,0.992494415316389,0.992502012865553,0.992505305659141,0.992511529973813,0.99251484118477,0.992523777918842,0.992525632421001,0.992532026915034,0.992533285049583,0.992536043175735,0.992538639223422,0.992546121866582,0.992549590352229,0.992553262797703,0.992560503420995,0.992566618758771,0.992570292366786,0.992575248369218,0.992575978410604,0.992578447931675,0.992580456702555,0.992584041672863,0.992585899222338,0.992588939098393,0.992591210159906,0.992592546462419,0.992595714517519,0.992599392309012,0.992601414735269,0.992604462455939,0.992608468638468,0.992614514548686,0.992616168554308,0.992617869381693,0.992622402350118,0.992625040985652,0.992625675903607,0.992628701276705,0.992630591044693,0.992633048801523,0.992634360430851,0.992639459594114,0.992641120250029,0.992644010942993,0.99264711016928,0.992648418127531,0.99265006383711,0.992651652932839,0.992654718651297,0.992659959365593,0.992662507351032,0.99266511784566,0.992665876868466,0.992668754172413,0.992669417269405,0.992673499888191,0.992674265818394,0.992677968451749,0.992679004432092,0.992682207138007,0.992683123648076,0.992687585917177,0.992689919877431,0.992693027806967,0.992694465027506,0.992696119457208,0.992697578640344,0.992699998782433,0.992701837980982,0.992702847495717,0.992703197187541,0.99270412474534,0.992705057331888,0.992706645155971,0.992707998253331,0.992711503833003,0.992712556334092,0.992714449942496,0.992716788922606,0.992719193362548,0.992720210795457,0.992722838059556,0.992723578202339,0.992725142484498,0.992727217834365,0.992728172974944,0.992729757617324,0.992731388572791,0.992732141501233,0.992733913594508,0.992734896725537,0.992736229388758,0.992737100228637,0.992738305001854,0.992739748180284,0.99274127036788,0.992741960217372,0.992743202474022,0.992743737811946,0.992745673222208,0.992747567589643,0.99274940692496,0.992751995105108,0.992754563357999,0.992756678065851,0.992758275005206,0.992759789848945,0.992760450046352,0.992761185440785,0.992761958139407,0.992766172637301,0.992768389164796,0.99276895884019,0.992771033705663,0.992773433894506,0.992774497411652,0.992776572825878,0.992777251813031,0.992778561986593,0.992779889803031,0.99278115945845,0.992783066387307,0.992783896066454,0.992785156992982,0.992786095788018,0.992787489506965,0.992788557197545,0.992789714572987,0.992791518608529,0.992793994017533,0.99279634560684,0.992798189969233,0.992799295428544,0.992800530296566,0.99280145025673,0.992804136211885,0.992804641390937,0.992806889131613,0.992809113607899,0.992811422024292,0.992813340013789,0.992814897429018,0.992818700311647,0.992820068728473,0.992820963350486,0.992822399105645,0.99282337062322,0.992823913131929,0.992824260498477,0.992825413853165,0.992827878289438,0.992828728609687,0.992829341841382,0.992830436487948,0.992831644885509,0.992832100138748,0.992832780970998,0.992833448098565,0.992834354168126,0.992835784231819,0.992836418934401,0.992837210419687,0.992837597465306,0.992839353683303,0.9928410504846,0.992842272164632,0.992842617856666,0.992843736058077,0.992843924026094,0.992844291349779,0.992845691850597,0.992846355984569,0.992846839648946,0.992847830524156,0.992848129316421,0.992849027767302,0.992849268304029,0.992850303838768,0.992852523332758,0.992853293599307,0.992853792640996,0.992855675986054,0.992856412120736,0.992857345516925,0.99285749422171,0.992859618591523,0.992859985411236,0.99286133245654,0.992861424753335,0.992862420886424,0.99286516680761,0.992868344933993,0.992868723697334,0.9928698003801,0.992870148962022,0.992872164899234,0.99287302471003,0.992874430450932,0.992875264135418,0.992875960404897,0.992876319941184,0.992878161274055,0.992879463798468,0.992880194617914,0.992881865637214,0.992882841528691,0.992884584767928,0.992887811944793,0.992888271809724,0.992889244943415,0.992889595314792,0.992890877835233,0.992891571392422,0.992892102561256,0.99289410714249,0.99289581895771,0.992897431914623,0.992899106027951,0.992899750194069,0.992901182244611,0.992901359827556,0.992902113552688,0.992902631060648,0.992902833964676,0.992902919369695,0.992903439051774,0.992904782225205,0.992907342051483,0.99290778298838,0.99290865137005,0.992909413138498,0.992909778577339,0.992910577486302,0.99291130639894,0.992912424392778,0.992913763809423,0.992914631102694,0.992915725327931,0.992916485746601,0.992917985983965,0.992918236653037,0.992920041055563,0.992920697988887,0.992921830788668,0.992922077960371,0.99292310248906,0.992923572691484,0.992925817629079,0.992927054805236,0.992927751095865,0.992928090543774,0.992928331762689,0.992928526467906,0.992928745470504,0.992929557101575,0.992930702144222,0.992931192533834,0.992932211731771,0.992934193689115,0.992935125817122,0.992936207666077,0.992937333204046,0.992937541056394,0.992937913711189,0.992938096582399,0.992939049669091,0.992939424996049
0.763226750550069,0.837656524319731,0.849401164738072,0.855010823397721,0.872667088294302,0.898384111243395,0.908373500602392,0.916952115480564,0.924100736661918,0.926117064636309,0.935708273313165,0.938621021628822,0.95134134824262,0.95421682064226,0.958037114381401,0.960117255747551,0.963442667409755,0.964597186382928,0.967723364035515,0.970204785521426,0.971878455467025,0.97424009930918,0.977666032011013,0.977883219759414,0.979134950478937,0.979552815000769,0.980564065932388,0.981207207568135,0.981882394895232,0.982027508685845,0.982421393717229,0.982535471156077,0.98335477471349,0.983490237082589,0.983940041223424,0.984021163556569,0.984316842105853,0.985388535827368,0.985459093283635,0.985680284887558,0.98635982343017,0.986453665897176,0.986715877208185,0.986832971458518,0.986991659872209,0.987451551773882,0.987550057795797,0.987750220779843,0.98832417168722,0.988405508755293,0.988641425018834,0.990750756347187,0.990946683452309,0.991009754862573,0.991931257050614,0.991947998928638,0.99227203968632,0.992298992097863,0.992331493093802,0.992362944052536,0.992425913044363,0.992435995984212,0.992838540677869,0.99285920927241,0.99324508846334,0.993272096009166,0.993397599936387,0.993451491234475,0.993553154558532,0.993621076021974,0.993760446979913,0.993812566826943,0.99383007831554,0.993862805544675,0.993940289607427,0.99394544622108,0.993985812718769,0.994326451370696,0.994346269850937,0.994359094353689,0.994453578595539,0.994589945858456,0.994665634554705,0.994713529846354,0.994812805868728,0.994913075515716,0.995026799439897,0.995033483178923,0.995064344912444,0.995074169712283,0.995968723626312,0.99606750401489,0.996108648729485,0.99614365603656,0.996225606975889,0.996265167424168,0.996283467963793,0.996335924965077,0.996411461075619,0.996436525195491,0.996479330150424,0.996490019030657,0.996524415167683,0.996550812690862,0.996563436000308,0.996569180023768,0.996649568477717,0.996652376259329,0.996694495858923,0.996709513730516,0.996731424262082,0.996736876510659,0.996756417354507,0.996764530617844,0.996776537094172,0.996782515155065,0.996811552595304,0.996825865561143,0.996838955343652,0.996848843568639,0.996859198598365,0.996870167702099,0.99689691743715,0.996907650416426,0.996916139903308,0.996921720452501,0.996941375721221,0.996949466633204,0.996961535632979,0.996978324504079,0.997015340001047,0.997020249381276,0.997079631662001,0.99710245154772,0.997123515900088,0.997505977000007,0.997515173796839,0.997533010037173,0.997540687119102,0.997570324116411,0.997588702208525,0.997593282974033,0.997710001948036,0.99771900183489,0.997755007521454,0.997767636799968,0.99778014617064,0.997783215256626,0.997802573590447,0.997805812224465,0.99797520534686,0.997980246770533,0.997999620953289,0.998006763176183,0.998029524081016,0.998040241397589,0.998045703310384,0.998055786530501,0.998059423425762,0.998070461158096,0.998093261629819,0.998098529337149,0.998108993828134,0.998127871724763,0.998144136406797,0.998147882422306,0.998173097751572,0.99818603206472,0.998211062752717,0.998214780763639,0.998231799794049,0.998244616977039,0.998279927754052,0.998297139771299,0.998302544617154,0.998311142120875,0.998319642656382,0.998329465233583,0.998346528335207,0.998348733979467,0.998355291567819,0.998357905602867,0.99836231176199,0.998376984708939,0.998383511732966,0.998389432778495,0.998396516768705,0.9984035682522,0.998408046632996,0.998425619019617,0.998436947865526,0.998446533721282,0.998452687249916,0.998457304475723,0.998464773039521,0.998469480106316,0.99847756889037,0.99848403099608,0.998492483805586,0.998505222203028,0.9985104004863,0.998515873684705,0.998526273380718,0.998528472168958,0.998537257070862,0.998544516431185,0.998550433723512,0.998557171227031,0.998570556201264,0.998578002583481,0.998595454444814,0.998601538124088,0.998611845398535,0.998616756341853,0.998622661220954,0.998625045758419,0.99863627368745,0.99864363208376,0.998659564574872,0.998662050845306,0.998669045697334,0.99867281506897,0.998687068078385,0.998690613767029,0.998698235042582,0.99869897893994,0.998706577383028,0.99870964419639,0.998723177188222,0.998724919290347,0.998737086910924,0.998740907637262,0.998747689161694,0.998751238891647,0.998757398045532,0.998760043020589,0.998766828864491,0.998773002325625,0.998783281772604,0.998790159566985,0.998797540314317,0.9987993035516,0.998808613914442,0.998815656390164,0.998820271698264,0.998821959439618,0.998825996369834,0.998827654977419,0.998831573585121,0.998833068539223,0.998838038474734,0.998839591512556,0.998845873165885,0.998846088011107,0.998853310009651,0.99885613228658,0.998863670221432,0.998867983488394,0.998872943593074,0.998874423178485,0.99887921529273,0.998881129389896,0.998887377535417,0.998890837622574,0.998896715937664,0.998896984520119,0.998899859084837,0.998903264205605,0.998908988027013,0.998910371224071,0.998915161275573,0.998917189182341,0.998927904006919,0.998931290085289,0.998934553029683,0.998935758607868,0.998938176002208,0.998938797297321,0.998941143499291,0.998946717519254,0.998951472720719,0.998952593847236,0.998956409110206,0.998958897964316,0.998962740726911,0.998964661084559,0.998968045039283,0.998970720489215,0.998979644851214,0.998982400825075,0.998987729482569,0.998989288037633,0.998996788819764,0.998997756404027,0.999001481796997,0.999003879623849,0.999006676835381,0.999008841217163,0.99901100325627,0.999012669040986,0.999015697999634,0.99901930865057,0.999020764987762,0.999023801096059,0.999027805232507,0.999029354785898,0.99903040755212,0.999031501543217,0.99903355617152,0.999035095360567,0.999038068925335,0.999041122328783,0.999044217613392,0.999046526564747,0.999049384875848,0.999053223183082,0.999057256617655,0.999060536723342,0.999062741800752,0.999065606404466,0.999070035809178,0.99907109088483,0.99907546753695,0.999076232274601,0.99907894534082,0.999079830898289,0.999081538362005,0.999083316521578,0.999086546336356,0.999087431320169,0.999090158820732,0.999092020037168,0.999096792390231,0.999099644463307,0.999104503957646,0.999107022515445,0.99911187640692,0.999116500210686,0.999118266730771,0.999120843237197,0.999127216685989,0.999128297247009,0.999130100403599,0.999130805482071,0.999133405219427,0.999134731559551,0.999139224644006,0.999141545630606,0.999145808129786,0.999147453000409,0.999151207503689,0.999153721453477,0.999158277880369,0.999159368431056,0.999160844123309,0.999163107174336,0.999167460213773,0.999168434936087,0.999172738977948,0.999174043123543,0.999177259211666,0.999177381740596,0.999179713056344,0.999181639036132,0.999184757989566,0.999185450288956,0.999188508798582,0.999189132489828,0.999192520060763,0.999193662526192,0.999195171006711,0.999198188686904,0.999200339323024,0.999201460535146,0.999202730314741,0.999203570620789,0.999207315869548,0.999207614193557,0.999210187860443,0.999211420351522,0.999213129741078,0.999214087430815,0.999215554751384,0.999216328664427,0.999217638789301,0.999218376909441,0.999220767594521,0.999224031897077,0.999226038542479,0.999226740387178,0.999229641980428,0.999230607077494,0.999232423514417,0.999233973306146,0.999236059271753,0.999237124900008,0.999239325393937,0.999239855717979,0.999242140941021,0.99924396652081,0.999245406117312,0.999245622005245,0.999247510220971,0.999248464842768,0.999250122736377,0.999251224516196,0.999251944587139,0.999253011458404,0.999254398146047,0.999257035149346,0.999261027588396,0.999261856896195,0.999262879509206,0.999263420285698,0.999264618688939,0.999266002745456,0.99926658094239,0.999267523649051,0.999268851366633,0.999270689815285,0.999272278782962,0.999272439798434,0.99927468298633,0.999275500387344,0.999277396423086,0.999277866194019,0.999279262375329,0.99928026438634,0.99928271011267,0.999282816872568,0.999283689725223,0.999284422607243,0.999285817708521,0.999285914195177,0.999287494068795,0.999289025295463,0.999289942229338,0.999290482089097,0.999291359121427,0.999292574400506,0.999294553908062,0.99929525789659,0.999296645774902,0.999298170952497,0.999299125388937,0.999299331276302,0.999300640301307,0.999301089095543,0.999301787708783,0.999301969219937,0.999303147051982,0.999303373799437,0.999303900818277,0.999304499095124,0.999305543806171,0.999306650200575,0.999307124846297,0.999308076066598,0.999308795846582,0.999309967000613,0.999310782597665,0.999311557141078,0.999313073571039,0.999313119631637,0.999313701856953,0.999314345942521,0.999314818718794,0.999315503319459,0.999316445002075,0.999317387097579,0.999317659088716,0.999318564879594,0.999318922370229,0.999318944249673,0.999319196275835,0.999319639343372,0.999320401440874,0.999320561173226,0.999322008591521,0.99932289851968,0.99932310496024,0.999323672533685,0.999324375974722,0.999324976388306,0.999325956628138,0.999326214948621,0.999326818367099,0.999327906731363,0.999328208976329,0.999328760783302,0.999330928846796,0.999332383455857,0.999332602680716,0.999333177089253,0.999333763785037,0.999334009757192,0.999335641323955,0.999335817338493,0.999336852919177,0.999337852107925
0.774296085068086,0.787128739734957,0.808854698878406,0.817271388687173,0.878541818424823,0.893606377150397,0.906570436061593,0.912357573309279,0.94093972141054,0.943156413966543,0.954861206992342,0.957637560190041,0.960382331642358,0.961861255267894,0.965548219857372,0.966911624406762,0.968403389936129,0.96894296649687,0.969549880588091,0.97029765149789,0.970710866583426,0.971097978494301,0.971610786233569,0.971941868202238,0.9722682147376,0.972355488613568,0.972508525670905,0.972696897051523,0.972932293438417,0.973138820600024,0.977535656123256,0.977616670327028,0.978073810015966,0.97821054447544,0.978521542808351,0.978584640508763,0.978711357034856,0.978836856390873,0.979227448052017,0.979270689230879,0.97934192565142,0.980666059361184,0.980987625494804,0.980992907693541,0.981345645062414,0.981399930000777,0.981456858862781,0.981503024489106,0.982211752602029,0.982249733833485,0.982314189950373,0.982364271767787,0.98290067940299,0.982936334189086,0.983215110592072,0.983248936817813,0.983731397473229,0.983803782622578,0.983876878830664,0.983943582788485,0.983993178851979,0.984184901112918,0.984244605480062,0.984268893945045,0.984773082806391,0.984784835667023,0.984815793671722,0.98483651210834,0.984935982680387,0.984948957281532,0.985009514851539,0.985034680631523,0.985729244600101,0.985768087417072,0.985914549678056,0.986063240189687,0.986126970729744,0.986132919577486,0.986224082092939,0.986242478517439,0.986314887427408,0.986365611137606,0.986445940078013,0.986452996177541,0.986506921048921,0.986518033821662,0.986528250939499,0.986538300647754,0.98655693550341,0.986562919566632,0.986596795753104,0.986717105417612,0.986982585877507,0.986989829345905,0.987034533490548,0.987177729217845,0.987626855565502,0.987632032011408,0.988260835672628,0.988270493983247,0.98844360782715,0.988505202043096,0.988521835855889,0.988615626309246,0.988741422291344,0.988753503413261,0.988937573159801,0.988945346641856,0.989012495468871,0.989018597081468,0.989133789856017,0.98918784363955,0.989227086234677,0.989230463464559,0.989398566609497,0.98940296711891,0.989483667237981,0.989530451273278,0.989606934596527,0.989623095627771,0.989732618574358,0.989753949919818,0.989917389233007,0.990131119760476,0.990184907533156,0.990288269062887,0.990325491990947,0.990333704304995,0.990348193890819,0.990353173826057,0.990393191936979,0.990410910432034,0.990419459172728,0.990458787553365,0.990544936285192,0.99055639075444,0.990581972441139,0.990593248964338,0.990659338109407,0.990676771459349,0.990712552910663,0.990720942429885,0.990771508810475,0.9907881071792,0.990809129451577,0.990824203726757,0.990842385178767,0.990847612709567,0.990915784109261,0.990930897215231,0.990936739457241,0.990987636202438,0.990998869848071,0.991006130336037,0.991024462364985,0.991029397061127,0.991055096690884,0.991058541416424,0.991092381861438,0.991102124545604,0.991132451770357,0.991140943180794,0.991152505517005,0.991155668900147,0.991165282815011,0.991170255571217,0.991188052014033,0.991191865594428,0.991202510470337,0.99121209393764,0.991227205015341,0.99122894407155,0.99124259013624,0.991245518113625,0.991259681932784,0.99127230088867,0.991284444720189,0.991286420333523,0.991291129224856,0.99129485810665,0.991303447610293,0.991310049020218,0.991315912252622,0.991320045578437,0.991327774727105,0.991329881464735,0.99135353990485,0.991360571427241,0.991367059960011,0.991370769905709,0.99137896678844,0.991383010585527,0.991392597887835,0.991394884358508,0.991398908857979,0.991401120421394,0.991410092919774,0.991413357015893,0.991421562364915,0.991430396010843,0.991434808385403,0.991435974913296,0.991446888078492,0.991452985528659,0.991456824038037,0.991459040152795,0.991465000047485,0.99146833287295,0.991475041511995,0.991482010653374,0.991489511471134,0.991493994271969,0.991500195451327,0.991502395583553,0.991505091828828,0.991506332974497,0.991508432091171,0.991511261014163,0.991516206229116,0.991519673896216,0.991532500103486,0.991536663498706,0.991545621128165,0.991551032037538,0.991558062779906,0.991564375253912,0.991566710205,0.991569883090991,0.991576630956382,0.991579226799315,0.991586829617884,0.991590202512898,0.991597018095557,0.991599858319136,0.991605441037446,0.991608526758344,0.99161500064336,0.991619365532612,0.99162381806202,0.991627911756471,0.991630617560199,0.991633350923403,0.991636283387066,0.991642615661994,0.991649071736694,0.99165084393523,0.991653938204472,0.991655980863349,0.9916588504735,0.991660304527933,0.991664309450281,0.991668211211958,0.991673876073539,0.991679169034633,0.991683831396599,0.991686412835194,0.991690722099849,0.991694903607448,0.991697053147108,0.991698237294216,0.99170196987087,0.99170353256987,0.991707103909902,0.991709880501932,0.99171464288045,0.991715433381275,0.99171849064332,0.991721241620887,0.991725515219646,0.991726823367716,0.991732325266269,0.991734816173625,0.991741469880345,0.991742623725096,0.991749073257012,0.991751366836486,0.991752869484381,0.991757978639725,0.991759991704408,0.991762237834457,0.99176457782373,0.991766004149628,0.991768574970354,0.991769854063496,0.991771181784927,0.991771530966124,0.991773982638339,0.991776145874343,0.991779254702669,0.991780766121218,0.991783976014605,0.991788771102131,0.991790413335653,0.99179065902879,0.991793451359057,0.991795593125867,0.99179823169606,0.991800848898781,0.991804559617715,0.991806555781329,0.99180888388784,0.991809691993285,0.991813058402272,0.991816322327751,0.991819098277273,0.991819742522985,0.991822739026972,0.991825611666394,0.991827109566287,0.991828837936181,0.991830417079306,0.991831993866431,0.991833619694505,0.991835055983426,0.991837162257885,0.991837218470855,0.991841191413063,0.991841821922573,0.991844396726823,0.991846338753839,0.991849720213482,0.991850180086407,0.991852853749003,0.991855636788657,0.99185689660571,0.991858153674574,0.991860851107524,0.991861418422178,0.991863457867466,0.991865121569482,0.991868667944564,0.991871154725192,0.991872645081941,0.991872971754082,0.991875488429762,0.991878068594684,0.991878864932781,0.991879423832623,0.991880543942224,0.991881696305776,0.991883429404021,0.991885055489074,0.991886020385292,0.991888116074949,0.991890623800543,0.991891334764626,0.991892880056447,0.991894177702351,0.99189646754991,0.991898257214882,0.991901457696,0.991904862221157,0.991906830497915,0.991908533657847,0.991910093893339,0.991912514295339,0.99191371456944,0.991914605728419,0.99191754222984,0.991919287955914,0.991920524487446,0.991921953112765,0.991923147860493,0.991924601433488,0.991926659872465,0.991927143903701,0.991928315265703,0.991929654675816,0.991931538958996,0.991931972083458,0.991934058066808,0.991936044956419,0.991937092849299,0.991937576971008,0.991938993278798,0.991941081924582,0.991942831006794,0.991943445052781,0.991945943581551,0.991948140058228,0.991950920123769,0.99195251897643,0.991954310918661,0.991955141723438,0.991955855577768,0.991957454959236,0.991958753657202,0.99196023099969,0.991962706779659,0.99196351158402,0.991965225754403,0.991967139839543,0.991968310468459,0.991968670489943,0.991970484017944,0.991971437836888,0.9919719399699,0.991972646256789,0.991973691627293,0.991975580209555,0.991976649343432,0.991977910310274,0.991979312391795,0.991980914462566,0.991981917439759,0.99198288062245,0.991983757818313,0.991985045983931,0.991985472193636,0.991986303419008,0.991987076527821,0.991987528166503,0.991988204456987,0.991988667739266,0.991989024551853,0.991990348079784,0.991991449632228,0.99199238173733,0.991993788883336,0.991994797527244,0.991995549295025,0.99199565231905,0.99199620202269,0.991997180686903,0.991998926072763,0.991999535436003,0.991999983674848,0.99200073494793,0.992000898014614,0.992001094803548,0.99200176384787,0.992003003663463,0.992003753623322,0.992003946346185,0.992005200392225,0.992005689107923,0.992005865874598,0.992006227074015,0.992008288730743,0.992009311471358,0.992009966160104,0.992010340619032,0.99201184519305,0.992012571578903,0.992013106743241,0.992013400534224,0.992014448116958,0.992015648837447,0.992017975063059,0.992018734551277,0.992019057718138,0.992019657824403,0.992022156618044,0.992023237567821,0.992024354742653,0.992026224625914,0.99202752803192,0.992027683770008,0.992028091646244,0.992028675552873,0.992029631201399,0.99203014827934,0.992030589077117,0.992031474872357,0.992032259097869,0.992033177629814,0.992034871018688,0.992036191942648,0.992036636532941,0.992037796177085,0.992039318092405,0.992041107183816,0.992042219992404,0.992042990945756,0.9920436457058,0.992044295534699,0.9920453017514,0.992046029943906,0.992046971914373,0.992047482553013,0.992048737600907,0.992049982624091,0.992051504726367,0.992052360961718,0.992054744788337,0.992055065342518,0.992055979621252,0.992057881421529,0.992058809476727,0.992059232146282,0.992059801943613,0.992060271700261,0.992060598356339,0.992061057973833,0.992062677679825,0.992063511822157,0.992064272187591,0.992064674253026,0.992066135118559,0.992067062539052
0.804690919397048,0.863921452503058,0.870480085306719,0.882222752837956,0.898347776007136,0.904385497563498,0.930358468402246,0.93608812688705,0.945199886640393,0.948524826379474,0.954220429921342,0.957912739360422,0.964805481332884,0.965765023329012,0.969438779034137,0.971824276137752,0.97367154212808,0.97878126598485,0.979584290031697,0.979833926755725,0.980703570224594,0.98116177128822,0.981757539235613,0.982204181811304,0.984025560107161,0.984173325633006,0.984520941982361,0.984583227398551,0.988514307869622,0.98862583712953,0.98886051716069,0.988965597831118,0.989115373388023,0.989195716254423,0.990404715296524,0.990532327882852,0.99066754271469,0.990699300086287,0.990810845886114,0.990871423752196,0.990969783708701,0.990998274020029,0.991072470331888,0.991149513468924,0.991255230817667,0.991293671567838,0.991349698451277,0.991521038756147,0.991755809363983,0.991774122937852,0.991862445178442,0.991887190014819,0.991916517292562,0.991975644758704,0.992345252481131,0.992471253409444,0.992502834531511,0.992530374080053,0.992610725441564,0.99285109843173,0.992899589613104,0.993008873941142,0.993087494705477,0.993111352236817,0.99313876091664,0.993143304786086,0.993159934596907,0.993177327215569,0.993239041073316,0.993251264432639,0.993314782597133,0.993318871760314,0.993334994240068,0.993353695284598,0.993432359999907,0.993456223103278,0.993478059816147,0.993487245991746,0.993498635864408,0.993531309665637,0.993558181985131,0.993570101694882,0.993690105378103,0.993695971773159,0.993717166486281,0.993723163411231,0.993737425446419,0.99374279580932,0.993761125193475,0.993833118205556,0.99385169539783,0.993858357270475,0.993896426393882,0.993902132628292,0.993919928103606,0.993929537936731,0.993938453219681,0.993945009970144,0.993955848542349,0.994058769509716,0.994079235236508,0.994096381936411,0.99410686598507,0.994111008444506,0.994122101831971,0.994139011494784,0.994185686539404,0.994214965364416,0.994226050648991,0.994247495884356,0.99428503544465,0.994305030517838,0.994325364140253,0.994437452303059,0.994454254492636,0.994459823723076,0.994465750853632,0.994477164463848,0.994485654264237,0.994491689261364,0.994506980674516,0.99451541121546,0.994899660909107,0.994904236633839,0.994913808587546,0.99492983732863,0.995027140443749,0.995043660709896,0.995045864158189,0.995071827290255,0.99510861896497,0.995125021789636,0.995151439381738,0.99515238735349,0.9952282537244,0.995230094778052,0.995237691332078,0.9952480360562,0.995271055796496,0.995276471547287,0.995281711714258,0.995284527803769,0.995314962207314,0.995316851678453,0.995328543476122,0.995333617296365,0.995347235442725,0.995349105747186,0.995363473167472,0.995382300996268,0.995439394020211,0.995442563855384,0.995519643209327,0.995521757739385,0.995905812261424,0.995910164612445,0.99607832867793,0.996088006096322,0.996199915064325,0.996265769035834,0.99633152656159,0.99633189364128,0.996420543747117,0.996425125464336,0.996434284996501,0.996436365978833,0.996468701641584,0.996479144930755,0.996506451048592,0.996513291527031,0.99654476610667,0.996548251690718,0.996658858479767,0.996669247458049,0.99677072495127,0.99677363383846,0.996781366629814,0.996816063942387,0.996957655580043,0.996969572132675,0.997034157910294,0.997074927139279,0.997165510938394,0.997166280991951,0.997226908218212,0.997228422037866,0.997273814720612,0.997275815520368,0.997376456907016,0.997402538767726,0.997431821959615,0.9975019520461,0.997517070294961,0.997531808497147,0.997644398877144,0.997685141000237,0.997755192778726,0.997783563132795,0.997786269636138,0.997794637750629,0.997853785364315,0.997870233573725,0.997892732753045,0.997925381961416,0.997930106926671,0.997935337146682,0.998003328497336,0.998005136042392,0.9980419303285,0.998087321391994,0.998127079771918,0.998149340465753,0.998178615117152,0.998179564997932,0.998206270139289,0.998214439011613,0.998236918259246,0.998244211288751,0.998256735771565,0.998267471347836,0.998284270413045,0.998296230942042,0.998303164576325,0.998315082469805,0.998345900064854,0.998346735331185,0.998381998443821,0.998389013531473,0.998422296341247,0.99842683868167,0.998431832585643,0.998439152028687,0.998460588384557,0.998469109555226,0.998497871312309,0.998499822770515,0.998534177940492,0.99854307088069,0.998552330679623,0.998560601242305,0.998563767046366,0.998571864706362,0.99857463351422,0.998580183932774,0.998593914679486,0.998611049067277,0.998617342529198,0.998623444631006,0.998627600702005,0.998634782792407,0.998650481217108,0.998654396244077,0.998668638237999,0.998677647960231,0.998701249858718,0.998707025576017,0.998712589959403,0.998721685144994,0.998732474793504,0.998736795642184,0.998745620956944,0.998751458226304,0.998758559460465,0.998759947329533,0.99876671232631,0.998768623178424,0.998774621562058,0.99878226782219,0.998791496615224,0.998797633444077,0.998805418576066,0.998809504752009,0.998820440137365,0.998824408043508,0.998829993554745,0.998837512285889,0.998850067407415,0.998856915282846,0.998860568293335,0.998860873542438,0.998864132398076,0.998873805862909,0.998881538169382,0.998883468201602,0.998888565927887,0.99889109261631,0.99889322511086,0.998894419507345,0.998900226784113,0.998901313155019,0.998909112135505,0.998915175501538,0.998919234593785,0.998921271718432,0.998924255114341,0.998926945658827,0.99893420877662,0.998940083235821,0.998946770548555,0.998947592102142,0.998953407076854,0.998957283351428,0.998961490273073,0.99896230149791,0.998965427702834,0.998968921129268,0.998974084840558,0.998975503663361,0.998978850290489,0.998978935666777,0.998981831460055,0.998983678840735,0.998989302309693,0.998990851866177,0.999006262763497,0.999011381713207,0.99901542056286,0.999017372995443,0.99902064474702,0.999020704641054,0.999023687636156,0.999027868412718,0.999033792250511,0.999038807723841,0.999048313232556,0.999051073556345,0.999054138785312,0.999054491303245,0.99905649519297,0.999056937159059,0.999057962835213,0.99906174661754,0.999064014148522,0.999065725603533,0.999067358600876,0.999069606960219,0.999074408828117,0.999076025723105,0.999078035803207,0.999082507893578,0.999086326124976,0.999090007726811,0.999090814823267,0.999091615398086,0.99909742610889,0.99909814268561,0.999099550699596,0.999100460150957,0.99910392859023,0.999104555386438,0.999106949137777,0.999109256344417,0.999115071534914,0.999115375301494,0.99911689456351,0.999117428137559,0.999119628917777,0.9991249328605,0.999127176258161,0.99912734720127,0.999129573817163,0.99913028073393,0.999133297984793,0.99913584677467,0.999137907575474,0.999138291988,0.999141273716363,0.999143387607621,0.999145933265846,0.999148136882634,0.999148964016407,0.999149578647887,0.999154551484829,0.999155367891203,0.999157159361059,0.999158213383298,0.999158982358929,0.999159901036117,0.999161071862337,0.999162929265715,0.999164059189043,0.999165014105672,0.999166725267909,0.999168158158695,0.999169019186889,0.999169279901594,0.999170187705425,0.999174055907579,0.999176859430027,0.99917887713971,0.999179423977162,0.999180883629845,0.99918333962328,0.99918386246489,0.999185248558616,0.999186017921596,0.999193330619987,0.999194814563213,0.999195728324759,0.99919643395165,0.999198838183701,0.999201636591914,0.999202721110272,0.999203474223498,0.999204713546956,0.999206554378482,0.999208416924705,0.99920966707351,0.999211066686259,0.999212595858412,0.999213099810976,0.999214764239175,0.999216187771368,0.999217500107911,0.999218146549816,0.999220799709684,0.999223517281767,0.999224318581724,0.999228395856768,0.999229257440792,0.999232078716358,0.999233310361799,0.999234961455089,0.99923593963492,0.999238423586241,0.999239136630129,0.999243919814213,0.999245303112152,0.999247242644154,0.999249163697591,0.999251994736376,0.999252531215393,0.999254747261132,0.999255160204572,0.999256860106275,0.999257527825692,0.999259503486365,0.999261071048116,0.99926320109784,0.999264282213045,0.999265524520534,0.99926781496984,0.99926956487662,0.999270309933557,0.999270601798029,0.999271350280225,0.99927346537703,0.999274418092519,0.999275831556986,0.999276368766258,0.999276521800864,0.999276943887834,0.9992775490434,0.999278037772172,0.999278720793957,0.999281115967777,0.999281962443549,0.999282801759294,0.999284117963507,0.999284895585327,0.999285156862287,0.999285733508898,0.999286746797776,0.999287909413122,0.999289585571749,0.99929029248488,0.999290457139906,0.99929051328221,0.999291613985771,0.999292315739823,0.999294520799115,0.999294833020613,0.999296861295134,0.999298198155282,0.999298958358807,0.999299661238528,0.999300988834965,0.999301511768936,0.999301890221856,0.999302088022666,0.999302743313795,0.999304396746241,0.999305183429353,0.999306128053232,0.999307447081273,0.99930754906448,0.999308452011052,0.999309056602198,0.999309464525251,0.999310251458094,0.999311874533657,0.999312760242202,0.999313236747264,0.999314222574753,0.999314818800614,0.99931512666867,0.999315837469502,0.999316571662237,0.999317727181164,0.999318161081732
0.713657822341615,0.826518958985353,0.850047237950112,0.861258124736067,0.878378200702753,0.890612613188788,0.907760185894301,0.913992100336468,0.928222447912599,0.933043667800562,0.950928468254247,0.953421814022279,0.956080939240016,0.95770407467888,0.960819860295685,0.961595504300351,0.966950849542633,0.967384158879237,0.968031618821148,0.968350520369283,0.976770595387805,0.977252453895122,0.977733259919487,0.979094631349208,0.981017080647391,0.9812138320674,0.981517289477792,0.981763084514422,0.982118843004738,0.982231458979753,0.98249386047644,0.982590101082417,0.982773267006707,0.982922695287526,0.983106761453344,0.983225896751083,0.983348577929722,0.983442518390447,0.983598583800506,0.983684968205252,0.983937543855026,0.984003136732921,0.984126198371317,0.984284147015769,0.984337247104696,0.984960044311899,0.985078300697916,0.985105982392709,0.985312257864744,0.985357616770911,0.985666861545292,0.985681745001428,0.985756075167208,0.985794237172855,0.985902334279785,0.986055055421624,0.986083235744212,0.98611464519737,0.986180592548195,0.986212082979084,0.986257140052131,0.986281474860063,0.986352001583973,0.986360608550471,0.986862623424597,0.986884785404129,0.986925333421755,0.986990196874374,0.98721182887908,0.987227211163998,0.987363909589667,0.987582423631655,0.9876380201089,0.987679495033374,0.987736390335225,0.987744538114613,0.987946344838378,0.988004401720408,0.988168730531413,0.988235277723329,0.988338534381053,0.988350108220515,0.988638827464946,0.988649992097666,0.988718951681291,0.988759244401387,0.988966052487557,0.988976487950925,0.989041940893041,0.989071752373523,0.989241064979984,0.989265271186607,0.989334503787889,0.989404271860294,0.989476849903756,0.989503469419231,0.989536721426846,0.989555779901734,0.989585618287011,0.989615384458072,0.989650277523214,0.989682449969242,0.989702630739016,0.989742375616507,0.989801229271218,0.989848671579329,0.989888123120084,0.989923559595174,0.989937295601448,0.989954269150534,0.989975635154588,0.989985547730084,0.990012011364646,0.990021797464583,0.990036302218506,0.990039538997982,0.990047000508632,0.99006845874714,0.99008651485914,0.990092908320648,0.990099002239844,0.990109373612554,0.990119569047037,0.990127064689189,0.990145596878434,0.990152566018231,0.990171953396726,0.990182868737626,0.990202210504009,0.99020697828949,0.990222061036638,0.990226997309467,0.990238762227977,0.990250385615709,0.990262394542423,0.990264997948638,0.99028101272605,0.990291621740961,0.990299349685725,0.990308137403081,0.990318051684713,0.990318849339277,0.990326637446348,0.990331374550799,0.990345939282541,0.990354041149687,0.990364774295309,0.990364865627049,0.990524613744725,0.990525304679816,0.990530684119026,0.990533642491993,0.990542800185122,0.990547672038499,0.990556097027861,0.990563368320293,0.990570693203475,0.990578598073359,0.991280173654309,0.991283033293463,0.9912863897506,0.991294157997521,0.991304863813096,0.991315259941057,0.99132625422439,0.991331703235574,0.991338157314685,0.991343757064195,0.991353661762436,0.991359450765836,0.991368128998875,0.991371656026401,0.991375652157281,0.991378807109829,0.991383514257261,0.991389685259257,0.991394051838273,0.991397721267148,0.991401538971232,0.991402436851051,0.991411660844159,0.991414107086221,0.991478992630514,0.99148501056861,0.991496661018138,0.991499529197148,0.991505950691218,0.991507812297885,0.991511942785952,0.991514697535384,0.991519513029392,0.991525643732341,0.99153139744975,0.991532779364435,0.991537130444946,0.991540334903792,0.991544213121714,0.991549088832987,0.991552517467377,0.991554039827028,0.991559759996984,0.991564953989378,0.991571035131178,0.991572370678265,0.991575444736777,0.991576689647536,0.991583445698803,0.991585141681697,0.991590297591461,0.991591735952826,0.991658504352223,0.991659518867442,0.991662687866857,0.991664590328673,0.991669520080361,0.991672566972057,0.991725919882127,0.991727057743532,0.991734879020718,0.991737530472284,0.991739227554096,0.991744640360489,0.991746598657223,0.991749292894339,0.991753820885891,0.99175452089798,0.99176024871681,0.991763429404949,0.991767918421685,0.991771256743893,0.991774056141559,0.991777412563205,0.991778685277383,0.991780745724141,0.991787798160135,0.991790710683793,0.991798923596917,0.99180158180507,0.991803765091411,0.991803853584004,0.991805555597502,0.991807770007655,0.991811790760421,0.991813311555157,0.99181597061943,0.991816392152362,0.991827392362281,0.991831768206014,0.99183338758463,0.9918351253715,0.991839536908226,0.991844315787282,0.991845740130906,0.9918504769533,0.996635338878841,0.996638408273446,0.996896234374602,0.996899224944947,0.99690092084276,0.996901834954822,0.998310463330305,0.99833130252835,0.99833331711592,0.998335105757543,0.998341653232808,0.998493264847254,0.998504251336921,0.998505334922443,0.998509849324319,0.998518840543364,0.99852722809232,0.998527943453064,0.998571513315154,0.998576157061541,0.99860175928055,0.998602096212083,0.998625907686887,0.998626708849035,0.998638291024453,0.998640595324425,0.998644631902963,0.998645212401382,0.998656064568828,0.998659559433027,0.998667584832323,0.998670189014254,0.998672489978369,0.998673668892055,0.998688197823255,0.998690597208647,0.998691873667093,0.998691972319217,0.998697165149373,0.998700517855064,0.998703062085429,0.998703603749743,0.998707248753116,0.998710805781984,0.998814923483169,0.998822299141885,0.998828351803443,0.998828691299015,0.998831185616484,0.998832006833466,0.998838805817766,0.998842129361729,0.998847217199349,0.99884914425439,0.998851890368373,0.998855286951308,0.998858291749156,0.998860018428153,0.998863111781143,0.9988635950298,0.998865284812044,0.998866409556491,0.998871237668634,0.998872972597971,0.998874390457438,0.99887596553724,0.998879965053223,0.998881368251987,0.99888563382867,0.998886537821141,0.999029299153795,0.999032435281289,0.999032816452472,0.99903562191694,0.999039157194934,0.999039368064375,0.999040641564056,0.999041058451782,0.999044401592895,0.999045179223153,0.999048789553052,0.999049864650397,0.99905465250295,0.999055732336002,0.999056620662376,0.999057712491385,0.999059749783943,0.999060481265501,0.999062896046328,0.999063688867973,0.999066125491699,0.999067044920613,0.999068585264312,0.999068845835638,0.999071657610265,0.9990724789242,0.999073972612432,0.999075503919136,0.999135444889864,0.999135708645994,0.99913739418209,0.999137772468085,0.999140485366,0.999141966220069,0.999144512111082,0.999148102640874,0.999155019903256,0.999155157429204,0.999160464331045,0.999160824689389,0.999165019492179,0.999166337708681,0.99916695697899,0.999168563236177,0.999171377105973,0.999171726568073,0.999173751492758,0.999175433548941,0.999176716137069,0.999178641661154,0.999180259304274,0.999180433140435,0.999181055321105,0.999185392566744,0.999187240444254,0.999187669150713,0.999188272306422,0.999188617946047,0.999190836173359,0.999191452174214,0.999193067501292,0.999193312238425,0.999195333965846,0.999195665487388,0.999200402926668,0.999201319133977,0.999228757477886,0.99922957446373,0.999231001413938,0.999231718923189,0.999232433899773,0.999232482964928,0.99923326626134,0.999233301476712,0.99923416296542,0.99923559246368,0.999236059777314,0.999236862429155,0.999237832895029,0.999238460899503,0.999240073275001,0.999240175969506,0.999240907533655,0.999242254251399,0.999243433647038,0.99924489385107,0.999246219385331,0.999247360477973,0.999248493014885,0.999248889347342,0.999250272941742,0.999250480306068,0.999251842301775,0.999251860061258,0.99925230554711,0.999253101378414,0.999253478388487,0.999254926357518,0.999258406183229,0.999259242708972,0.999259878723829,0.999260417539973,0.999261713379736,0.999261867429527,0.999263085046562,0.999263352068467,0.999263387892198,0.999264546421292,0.999265241797466,0.999265282219942,0.999266362347598,0.999266678725174,0.999266894056783,0.999267242874668,0.999268405099508,0.999268929365468,0.999269624900613,0.999269946830714,0.99927257407305,0.99927338323552,0.999274315376929,0.999275498492591,0.999276911182874,0.999277380590767,0.999283072012717,0.999283447021512,0.999284872544811,0.999285243845532,0.999285798338224,0.999286458692365,0.999289040639464,0.999289210672219,0.999289785207563,0.999290008577589,0.999290593730301,0.99929115287068,0.999292104767647,0.999292548553074,0.999293111473863,0.999293899038242,0.999295040212925,0.999295699159993,0.999297375617676,0.999297838545823,0.999299444479788,0.99929954043468,0.999299933810276,0.999300324288416,0.999300638017815,0.999300649624608,0.999303111236296,0.999304503813772,0.999304882238013,0.999305646171964,0.999306440024679,0.999307237381012,0.999307847825361,0.999308060682545,0.999308492047417,0.999309001235044,0.999310067012688,0.999310637484215,0.999313020211394,0.999313864831813,0.999315915919107,0.999316456609676,0.999317942973609,0.999317977335938,0.999319479907294,0.999320320918162,0.999324815650648,0.999326497117379,0.999326835608118,0.999327168277422,0.999328171977943,0.999328909312208
0.772475123014557,0.844639639889763,0.869475820712134,0.890715962189525,0.902633031383772,0.905318482016778,0.915068146109504,0.932413288682736,0.943671265807994,0.947735153097985,0.950232179203824,0.95374405071702,0.963070937931157,0.964415005591696,0.968314619288816,0.971470579082144,0.976460503319911,0.977517102074437,0.979542257706062,0.979778066376121,0.981340159348871,0.983414593353397,0.984038730684487,0.984216486927883,0.984637109734268,0.984863054887703,0.985470534584627,0.985860770078259,0.986181152688371,0.986399664742822,0.986629169879879,0.98671094926326,0.986911399498968,0.987523396502653,0.987640489386098,0.987695965084612,0.988737579450789,0.988796909731657,0.988933585511494,0.9890139580544,0.989175437686971,0.989236484833797,0.99016776342945,0.990204245853623,0.990295124291441,0.990314695444021,0.990733695706822,0.99076509357647,0.991387120299671,0.991564838083775,0.992319976753456,0.992435819690354,0.992527221748439,0.992593940519983,0.993086287996811,0.993137847282221,0.993201976663107,0.993454086380966,0.993505083906885,0.993533773671827,0.994055302629542,0.994063687366519,0.994114093294301,0.994147648732452,0.994251367811378,0.994267814579854,0.994457237924225,0.994496752049878,0.994613634594151,0.994618182891182,0.99465369695042,0.994664442691155,0.994696908787151,0.994715120554037,0.995427623842728,0.995570386566234,0.995734534268261,0.995823855366493,0.99619365416713,0.996204690098743,0.996278049735958,0.996356794893971,0.996420848567237,0.996427900132163,0.996441494169916,0.996594659083429,0.996705636729206,0.996742113065285,0.99686209500649,0.996931887887274,0.997021149623102,0.997030002471722,0.997090337540257,0.997132936614957,0.997190261100874,0.997234350475342,0.997263178836181,0.997274981836865,0.997312602322369,0.997381738879075,0.997404981678701,0.997412777947672,0.997464666095814,0.997475942382203,0.997498155247506,0.997544528157002,0.997599026809352,0.997619128400235,0.997657897777428,0.997662868809935,0.997688761484699,0.997694016384621,0.997716133010442,0.997759473233062,0.997816838839977,0.99782564469747,0.997852786346758,0.997873324390967,0.997895873402988,0.997906293387024,0.997926419000265,0.997930047652094,0.997986707892101,0.997996002200094,0.998006922410419,0.998033765771678,0.998055988758448,0.9980717317166,0.998089960590318,0.998112067716644,0.998137964657849,0.998146376568172,0.998156728821947,0.998164770419183,0.99818102743867,0.998192957490587,0.99821432802075,0.998221287324314,0.998232140927412,0.998245480049472,0.99827016067812,0.998275879901496,0.998291332226063,0.998294600393854,0.99831093468152,0.998315422280228,0.998339646557628,0.998347676526527,0.998351064594628,0.998361067870814,0.998368344973899,0.998380337654642,0.998393303693663,0.998404965763196,0.998414752473188,0.998421332152678,0.998428512166939,0.998444336393253,0.998456234443881,0.998469049248669,0.998477776712031,0.998478874443906,0.998487721962231,0.998493257821915,0.998506190026598,0.998514297642666,0.99852210695195,0.998527639209113,0.998531780527643,0.998538130983435,0.998544419371772,0.998554453941912,0.998563157830813,0.998570902692519,0.998582838984357,0.998586669834521,0.998591472431131,0.998596588711247,0.998604327973241,0.998611699684593,0.998616418122782,0.998617836793275,0.998627722470671,0.998634071946368,0.998639650293318,0.998642419936561,0.998648255075493,0.998649469713551,0.998657088670454,0.998661128229491,0.998664902205752,0.998669273802215,0.998673230693982,0.998678085833127,0.998685688565828,0.998695625287221,0.998706450858713,0.998709281775369,0.998716800597454,0.998722413749013,0.998723818061017,0.998728461958083,0.998730990614299,0.998734071001895,0.998736960434553,0.998740763988333,0.998742482907626,0.998745278668683,0.998756944079232,0.998757698806517,0.998761142041519,0.998763473034768,0.998770260837435,0.998771822745745,0.998775966399846,0.998778195494528,0.998781337653402,0.998782807105519,0.998789490092305,0.998792168660745,0.998796835538732,0.998797568054386,0.99880233269996,0.99880321609955,0.998804654133706,0.998808388937482,0.998813160770967,0.998815172849164,0.998816860538571,0.998818946566404,0.99882272309466,0.998823949796695,0.998827191843802,0.998828148235041,0.99883266800522,0.998835338640712,0.998836545491878,0.998838306170414,0.998840871455322,0.998842735578895,0.998844840418794,0.998847975147087,0.998850528871005,0.998852001174246,0.998853910736926,0.998856169847522,0.998860544202993,0.998864714501697,0.998868494261446,0.998871899295585,0.998876495037131,0.998877323044803,0.998879508672943,0.998887581531017,0.998891431280221,0.998896696673345,0.99889785499364,0.998899213442813,0.998901634883564,0.998904435794459,0.998905965500644,0.998907444544252,0.998909544605818,0.998910581414186,0.998913497356065,0.99891437981246,0.998917185510231,0.998918503622495,0.998921437554432,0.998921748880212,0.998925602208619,0.998926698574664,0.99893431577977,0.998939379831326,0.998942476706121,0.998944745565933,0.998946566777158,0.998946692613727,0.998950679268842,0.998952114950826,0.998957323187204,0.998958242236972,0.998960365061736,0.998962245805873,0.998963202596573,0.998964540818559,0.998966591104667,0.998967053846314,0.99896848163546,0.998969081869679,0.998970247283201,0.998972806298047,0.998974428416075,0.998975193644485,0.998980456829269,0.998982607339153,0.998983229026783,0.998983263802078,0.998984597562681,0.99898503324008,0.998986143169978,0.998988588168362,0.998990262201447,0.998992395172773,0.998994964866187,0.998996402925236,0.998997946217066,0.99900044884523,0.999001312616205,0.99900180055571,0.999002995881239,0.999004343672629,0.999005379516973,0.999007793911881,0.999008667972285,0.999010763988103,0.999012510189355,0.999012810138677,0.999013199973834,0.999013622336544,0.999015376004568,0.999016060604749,0.999016763082978,0.999019363845389,0.999021334315922,0.999022089682023,0.999022244996475,0.999023786360971,0.999024966334448,0.999025554567173,0.999026955142342,0.999028863486159,0.99903012479478,0.999030803718379,0.999032897670427,0.99903396090301,0.999034832426815,0.999036343075891,0.999036769641781,0.999037719889063,0.999038452303079,0.999038924043366,0.99904063758776,0.999043255453472,0.999046043696003,0.999047185360475,0.999048529090004,0.999049241961471,0.999051452719601,0.999051807003834,0.999053316709197,0.999055828662718,0.999058836756532,0.999059041590653,0.9990595814665,0.99905997799839,0.999061235092935,0.999061285089878,0.999063233244003,0.99906404971137,0.999064776439965,0.999066104244287,0.99906776524192,0.99906944222925,0.999071514378569,0.999072204926205,0.999074608728085,0.999075782740653,0.999076935152608,0.999078779063384,0.999079423312826,0.999080263251356,0.999081643363267,0.999082514376386,0.999084612784013,0.999085268089586,0.999086174496716,0.999086748220945,0.99908834472687,0.999089938250807,0.999090709639781,0.999090985856516,0.999092639085316,0.999093717417203,0.999094312420064,0.999094536654181,0.999095905865491,0.999096879519058,0.999099685706802,0.999100490814272,0.999101249699491,0.999101635181299,0.999103104438037,0.999103251173976,0.999103801843887,0.999104206215231,0.999106145633527,0.999106826913497,0.999107660698259,0.999108301461986,0.999110796297039,0.999112074554225,0.999112999458058,0.999114926550148,0.999117086451221,0.999117871524405,0.999118319088076,0.999119161497802,0.999120491568768,0.999120542618592,0.999122474266323,0.999123904780403,0.99912426369593,0.999124834530528,0.99912716257215,0.999127596163419,0.999128953522684,0.999129301472275,0.999130194747502,0.999130853880015,0.99913158191878,0.999131745558771,0.999133256821047,0.999133640473964,0.999135606996665,0.999135780387556,0.999136580255808,0.99913716033222,0.99913834808883,0.999139824880516,0.999140281993315,0.999142706501183,0.999144317548447,0.999144852081334,0.999145679299822,0.999146821814586,0.99914791000755,0.999148710298134,0.999150621906185,0.999151252238118,0.999152234738145,0.99915240394341,0.999152941590584,0.999153798049856,0.999153879499996,0.999154612882633,0.999156203105144,0.99915806220813,0.999159333882751,0.99916031537724,0.999161220627944,0.999161928273413,0.999162158155715,0.999163206927606,0.999163934356494,0.999164544627326,0.999165290883541,0.999165802028317,0.999166401616574,0.999166930108188,0.999167531697112,0.999168157159816,0.999168420661375,0.999168927253882,0.99916930542391,0.999170040974312,0.99917099232809,0.999171632623598,0.999171928121969,0.999173504499075,0.99917522430019,0.999177353177082,0.999177826273102,0.999178346112273,0.999178663661035,0.999178847308403,0.999179973878359,0.999180987152366,0.999181358255805,0.999182165193568,0.999182505099036,0.999183373822754,0.999184190817513,0.999184919854531,0.999186269890957,0.99918641906409,0.999210054181136,0.999211342541628,0.999211842260062,0.999212039628249,0.999212770513813,0.999213663630192,0.999214901575337,0.999215699916152,0.999216251718089,0.999217323199678,0.999218363206068,0.99921971260123,0.999220608727286,0.999221638063547
0.82220188278062,0.835759641586508,0.842472847213058,0.869666165736826,0.879349362986072,0.887739428920024,0.89849636403476,0.903424507329169,0.924206823826353,0.937143970527588,0.940594557632026,0.946209870206509,0.952928347989835,0.953714970445237,0.96141100546705,0.96462144325126,0.96693715936553,0.967924549130678,0.97269538047534,0.973300239162504,0.976620087823485,0.977788281334959,0.980061162525355,0.980547304192402,0.981425524027944,0.982227332240487,0.983473179264679,0.983621097477553,0.984849255585523,0.985183973598583,0.98574084872052,0.98607366961754,0.987391608297388,0.987531862828926,0.988543420795554,0.988662398215278,0.989252623177656,0.989612509001235,0.989750632625513,0.99008071524889,0.99038560397697,0.990461369389626,0.990690672523693,0.990803047628409,0.990961462829705,0.990989497164619,0.991223675655228,0.99126983707553,0.991442182544094,0.991527396102442,0.991654215131478,0.991780535455888,0.991921538954488,0.992460269878553,0.992623764283581,0.992681518822576,0.992722720559751,0.992754481377092,0.99302207853883,0.993362951027862,0.993459109417556,0.993490815243208,0.993524796404271,0.99355090678275,0.993589126321044,0.993641856196125,0.993701844254582,0.993734155614441,0.993806442540229,0.994120054371141,0.994440748618066,0.9944592884603,0.994671080382717,0.995044975790842,0.995096641411689,0.995161041261157,0.995206320559663,0.995301171497039,0.995415222682214,0.995489743620569,0.995571540307953,0.995842376693048,0.995859623202319,0.995879645585562,0.996038973922445,0.996060664344952,0.996205035364573,0.996214690990925,0.996361490851515,0.996417821625258,0.996610614386156,0.996625680562992,0.996716005243505,0.996747179963701,0.996863133209643,0.996914852542345,0.997044834940211,0.997061812869721,0.997166425415801,0.997169242725053,0.997291471270883,0.997295535901623,0.997346833981516,0.997353212262893,0.997409490374597,0.997420491492592,0.99747816179084,0.997517140605298,0.99759971801304,0.99761975494964,0.997656132784782,0.9976728612569,0.99771267632437,0.997729148054588,0.997766929447497,0.997796611543319,0.997806811028965,0.997817372852254,0.997837263113822,0.997848412994897,0.997881310713379,0.997887022036402,0.99792382691102,0.997947091793993,0.997961809431241,0.9979757099002,0.9980064267677,0.998021165204085,0.998044457466101,0.99804997585793,0.998069626189824,0.998082836527002,0.998093885160709,0.99810152283456,0.998115631418251,0.998119225492069,0.998136010418203,0.998141003531639,0.998159497455574,0.998166154054148,0.998178100609965,0.998190982373158,0.998219424863129,0.998224739193548,0.998244719715872,0.99828698437779,0.998298703402028,0.998307128380389,0.998326894102144,0.998332481609327,0.998345827563923,0.998347178790771,0.998352726101809,0.99836362765437,0.998371446231121,0.998374967743362,0.998388946800731,0.998395259662021,0.998408948795289,0.998410816563355,0.998417543969827,0.99841891866591,0.998487411005034,0.998491224225664,0.998495262402276,0.998500126596453,0.998503294260714,0.998508091144544,0.998510827794315,0.998518019495773,0.998521384604731,0.998525334928457,0.998537524163229,0.998543345658438,0.998549232708117,0.998554079830959,0.998559060038341,0.998560820051443,0.998565272813398,0.998568920132318,0.998599936907738,0.998604287505192,0.998613961093344,0.998617760547876,0.998620468959161,0.998624704055494,0.998635644220732,0.998640037442548,0.998647291039961,0.998650757486606,0.998684537477772,0.998693299090692,0.998698279922803,0.998699894020856,0.998708176740558,0.998713472021648,0.998718097044878,0.998719405526949,0.99872442293571,0.998726688118496,0.998734770544657,0.998737553663042,0.998742047180404,0.998743663125855,0.998752086226282,0.99875532489709,0.998762316190608,0.998765073517123,0.998768512596174,0.998772314542607,0.998780483514594,0.998782070940965,0.998803199813011,0.998805218243755,0.998807751044154,0.99881516036852,0.998819850480285,0.998822386361707,0.998826777033016,0.998831571712087,0.998837262802508,0.99883779766435,0.998839758547236,0.998842491609872,0.998845381845697,0.998858923690106,0.998862417539763,0.998864747210758,0.998885279442822,0.998887108919828,0.998888975692595,0.998893597108242,0.998902380270015,0.998904655582486,0.998907743404393,0.998912933928245,0.998918574532784,0.998920910413881,0.998922892846047,0.998926806162876,0.998947744535571,0.998949702181308,0.99895418530449,0.998958417842536,0.998964573512806,0.998964628798267,0.998972813681316,0.99897362424068,0.998976709757807,0.9989772764234,0.998979270562547,0.998986961539498,0.998992560095835,0.998997806911479,0.999002816463851,0.999005949606648,0.999008668025804,0.999010070339756,0.999012883366873,0.999015708688437,0.999019043873961,0.999020221445964,0.999022198249894,0.999023883969809,0.999028362625235,0.99902982978939,0.999033736868102,0.999035256645997,0.999038831617258,0.999039267666387,0.999041396873273,0.99904482751589,0.999048837705248,0.999049597325347,0.999053490955566,0.999056447546415,0.999060167161197,0.999060201652824,0.999062675090607,0.999063830823924,0.999070989740383,0.999071735287212,0.999074562034563,0.999078373060391,0.999080845131225,0.999082104033929,0.999084883620637,0.999089569216096,0.99909294475516,0.999096538395515,0.999099553094484,0.99910137698077,0.99910401591218,0.999105568679197,0.999108968114497,0.99911029495546,0.999112567551014,0.999112858197849,0.999117303885485,0.999121210005649,0.999129392661194,0.999130606061128,0.999134737645291,0.9991371535353,0.999138971253066,0.999139598788606,0.999142943941087,0.999145392105196,0.999148116074879,0.999148779432929,0.999151201470354,0.999153003385256,0.99915766881598,0.999159017551061,0.999161344042534,0.999163015918725,0.999165304066184,0.999166862480837,0.99916771427388,0.999168407033359,0.999169839875646,0.999171235016126,0.999174549231171,0.999175326279093,0.999175625155252,0.999176132979283,0.999180029840904,0.999180774049603,0.999183928535202,0.999188092564212,0.999189328314849,0.999189621280693,0.999190067608877,0.999190318776712,0.999190861283557,0.999191388327747,0.999193687617801,0.99919486221302,0.999195570029586,0.999196783643266,0.999198117286708,0.999198992893661,0.999199537942259,0.999200839489776,0.999202809938786,0.999202906815889,0.999204731623229,0.999205117293809,0.99920669648575,0.999207431379349,0.999209570721841,0.999210844452248,0.999211495259849,0.999212068345048,0.999212292172721,0.999212791485476,0.999217090325327,0.999218318529179,0.999219869951725,0.999219929102817,0.999222956622515,0.999223840662471,0.999225189803645,0.999226666475277,0.999228222529234,0.999228289671585,0.999229075421379,0.999231685491797,0.999233486270509,0.999233922284394,0.999236629822091,0.999238521106236,0.999238921640474,0.999239202667418,0.999242047904935,0.999243949298396,0.999244861242749,0.999245276466811,0.99924742985377,0.999248073357915,0.999250379949376,0.999250516067082,0.999251483826968,0.999251847296525,0.999252665023407,0.999252986371125,0.999253916557413,0.999254745687589,0.999256079416818,0.999256351196918,0.999261830211667,0.999262604187029,0.9992637865421,0.999264414854966,0.999266020772244,0.999266595848581,0.999268438995699,0.99926955399793,0.999272037220227,0.999273109994892,0.999274850069542,0.999275302172136,0.999276056691168,0.999276909399687,0.999278630069881,0.999279337395675,0.999282440981878,0.999284490214006,0.999286002198381,0.999286351315874,0.999286938356231,0.999287366300384,0.99928786694144,0.999288052049864,0.999288292863995,0.999289021078088,0.999289860651412,0.999290945804144,0.999292935477338,0.999294830043429,0.99929662822768,0.999296867052474,0.999297457456122,0.999298120129969,0.999299193793459,0.999299717567701,0.999301221854472,0.999302242260583,0.999303434978845,0.999304661031189,0.999305279298104,0.999305791659208,0.99930645108689,0.999306660176883,0.999307797776379,0.999308114775803,0.999309799843839,0.999310024487741,0.999311530658565,0.999312116009196,0.999312529772182,0.999313485432638,0.999313846508921,0.999315438367093,0.999316119743682,0.999316438001888,0.999316899287841,0.999317483612859,0.999319696255657,0.999319724372388,0.999320513757594,0.999320894834702,0.99932190350825,0.999321981993633,0.999323161386574,0.99932400699051,0.999325139131768,0.999325795566982,0.999326520368074,0.999327163512881,0.999328281603176,0.999328371983987,0.999328977877109,0.999329479673465,0.999329734821158,0.999330107752283,0.999330870118107,0.999332838079571,0.99933335755839,0.999335047566964,0.99933591248653,0.99933593864745,0.999337106385386,0.999337567353397,0.999338328623219,0.999338502001086,0.999339140498165,0.999339279795511,0.999340000097585,0.999341149411227,0.999341304811249,0.99934229795228,0.999343963620347,0.999344315750978,0.999344980739578,0.99934513528777,0.999345370864443,0.999346087139382,0.999346221666875,0.999346407375802,0.999346744640899,0.999347553097532,0.999348158232339,0.999349749494458,0.999350000552263,0.999351328698463,0.999351987529278,0.999352265634528,0.999352599664541,0.999352799033674
0.744541732566115,0.816499915927449,0.832747039086982,0.83785989559347,0.855862822472296,0.87558235146255,0.896406943504104,0.905553273124795,0.914146622294301,0.922457805488324,0.93956000120032,0.94006068227708,0.942208628146607,0.943300770300592,0.95032728899604,0.952256377014259,0.955384097591275,0.955688225516671,0.959882687313537,0.960904768811276,0.962672880308501,0.963378169096402,0.967008389404597,0.970466546941522,0.974140435603628,0.974749680620046,0.97760996768794,0.978598796082221,0.980326882989902,0.980948607572794,0.983614213955899,0.983798076152983,0.985482688390633,0.985867118678747,0.986569855375274,0.986818211700976,0.987505429873515,0.987832866676209,0.988374197049576,0.988580790671652,0.988932709402227,0.989076428344313,0.98934921949224,0.989552580722127,0.989778879800774,0.989883988906822,0.990092743356945,0.990171587610251,0.990338710710877,0.99043770629747,0.99050976579889,0.990559909850738,0.990718280332912,0.990783346317725,0.990906942913581,0.991149926014871,0.991320756394459,0.991348340040019,0.991417855828855,0.99147113167853,0.991533099134747,0.99157625864737,0.991648569347157,0.991734386513577,0.991784009078276,0.991805105589296,0.991957423549549,0.99198650145753,0.992165802693081,0.992200093390945,0.992279110571644,0.992296279801839,0.992387538205415,0.99240148283728,0.992441015271925,0.992464986779777,0.992503362568908,0.992522684906592,0.992562580725861,0.992585071834596,0.992648324570517,0.992694628993557,0.992718726242864,0.992742415597441,0.992785201474739,0.992809812159314,0.992846370902106,0.992856437304056,0.992889672435339,0.992893961165705,0.992926035906813,0.992939050150388,0.992964743772162,0.992974416350592,0.993003225742915,0.993020089916711,0.993039897264506,0.993066700116049,0.993085409080522,0.993102343437103,0.993122727872968,0.993134628876319,0.993145779810514,0.993168567525696,0.993199808211753,0.993208517680912,0.993219384682685,0.993238213810955,0.993245703833511,0.993267640936212,0.993280252904305,0.993341246079495,0.993400928561543,0.993414626853663,0.993430507115609,0.993446264192772,0.993461876064185,0.993466032409292,0.99349989941095,0.993504759551762,0.994096844522589,0.994101750509821,0.994190563736981,0.994194067500431,0.994278186708868,0.994287038716577,0.994296131767235,0.994308868414557,0.994319510619493,0.994330026848278,0.994347943583987,0.994774118714051,0.994925851812513,0.995189026034761,0.995224848661719,0.995239528311458,0.995357183200238,0.995366811970188,0.995373199250812,0.995378517330082,0.995388056805615,0.995390707935335,0.995520000136338,0.995527235026746,0.995758676681724,0.996015729871243,0.996103217527783,0.996120949361394,0.996148055721287,0.996151613625331,0.996227280942111,0.99623310102564,0.996254638503004,0.99625889422325,0.996268110651475,0.996278089429028,0.996538348721527,0.996545705791099,0.996741658720806,0.996745962383361,0.996907645386684,0.997146968888184,0.997163839996561,0.997167009571192,0.997264004587301,0.997270978318129,0.997321345264564,0.997352527961624,0.997357373558238,0.997374345257833,0.997538973743676,0.997543762854331,0.997656304056222,0.997670376408528,0.997694310055379,0.99769920122886,0.99773412315334,0.997738388220017,0.997847346465057,0.997853632399491,0.997880867322449,0.997889686694314,0.998059566952029,0.998067763458606,0.998157767599143,0.998176593673419,0.998210330121937,0.998223958198101,0.998249129363947,0.9982619783525,0.998296484250553,0.998308823220022,0.998322923549132,0.998335831192307,0.998363903084138,0.998373506888415,0.998396905112887,0.998413183866022,0.998424893225383,0.998429308724528,0.998447087536211,0.99844861357518,0.998451893537189,0.998460834746297,0.998485382672068,0.998494307715239,0.998500512579893,0.998503774505178,0.998514790842955,0.998517819300435,0.998546987031886,0.998551696442028,0.998556541659593,0.998558693305068,0.9985704163227,0.998577566021626,0.99859426318046,0.998604094625291,0.998614405453559,0.998626129730151,0.998643247216308,0.99864980723217,0.998664171908743,0.998665680424003,0.998675358129199,0.998677470018599,0.998679076933865,0.998683200346834,0.998691685140355,0.998698873938174,0.998701464033109,0.998702573542249,0.998724302136397,0.998734114323471,0.998749503120644,0.998753380018874,0.998757123375549,0.998770225905665,0.998775476114268,0.998778011330556,0.998782702525016,0.998788326996648,0.9988043013705,0.998805937795108,0.998808523517397,0.998813298093471,0.998818077323624,0.998821494871643,0.998824079488632,0.998825134062429,0.998827986989812,0.998829360332454,0.998842360261056,0.998843058616066,0.998846392533184,0.998850403082718,0.998855198481119,0.998862845985773,0.998868798523519,0.998870869339187,0.998875407875117,0.998877898761457,0.99888063436063,0.998882127161293,0.998889725037789,0.998893894950754,0.998896231267741,0.998900076699588,0.99890547344668,0.998907100637814,0.99891926253356,0.998922069873924,0.99892713328456,0.99892990189884,0.998932437672233,0.998933122858762,0.998934385134903,0.998939065922978,0.998943715037188,0.998945716477077,0.998949313558042,0.998951807126705,0.998957064540988,0.99895971764254,0.998962783513955,0.998963420375652,0.998965174836166,0.998969893628693,0.998975400664036,0.998976226907909,0.998980871206808,0.998984331554533,0.99898756105984,0.998988559537377,0.998991519415983,0.998995275602631,0.99899758635151,0.998997781362068,0.999001206336708,0.999002823196006,0.999007853100145,0.999009584293568,0.999012349518074,0.999013935627065,0.999017367010813,0.99901852767482,0.999022806401965,0.999023498695906,0.999027702420706,0.999030587417792,0.999032132993986,0.999034182687726,0.999036936722424,0.999040529013365,0.9990411242274,0.999042840172872,0.999047938854947,0.999050230353983,0.999053484325022,0.999056046600867,0.999056882039924,0.999057831973934,0.999059705527301,0.999062688601262,0.999064304653543,0.999065154754202,0.999068568785034,0.999069767131684,0.99907334754576,0.999074640877825,0.999075999108322,0.999077011926529,0.999079201388058,0.99908066034323,0.999081942793575,0.999085641606741,0.999088052223098,0.999088428330543,0.999090734112635,0.999093212465893,0.999096850780649,0.999100564787918,0.999101563648915,0.999103136757727,0.999107238260752,0.999108283424789,0.999111877329495,0.999117541470682,0.999120822457067,0.999121212224215,0.999122365267884,0.999124097501778,0.999127016803072,0.999128210994186,0.999130051785175,0.999132176255227,0.99913610035245,0.999136711006489,0.999140033355512,0.999141289544942,0.999148321218236,0.999148838748115,0.999150498107983,0.999151299502915,0.999153758827488,0.999154834420398,0.999158519406808,0.999160689260346,0.999162960577636,0.99916365479168,0.999165550483735,0.999166742087883,0.999167651347549,0.999168655422667,0.999169969652864,0.9991711630403,0.999173970822098,0.999174808879499,0.999176862836771,0.999177617378727,0.999179785677068,0.999182388597043,0.999183188110311,0.999185328927167,0.999187304711723,0.999188442593414,0.999191006417573,0.999192179558076,0.999192731823218,0.999193475503853,0.999196964928799,0.999198844364426,0.99920075107921,0.999201628265003,0.999202585927194,0.999202858020323,0.999204768765425,0.999205980342016,0.999210164258425,0.999211095337339,0.999213270760039,0.999213305576822,0.999214628388813,0.999216379511201,0.999217583842172,0.999218503835721,0.999219323486271,0.999220119795634,0.999221860190598,0.999222367745084,0.999223008005768,0.999224120395631,0.999225593009378,0.999226177308271,0.999228034636082,0.999229355299415,0.999231539842482,0.999233510842708,0.999235578446805,0.999236578233629,0.999239346742543,0.999239399520769,0.999244165604383,0.999245476094782,0.999246986005031,0.999248109921693,0.99924921768203,0.999249565166249,0.999251536714902,0.999253842220616,0.999254968070894,0.999255761176332,0.999257861911368,0.999258147090495,0.999258464845012,0.999259762568842,0.999260567585137,0.999260928119724,0.999261856709731,0.999262221715504,0.999262671949331,0.999262762403831,0.999263610006694,0.999264394501063,0.999267399961177,0.999267725461094,0.999269783400962,0.999271272797547,0.999272065099451,0.999272242870612,0.999273879745465,0.999274766713471,0.999276845901658,0.999277172073119,0.999278751907278,0.999279272189285,0.999279658203866,0.999279872294136,0.999280656899896,0.999281700056997,0.999283073998624,0.999284614997665,0.999288785883509,0.999289408397585,0.999289619864859,0.99929067673832,0.999291469270126,0.999291674066872,0.999292746562914,0.999292846452026,0.999295094400704,0.99929570029936,0.999297181279425,0.999297325472477,0.999298802028172,0.999300160581336,0.999302481296507,0.999303319676265,0.99930385156667,0.999304012657714,0.999304472762722,0.999304808334705,0.999305438025495,0.999305943309773,0.999306972452271,0.99930762472314,0.999308295379364,0.99930918927651,0.999310233323183,0.999310519838625,0.999311755034666,0.999312688495003,0.99931347573724,0.999313881555757,0.999315197595601,0.999315822697454,0.999315870139018,0.999316043059324,0.999316663163569,0.999317980318456
0.826361100813744,0.85921953079832,0.870697899325143,0.881296644327629,0.89027723073584,0.905253508688144,0.910523208600864,0.933800920076876,0.941381927405276,0.950295013292091,0.956352549523099,0.957847567271146,0.963250914812054,0.966143238648189,0.967934876106735,0.969215831774313,0.972418437708866,0.973435085900826,0.974256087670941,0.975196495065251,0.9763348487402,0.976861203608593,0.977853359459634,0.978689608618205,0.979599151893293,0.981716406788191,0.982132835344965,0.982565279392025,0.983173488734798,0.983306972624082,0.983550960697673,0.983632787987864,0.986328900727369,0.986468351058831,0.986664591530881,0.98673044131839,0.986938287614454,0.987008277806247,0.989408173712087,0.989451443769231,0.989629184836768,0.989770953557537,0.989932853727067,0.989946573236178,0.990112368840623,0.990147867410251,0.990342892222649,0.990391562092974,0.99053599723955,0.99056286786082,0.990687127737325,0.991020093419481,0.991140373187565,0.991163341193921,0.991355745779484,0.99140018738705,0.99144803917437,0.991484170081533,0.991527642376312,0.99153513968547,0.991589838226055,0.991606682343353,0.991629369392371,0.991657330311472,0.991715345735109,0.991733418247382,0.991760065942752,0.991766613562474,0.991802825263394,0.991818483863645,0.991870397387637,0.991895633065622,0.991917149370229,0.991936265880542,0.991992088710753,0.992006127871855,0.992026387953342,0.99204408088841,0.992062458687529,0.992066359304189,0.992086967001358,0.99211746612559,0.992131169042769,0.99213599664812,0.992149346119383,0.992154084390791,0.992165588017173,0.99216843838083,0.992192324188101,0.99220548766014,0.992218373351145,0.992245908854891,0.99230207672603,0.992311571913055,0.992382241698708,0.992392794054409,0.992413229855797,0.992469971273368,0.992481467296625,0.992494280449494,0.992530668818018,0.992540376091724,0.992568916519932,0.992572848724494,0.992592190603484,0.992634841483416,0.99271449078811,0.992743027053486,0.992809633986477,0.992813380343829,0.992819623552647,0.992830467692799,0.99284232175251,0.992848044591622,0.99293196834629,0.992939092264852,0.992982130519082,0.992985611243317,0.993328146734012,0.993330990426934,0.993335221588057,0.993558319202116,0.993743397194017,0.993748723543568,0.993753283605746,0.993759656797111,0.993780772183866,0.993782850888918,0.993948280257692,0.993952825195874,0.993967183223795,0.993969603146569,0.993979136630605,0.993983886002177,0.993998799534221,0.994004503994338,0.994014382143958,0.994017249059064,0.994062467980522,0.994070855717355,0.994125402768049,0.994128771362178,0.99413689175799,0.994142546924328,0.994291967885703,0.994296230845,0.99456064570015,0.994568108856591,0.994572676101404,0.994660969829875,0.99466979245284,0.994786207978651,0.99484137176701,0.994848073137332,0.994865220555521,0.994870805035242,0.995077214908658,0.995079545063295,0.995093063998538,0.99516204056149,0.995234116201428,0.99523731501342,0.995257478426001,0.995265196094157,0.995297385703111,0.995305279399299,0.995330283298501,0.995339699595632,0.995348904476065,0.995409517346605,0.995415485341836,0.995426639820869,0.995515631424538,0.995530999747887,0.995538762478104,0.99554567091075,0.995556275276031,0.995559740979878,0.995681500307491,0.99568755856416,0.995693419959332,0.995698587861696,0.995705675587916,0.995706914937221,0.995773699517334,0.995842499619764,0.995957252877257,0.995959690891304,0.996020595107149,0.996023002169533,0.996132469166993,0.996137013334793,0.996138730506111,0.996141774470878,0.996239230768886,0.996241843388476,0.996253470254592,0.996254197503833,0.996426996909409,0.996429758325379,0.996748469325019,0.996751069922033,0.996795872886559,0.996811960748489,0.996842845137693,0.996844676565304,0.997035713232908,0.997037551391638,0.997071217529234,0.997071684841383,0.997233544750778,0.997235598918623,0.997270100556935,0.997272926472965,0.997406613041216,0.99741054237839,0.997462460465744,0.99746489295829,0.99755225877034,0.997558467758565,0.997685593198953,0.99775424841946,0.997765198499955,0.997785411120614,0.997794820997369,0.99779564675855,0.997848669826881,0.997861782046121,0.99802312519138,0.998051945067303,0.99816032740091,0.998208287937685,0.998251756386711,0.998256315799987,0.998261383451991,0.998280321999725,0.998303760295528,0.998308417538753,0.99831977109516,0.998340014563316,0.998399722767151,0.998403328135217,0.998446625296635,0.998468762300712,0.998519811002982,0.998529145366374,0.998535359519962,0.99854117884801,0.998554189626552,0.998571809696395,0.998596634515358,0.998603883325754,0.998609677090408,0.998621441899555,0.998630651540239,0.998663726708681,0.998677107013454,0.998687932273325,0.998706133132888,0.998715367553141,0.99872926582426,0.998732412687705,0.998742229388927,0.998742567239369,0.998750349687715,0.998761335695632,0.998773166613648,0.99877655132149,0.998786854750365,0.998794421219358,0.998801254125768,0.998820517921631,0.998833503869729,0.998838826734919,0.998841080913683,0.998841596785411,0.99885096174463,0.998869871769833,0.998892503673533,0.998895933363804,0.998899926097117,0.998907989798325,0.998930792330164,0.998937664882483,0.998948314042625,0.998949594486459,0.998956306844239,0.99895790596662,0.998963146169006,0.998971568382119,0.998974000874045,0.998975628155624,0.998979187008995,0.99898726270649,0.998999130091704,0.999001337783517,0.999007861489208,0.999014868147603,0.999021831850178,0.999024517733756,0.999032193178856,0.999032403020405,0.999036251325477,0.999037995643191,0.99904007621038,0.999042127676668,0.999048434678092,0.999050422051399,0.999053112026124,0.999055403558066,0.999061729939421,0.999062928996454,0.999065191106993,0.999068802743551,0.999076553329323,0.99907985077155,0.999085063757778,0.99908665691315,0.999089881669743,0.999100720353398,0.999103144998778,0.999105253953502,0.999111088239828,0.9991124056197,0.99912223954079,0.999124030514874,0.999128012323025,0.999130805393609,0.999133716048665,0.999134702213387,0.999138100102339,0.999139545543387,0.999142098619708,0.999144878530855,0.99914684652648,0.999148930195003,0.999152773095873,0.999153154358747,0.99915566751694,0.999157159379191,0.999161162156125,0.99916416039261,0.999166739259598,0.999168215613318,0.999171018108761,0.999172866804349,0.999174694017952,0.999176160987812,0.999181566959121,0.999185148320582,0.999187411232652,0.999188944949715,0.999191690995559,0.999192468773416,0.999193930056959,0.999195547487837,0.999197513670965,0.999200491673849,0.999202488750463,0.999204487550603,0.999208240797187,0.999208885765707,0.999213367563711,0.999215491359664,0.999219611756539,0.999219689446248,0.999221051262807,0.999221768960178,0.999223769001809,0.999224252238866,0.999228503047947,0.999229855434276,0.999230945994541,0.999231526813586,0.999232137609689,0.999233046071813,0.999234824525007,0.999236487076101,0.999237889518704,0.999238160704542,0.99923878658329,0.999239198333751,0.999242219097298,0.999243739978128,0.999244926583568,0.999245436328601,0.999247894037727,0.999249667194534,0.999252331613962,0.999252974477401,0.999256793616898,0.999258016672658,0.999260725801894,0.99926093352292,0.999262551325009,0.999262943804648,0.999264125330743,0.999265878198862,0.999270472660849,0.999273720520948,0.999277102680605,0.999277705502824,0.999278573289921,0.999279681873967,0.999280499949593,0.999281338877291,0.999281878241603,0.99928264042641,0.999285139151827,0.999286294554266,0.99928817403564,0.999288892883816,0.999290456452796,0.999290939456467,0.999292030446066,0.999292508508882,0.999293280989435,0.999294037734303,0.999295499644029,0.999296786573848,0.999297486664804,0.999299485565528,0.999300442777746,0.999301436562611,0.999301664765257,0.999303360908028,0.999307734716627,0.999308960290403,0.99931099061981,0.999311233887287,0.999312377422789,0.999313309001629,0.999315168210346,0.999315452847209,0.999317051798039,0.999317988967578,0.99931974878176,0.999320340007648,0.999321038439228,0.999321712851719,0.999323858736254,0.999324426580116,0.999325965407344,0.99932824542564,0.999331745014435,0.999331919185748,0.999333334851505,0.999334402163565,0.999336412473231,0.999336882155027,0.999337688576636,0.999338400982027,0.99933931632106,0.999340492578877,0.999342355005716,0.99934366448054,0.999344589925535,0.999344681396159,0.999346118231834,0.999346177461632,0.999347226661391,0.999347885552482,0.999349189749281,0.999350542353307,0.99935191979731,0.999352844281908,0.999353889774068,0.999354201715059,0.999354509177119,0.99935492306811,0.999356547285129,0.999358062924453,0.999358970767573,0.999359430933388,0.999361303053426,0.99936267739352,0.999363985795436,0.999364397343243,0.999365031831773,0.99936707298711,0.999367660221138,0.999368415432427,0.999369140060949,0.999370184180301,0.99937258675817,0.999373152087017,0.999374016355395,0.9993747141844,0.999375778148934,0.999375993699202,0.999377054732583,0.999377544733916,0.999378775092825,0.999379466022724,0.999380296229182,0.999381032865216,0.999381858648921,0.999382758180697,0.999383740927684,0.999384761304002
0.745635810478578,0.778921820109533,0.840844819713924,0.851999002553199,0.884381797135082,0.900321486638717,0.910950733018537,0.928037138121948,0.931165083200813,0.943106267346453,0.952109266424345,0.953382133785869,0.963989624821717,0.967533047510781,0.973249457470214,0.974881814193501,0.97766742292318,0.978195875666813,0.978978236741669,0.979565030321852,0.982459789944733,0.982857934400026,0.983574492768307,0.983968626691836,0.984797470309559,0.98533507931656,0.985770180736567,0.986024286307374,0.986551164842286,0.986645453163791,0.987843425975864,0.988030861878979,0.989121506645178,0.989242517538649,0.990086403086936,0.99022057605002,0.99051890852941,0.990683034232819,0.990798029193736,0.990845574502022,0.990921124224692,0.990977572160986,0.991217524696496,0.99127173490733,0.991334334453775,0.9913799189252,0.991447564140792,0.991491890732537,0.991569996272218,0.991756237224073,0.992186802531088,0.992266734785504,0.99232860273923,0.992372774369702,0.993286881923583,0.993310536691557,0.993394807137711,0.993417121468406,0.993503740695398,0.993516458257071,0.993567717704785,0.993596025922448,0.993622625997987,0.99365409929051,0.993766503625349,0.993781801254954,0.993862905861669,0.993878781338756,0.993969710404712,0.994148724067058,0.99419617043281,0.994246612320285,0.994454799393698,0.994462761924977,0.994579032313801,0.994621508327019,0.994639388425142,0.994728481196469,0.994785923653136,0.994794867911689,0.994878791792688,0.994889009097756,0.995047139781769,0.995065612800726,0.995092202344212,0.995176381154022,0.99525653351528,0.995266686436363,0.995331580891573,0.995363914314503,0.995497696507876,0.995504986369907,0.995534954473004,0.995577954135897,0.995582833862437,0.995598968922998,0.995614095480279,0.995626357101621,0.995698004948678,0.995758859842492,0.995842136151396,0.995892416676935,0.995902096894648,0.99591706502017,0.996057479908973,0.996067663340573,0.996106747375437,0.99611685303924,0.996152127788141,0.996158912558384,0.996169827370659,0.99617121455605,0.996179322200992,0.996184577736184,0.996373803280962,0.996384450296203,0.996404572290877,0.996441776003194,0.996493153181417,0.996507873626907,0.996588501100641,0.99659068341516,0.996714587478716,0.996725695077618,0.996831499842458,0.996838617791189,0.996906595354024,0.996937138023911,0.99701507969384,0.997020298184453,0.997035859786988,0.99703985840425,0.997053701073834,0.997102901067694,0.9971680794777,0.997175492901604,0.997212156996309,0.997215275036197,0.997250058665543,0.997306695271859,0.997361714947416,0.997425419523707,0.997507008782204,0.997515230593748,0.997553306221004,0.997608841282967,0.997634586389578,0.997636771131095,0.997648077367215,0.997721139420646,0.997763675190519,0.997767530340953,0.997928804050145,0.997938208260084,0.99796556678658,0.997977881275756,0.99803954837052,0.998050473783799,0.998065518605073,0.99806724756757,0.998108352014622,0.998131001174677,0.998149558325437,0.998152637817006,0.998240272853258,0.998253537795243,0.998260984427322,0.998275542191695,0.998301392122834,0.9983027789529,0.998317649824115,0.998324660251108,0.998349585493606,0.998357074289574,0.998375410017829,0.998384489443824,0.998408844188878,0.998419303276553,0.998433607882913,0.998438680943738,0.998445371646559,0.998449245357547,0.998456361477976,0.998493049912799,0.998516328315488,0.998530187718325,0.998535911434641,0.998545731439197,0.998565568898764,0.998574747704381,0.998577286843264,0.9985800378769,0.998595651041084,0.998600183888442,0.998640975808367,0.99864357957793,0.998648555216551,0.998655901906683,0.998664250774131,0.998669401289267,0.99868207990809,0.998693293221881,0.998698574280601,0.998702857973386,0.998708828606354,0.99871623979139,0.998728476487256,0.998730760286584,0.998733840444149,0.998735626978771,0.998751202450586,0.998752515588567,0.998757469912259,0.998776951379182,0.998789231732997,0.998790976908701,0.998795586233455,0.998802364565042,0.998812799703148,0.998815590610851,0.998824427222936,0.998826820727555,0.998829155477923,0.998835533922241,0.998839590492218,0.998843001426822,0.998856926673116,0.998858488726717,0.99886406777758,0.99886718474961,0.998870536315162,0.998873002062536,0.998879774437937,0.998883081598318,0.99888636674955,0.998887995690541,0.998897399187626,0.998900221082857,0.998904445160137,0.998904631379629,0.998908146401178,0.998909520005153,0.998915957860943,0.998918197270779,0.99892257754509,0.998923327864762,0.998925058629299,0.998930430969895,0.998934328523543,0.998935620312433,0.998942146784617,0.9989434438241,0.998945638394719,0.998948019515461,0.998951424418033,0.998952493743925,0.998955349930655,0.998957806019098,0.998959195396431,0.998962170204334,0.99897348953607,0.998975298840469,0.998980894566465,0.998982158693304,0.998984960127488,0.998988768457111,0.99899326957007,0.99899506448549,0.998997390942495,0.998999091204255,0.999001817245845,0.999004862033207,0.999007168951319,0.999010373206472,0.999012865739493,0.99901477737699,0.999022590798168,0.999025040558959,0.999027594515926,0.999028421820207,0.999032591194671,0.999035408498062,0.999039373230278,0.999040107028173,0.99904359032958,0.999049059387695,0.999051724476545,0.999053947858788,0.999057193201983,0.999060206907995,0.999062830013114,0.999064856703695,0.99906706126387,0.999068123167313,0.999070906333061,0.999072085721375,0.999074110030398,0.999076128797136,0.99907820751891,0.999080030840845,0.999083015380465,0.999085077461173,0.999088102409805,0.999089357588605,0.999093697828838,0.99909500310802,0.999098767845955,0.999101728581634,0.999106196775908,0.999106387971969,0.999108632797078,0.999110148143677,0.999111955816009,0.999112847777777,0.999115338242492,0.999117320773402,0.99912119465895,0.99912206076919,0.999124343304549,0.999126139698897,0.999127417268321,0.999128421346255,0.999130338452135,0.999131531075879,0.99913333953072,0.999134250962041,0.999136773092597,0.999138026045317,0.999140161378064,0.999141340774835,0.99914429612181,0.999145931614576,0.999147316224771,0.9991477161874,0.999149439642769,0.99915000170898,0.999151577294229,0.999152009493617,0.999152925617022,0.999153680086604,0.999157118450869,0.99915866504768,0.999161876643089,0.999163148451009,0.99916568640992,0.999166440882342,0.999168681465002,0.999169471109082,0.999171215267347,0.999172161741737,0.999173381874899,0.999175557237093,0.999176497281988,0.999177549034244,0.999178599430951,0.99918078222517,0.999183517895976,0.999184033597686,0.99918663765979,0.999188853495572,0.999190284652672,0.999190871720034,0.99919469062626,0.999195685725742,0.999196346221827,0.999197242959022,0.999198704803708,0.999200744539996,0.999201759243275,0.999202558805599,0.999206224593976,0.999207352374468,0.999208611101868,0.999209131184855,0.999210829288551,0.999211385371698,0.999213352683587,0.99921365569858,0.999216153373696,0.999216316754365,0.999217188023002,0.999218386302955,0.999219777506546,0.999220619883384,0.999222792860231,0.999223579624425,0.999224618140589,0.999225976211268,0.999226797031446,0.999226922507597,0.999227688380725,0.99922861582493,0.999230135594908,0.999230456958978,0.999231533441957,0.999233106332665,0.99923403823291,0.999234207525633,0.999235346533094,0.999237097716726,0.999237884676278,0.99923883662641,0.999240248194578,0.999241380935943,0.999241904266783,0.999243073372904,0.999244720276645,0.999244980436552,0.9992452641456,0.999245527909349,0.99924577130893,0.999246305020049,0.999247464616715,0.999247769029873,0.999249019799897,0.999250471731135,0.999250637550068,0.999250849443747,0.999251352181561,0.999251630736173,0.999253199911523,0.999253327877518,0.99925511649961,0.999256871664503,0.999258321374624,0.999259193327084,0.999259915950563,0.999262023384579,0.999263211540057,0.99926406857942,0.999265090654572,0.999266216696661,0.999266628449038,0.999267098782654,0.999268818038385,0.999269184958913,0.999270482755743,0.999271321054122,0.999272653575571,0.999273470579666,0.999274578762209,0.999275332802376,0.999276976301153,0.999277519067841,0.999277781627962,0.999278170372807,0.99927839376391,0.999279481542963,0.999280136126139,0.999280773352091,0.999282125206532,0.999282671238034,0.999283376672703,0.999283682244329,0.999283749917048,0.999284397499775,0.99928613397312,0.999286167601301,0.999287264296047,0.999287932401119,0.99928897216103,0.999289491525655,0.999290084411293,0.999290837350348,0.999291695426236,0.999292123480605,0.999293222553193,0.99929403596334,0.999295224700724,0.999295457314147,0.99929601057182,0.999296572482885,0.999297119043378,0.999297407260748,0.999298097655671,0.999298887022259,0.999299043449737,0.999299057227575,0.999299143489303,0.9992998588883,0.999301463358775,0.999301819583989,0.999302035809065,0.999302735727965,0.999303527750523,0.999304054973635,0.999304471308606,0.999305272090047,0.999306006166992,0.999306295374234,0.999307086437239,0.999307736633324,0.999308915040664,0.99930947037452,0.999309629491583,0.999309964019662,0.999310776981112,0.999310814543929,0.999311779400761,0.999312419156486
0.775806915147197,0.862960496363434,0.878205437182507,0.895382401987202,0.905083809536577,0.918061248728269,0.942548753510074,0.957172747377637,0.963103960691429,0.964014322022277,0.973087902494367,0.974148554863153,0.975865204244898,0.976570709199643,0.977753218650576,0.978664608874172,0.986192982998777,0.986416000178547,0.986938758683823,0.987205784085622,0.98746770850253,0.987538634103654,0.987842173963153,0.987989145324165,0.988174672248445,0.988339531930925,0.988467659657527,0.988678251509507,0.98900843771265,0.989184863352021,0.989401768709802,0.989412128021422,0.989742034685777,0.990069791157888,0.990759211538934,0.99091726800579,0.99128001994814,0.992170214478409,0.992648210062557,0.992709340886728,0.992897729288131,0.993276303865232,0.993355463030375,0.993388883090553,0.993448350165895,0.993613954162937,0.993680630664536,0.993716693298497,0.993750484826884,0.994019513315005,0.994128204568074,0.99437504035235,0.994723989267782,0.99475104647305,0.994834576401209,0.994853717536185,0.994897737127221,0.9949485927818,0.995001565016934,0.995035292050276,0.995287218364998,0.995332103262109,0.995507162284212,0.995560573710094,0.995613533558098,0.995638319609567,0.995725667244416,0.995730637938231,0.995751973712463,0.995788830140193,0.99600590593785,0.996073152539368,0.996138516046838,0.996184608732514,0.996362984537926,0.996386157133614,0.996509210444781,0.996594278410815,0.996684552536359,0.996791258500241,0.996881267515686,0.996950422988019,0.997022530054054,0.997064549940418,0.997139694654396,0.997148681277465,0.997177920828279,0.997337074416248,0.997365347977391,0.997397595996344,0.997422936977663,0.997435224616858,0.997477585201824,0.997505923187743,0.997528541948458,0.997540264880472,0.997566351550598,0.9977005243448,0.997722916924128,0.997727694950775,0.997761496374263,0.997787100542894,0.997826746841708,0.997847524355628,0.997887210628975,0.997894013844954,0.997925931653546,0.997932768284019,0.998100957177925,0.998115764845713,0.998135553626365,0.998143637369549,0.998169156065829,0.998175250503205,0.998189579771792,0.998191734679103,0.998219174064559,0.998246879187256,0.99826487319775,0.998266771046567,0.998291464735975,0.998296240547224,0.998301870626144,0.9983085195493,0.998317524629434,0.998321110488755,0.998339762699986,0.998362163067298,0.998386883477624,0.998391148667208,0.998397219179312,0.998400600845907,0.998417702107564,0.998421254809304,0.998432922145709,0.99844128988603,0.998447219496111,0.998454085155843,0.998459741162078,0.998467778367296,0.998484292128394,0.998487772038671,0.998502139532689,0.998509730284789,0.998520767257472,0.998524021021358,0.998530637632215,0.998533720497203,0.998553581148419,0.998564055024059,0.998570440816579,0.998581902347429,0.998587134365687,0.998590986294881,0.998600354703989,0.998603435598781,0.998610213997798,0.998617094360521,0.998622614879579,0.998625664418206,0.998634046757403,0.998635032971278,0.998644089877244,0.998645791486515,0.998661662440431,0.99867004464877,0.998674287595019,0.998679731075807,0.998690782467565,0.998695406382232,0.998698791577075,0.99870594129311,0.998711702210633,0.998716551267261,0.998719782951403,0.998719944553512,0.998724430974766,0.998730954517525,0.99873439764555,0.998736419320941,0.998744672253038,0.998744830941896,0.998752799148688,0.998756827972265,0.998764101127676,0.998768610514794,0.998773463381802,0.998781915537337,0.998787543991781,0.998790597706017,0.998797109053785,0.998801747657901,0.998805702607532,0.998808003591728,0.998815325404815,0.998819374607512,0.998822872721379,0.998824173709285,0.998829529566621,0.998830348630472,0.998835730110988,0.998836786600412,0.998845109433129,0.998849158307255,0.998858329900861,0.998858755653081,0.998862354533994,0.998868456645806,0.99887592167188,0.998878181490359,0.99888729993293,0.998891483188334,0.998892902746949,0.998893720340115,0.998896949676948,0.998898511097026,0.998904476942365,0.99890648833019,0.998910942906801,0.998912496643679,0.998917269012954,0.998921622458874,0.998926576480242,0.998928282159885,0.998932047948344,0.998935842097308,0.998941381185249,0.998945006651092,0.998947371505398,0.998950087899223,0.99895431847174,0.998956176161804,0.998957222060904,0.998961196193673,0.998964836794378,0.998968660381694,0.998973619101493,0.998975291313881,0.998978769013363,0.99898259059228,0.998986430661657,0.998988662458039,0.998990848433543,0.998992388022994,0.998993868458263,0.99899386894951,0.998997722322898,0.999001913754453,0.999007404635454,0.999008942736029,0.999011730824745,0.999014321969162,0.999018009864783,0.999019127187449,0.999022384864159,0.999027297241773,0.999030181060909,0.999030433499284,0.999034617357492,0.99903737469089,0.999039829095854,0.999041483169118,0.99904308026127,0.999045006441674,0.999047011619844,0.999049120811686,0.999050252848631,0.99905322986543,0.999055541003899,0.999056476939928,0.999057231850974,0.999058040500432,0.999059987470027,0.999061313544939,0.999062776728621,0.999066402855913,0.999068678211292,0.999069276258567,0.999071167802401,0.999072455691616,0.999074268071048,0.999076942388692,0.999079571096155,0.999080353704602,0.999081384382269,0.999082437967957,0.999083304411013,0.999084969280956,0.999088546536327,0.999089578866686,0.999091445231813,0.999092573442823,0.999094303980011,0.9990953675608,0.999097386652681,0.999099956335263,0.999104940326822,0.999107855972191,0.999111987104136,0.999115195061254,0.999119069090868,0.999120067651341,0.999121445723047,0.999123531775731,0.999128774204351,0.999130657083024,0.999133823858605,0.999135810799946,0.999137934582206,0.999140797234281,0.9991418938134,0.99914492526864,0.999146640422074,0.999148923918515,0.999152483881346,0.999154319629096,0.999157913048399,0.999160863832854,0.99916433318289,0.999165539135882,0.999167004112855,0.999169647462959,0.999171156174908,0.999172138219459,0.999175087020237,0.999175225974156,0.999177043900594,0.999177942773296,0.999181140231341,0.999181285295027,0.999182914202207,0.99918505609581,0.999187370056268,0.999188404689545,0.999190861251213,0.999192633801698,0.999193940973326,0.999194993863047,0.999196427277583,0.99919842564212,0.999200485621064,0.999201683326337,0.999202535106214,0.999202748120907,0.99920474436027,0.999205189128564,0.999205555976575,0.999206834789004,0.999207303787411,0.999208336963928,0.999210402491399,0.999212475671142,0.999214866347665,0.999216412190465,0.999218765209709,0.999221020411072,0.999221992963396,0.999222860840379,0.999223614123778,0.999225638030137,0.999227394778958,0.999229030289087,0.999230426650454,0.999231391062856,0.999232312147355,0.999232729411144,0.999235257315533,0.999237829935764,0.999239556886571,0.999239854850277,0.999241081447752,0.999242172570993,0.999243457515033,0.999243602159122,0.99924626307739,0.999247944300776,0.999249460987999,0.999250873611735,0.999252512764033,0.999252915077123,0.999256718348605,0.999258881390785,0.999259371963918,0.999260337285566,0.999262702476011,0.999263975867911,0.99926748957174,0.999268269196867,0.999269206404686,0.99926989092573,0.999271626175006,0.999271926414558,0.99927288100407,0.999273722503341,0.999275077082137,0.999275559541258,0.999276628688665,0.999276744350583,0.999277783267519,0.99928081677809,0.999281830776326,0.999282571104697,0.999283667500496,0.999284971971063,0.999286145217309,0.999288700177096,0.999290371591672,0.99929113330644,0.999293440010528,0.999293804336874,0.999295078842307,0.999295745947917,0.999298124966048,0.999298124966048,0.999299557439428,0.99930146643949,0.999302733991996,0.99930313611202,0.999306266440053,0.999307081729212,0.999308565213495,0.999308952630252,0.999310476913085,0.999311549226908,0.999311634613855,0.999311950529493,0.999312794065761,0.999313135696193,0.999314742828812,0.999315216737877,0.999315442522176,0.999315839358066,0.99931744694862,0.99931809386922,0.999319054460299,0.999319264008324,0.999320192118519,0.999320723660984,0.999321809679629,0.999322862642955,0.999323431440338,0.999323756592193,0.999324786833111,0.999325703419363,0.999325810654422,0.999326464915477,0.999326888841104,0.999327403824601,0.999328376134125,0.999328984905986,0.999330184187159,0.99933104340473,0.999331548321266,0.999331868941877,0.999333692971558,0.999334517247643,0.999335323487763,0.999335340381106,0.999336934768432,0.999338429635566,0.999338728019156,0.999339307773929,0.999339943944025,0.999340224580728,0.999341778936671,0.999342306716594,0.999344288588075,0.999344587176176,0.999344942623229,0.999345183946315,0.999346544218448,0.99934672044022,0.999347412685345,0.999347460257717,0.99934869510561,0.999349423222613,0.999353109656086,0.999353486560011,0.999353998761925,0.999354236269712,0.999355117139946,0.999356255704704,0.999356693559275,0.999356870618945,0.999357621793231,0.999358435135109,0.99935893156573,0.999359672083022,0.999360955131095,0.999361711866676,0.999362708845584,0.999362963126085,0.999364451083058,0.999364660946967,0.999365710554317,0.999366948527194,0.999368026872589,0.999368447930993,0.999369939641588,0.999370668581899
0.710398202356977,0.813871589176649,0.842698165352987,0.85149293991836,0.867230118127864,0.873175509889515,0.912382423456769,0.914712591494805,0.923595630285767,0.927561621507877,0.94675623366444,0.948838449499552,0.952924407427333,0.956680265384026,0.959988253755601,0.962723761444153,0.964571858493428,0.965601601902684,0.969041889749007,0.978159084360466,0.979657309941345,0.981135040535559,0.982314723752377,0.982676318203551,0.983299072248983,0.983581987783707,0.984064785244813,0.984456884135215,0.984805651864412,0.985026760215712,0.985380340282567,0.985648522062174,0.98588541622126,0.986046028812409,0.986334808210211,0.986454336111076,0.986871056213027,0.986978456145867,0.987186304764076,0.987372229006974,0.988046681079807,0.988134507768953,0.988651667849159,0.988734445408221,0.988886969231949,0.988953504234595,0.989039169381895,0.990422007603424,0.990535947620484,0.990569037333899,0.990636720802421,0.990704974975097,0.990811320244619,0.990829227174481,0.99090215745106,0.990928378893116,0.991165257757177,0.991238433153414,0.991326737485033,0.991379001077763,0.991482335279031,0.991507864689685,0.991571549049967,0.991596290147575,0.991680699572277,0.991765610026343,0.99181429949376,0.991838708908807,0.991890419762797,0.991958909347135,0.992203892706394,0.992214850387266,0.99248623739754,0.992508101839542,0.992541931230031,0.992557966618755,0.992587461562164,0.992613182256207,0.992638135047069,0.992649903191566,0.992707326461177,0.992722147416564,0.993106327891459,0.993111395164197,0.993130602126055,0.993138604969634,0.99316665650263,0.993182128933283,0.993206294980284,0.993215194577459,0.993599848614015,0.993627475306085,0.993756996082226,0.993769877159749,0.994243815934542,0.994246355950901,0.994365849094538,0.994463350491278,0.994705711858795,0.994716854926256,0.994733989284157,0.99484767493889,0.994887976691328,0.995231414148806,0.99523969089208,0.995401719713865,0.995651580555901,0.995665434203017,0.996127379427819,0.99614018617757,0.996212999265758,0.996243416756577,0.996401303372584,0.996600419709198,0.996622861827514,0.996631781306509,0.997112024509577,0.99711653219771,0.997194467216228,0.997228040475077,0.99727028763482,0.997352381094147,0.997539417352334,0.997558437430527,0.997677032746896,0.997679552434179,0.997684092802667,0.997687445127558,0.997740163433805,0.997744853428289,0.997752269984791,0.997757492945721,0.997812229407269,0.997853130279221,0.997862527724858,0.997879952725887,0.997962403836896,0.997984770484284,0.998022811089698,0.99808542176246,0.998093669266423,0.998110272459539,0.998150323037794,0.998160328576258,0.99818747687454,0.998191539818781,0.998233247902039,0.998235166670546,0.998270518936163,0.99827273689224,0.998308312782306,0.998321925376723,0.998329404236327,0.998332440669481,0.998351087977497,0.998356312924928,0.998361338886342,0.998362543963514,0.99841027776722,0.998422205782722,0.998432286665319,0.998435303860038,0.998454085928039,0.998463597366392,0.998482285382802,0.998505096982631,0.998510462435672,0.998523228585037,0.998527192720911,0.998533068655552,0.998544172942976,0.998546849161115,0.998571436355181,0.998580583945684,0.99860511152275,0.998616943365106,0.998623433045488,0.998626750787049,0.998635886125171,0.998638491228134,0.998649176316204,0.9986547929485,0.998659882960908,0.998678187597338,0.998685350134432,0.998685874749012,0.998697957753256,0.998700236622217,0.998707079007868,0.998711179170064,0.99872127362442,0.998727182972286,0.998733690883285,0.998740178763542,0.998745611707483,0.998746692688178,0.998754822710365,0.998768831636089,0.998774542364658,0.998782314815684,0.998790273121258,0.998798428732341,0.998815362650203,0.998821632256869,0.998832351307336,0.998837235961475,0.99883817585909,0.998842198046268,0.998848143874512,0.998852290487577,0.998856789550859,0.998859803469668,0.998864290057172,0.998866852503804,0.998870669931891,0.998871665410339,0.998875872896092,0.998879049666884,0.998883946477033,0.998885556716775,0.998888574356916,0.998889441279873,0.998891861327173,0.998897580384817,0.998900753731653,0.998902252632006,0.998903912958191,0.998907709798356,0.998910958444282,0.998911739357595,0.99891481555901,0.998919933328794,0.998923129475957,0.998929047115868,0.998932597895449,0.998938060191695,0.998942007371495,0.998945171705643,0.998947538037315,0.998950390193216,0.998954749130251,0.998958247612415,0.998968775377944,0.998970639215914,0.998974693982003,0.998975536769753,0.998977258026354,0.998978294357363,0.998979959677979,0.998981558987529,0.998985475385181,0.998985691412391,0.998991763193167,0.998993613563314,0.99899557199811,0.999012777272755,0.9990166341192,0.999018986839056,0.999025143736728,0.99902645132774,0.999029498657727,0.999030549502775,0.999034401397186,0.999036474887482,0.999055844734539,0.999056354884714,0.999058600520072,0.999061249852815,0.999063766350325,0.999065581995283,0.999069214671263,0.999071070291518,0.999074745606664,0.999075420599054,0.999077029953086,0.999080390493666,0.999086443674534,0.999087357891274,0.999088610806431,0.999089663869819,0.999095743247323,0.999097076746386,0.999099023908538,0.999099999563903,0.99910565438194,0.999105969224462,0.999107376071327,0.999108272787454,0.999113015036135,0.999114213920062,0.999115652565382,0.999117361937892,0.999119405655691,0.999119687774943,0.999122334351286,0.999123635211839,0.999125653221544,0.999126989474138,0.999130520021186,0.999132855087078,0.99913838801188,0.999139737214553,0.999142534462502,0.999145078603918,0.999147020709468,0.999149921990433,0.99915150504604,0.999152966155402,0.999155509046738,0.999155945766671,0.99915742226053,0.999161763748116,0.999163235304072,0.999165277735674,0.999167309994233,0.999169903539919,0.999173035388106,0.999173572877922,0.999174963601194,0.999176655335315,0.999179431940127,0.999182057464642,0.999184007530621,0.999185544410424,0.99918594957144,0.999187451780132,0.9991884871647,0.999190215709482,0.999192716365745,0.999193734278159,0.999195100285816,0.999197607140412,0.999198837000678,0.999199385377014,0.999201027147945,0.999201748871422,0.999202185155957,0.999203895931233,0.999206889974154,0.999207514290614,0.999208448709462,0.999208463590388,0.999210059350673,0.999211015977411,0.999213756517149,0.999214081981566,0.999215771129611,0.999215964227764,0.999218063508958,0.999218939327952,0.999220848315432,0.999221096216262,0.999222098233012,0.99922330894648,0.999225318259258,0.999226143855226,0.999227460480037,0.999228713796237,0.999231700582752,0.999234639000393,0.999235591546252,0.999235900964484,0.999237503391888,0.999239440459614,0.999240264903867,0.999240786501457,0.999242701896723,0.999244398737261,0.999246282219217,0.999246612863663,0.999248061828908,0.999251011687474,0.999252647301593,0.9992532371389,0.999253926851039,0.999254704871923,0.999256801752705,0.999257097057919,0.999258330485651,0.999259275795843,0.999261128329756,0.999261891418287,0.999262802089701,0.999263703772007,0.999265047180177,0.999266011988339,0.99926781322632,0.999268985476004,0.999270152337715,0.999270604445829,0.999272167459574,0.999272857718851,0.999274912483796,0.999275004581204,0.999276502185041,0.999277635525686,0.999278937441276,0.999278937541006,0.999280823230108,0.999282099342002,0.99928262878135,0.99928288576207,0.99928424110094,0.999284561651755,0.999286630620292,0.999287870701352,0.999288630287302,0.999288739528853,0.999290893498308,0.999291098869727,0.999291826275585,0.99929269257427,0.999293953811528,0.999294456540035,0.999295214444873,0.999296159608374,0.999296645440542,0.999298060981776,0.999298716966805,0.999299760244121,0.999300969922057,0.999300993842867,0.999302646279762,0.999303921798049,0.999306616884152,0.999307075416991,0.999308620798288,0.999309191844231,0.999309807441102,0.999310449930974,0.999312913320488,0.999315030570157,0.999315395278333,0.999315659304167,0.999316612249387,0.99931722068431,0.999318629024997,0.999319127340608,0.999320066750181,0.999320530826701,0.999321446389363,0.999321481461046,0.999323542238789,0.999324344944176,0.999325921549967,0.999326336398018,0.999326842628291,0.999327288461932,0.999327752932551,0.99932787726246,0.999329258232413,0.999331021766248,0.999331883758933,0.99933213116083,0.999333032964457,0.999334041516296,0.999335736814745,0.999336192221489,0.999337376344002,0.999338257035116,0.999339886336416,0.99934045554964,0.999341396748686,0.999342086132771,0.999343324537391,0.999343879077356,0.999345511227598,0.999345905642485,0.999346312417466,0.99934637326264,0.999347845783852,0.999348533202552,0.99934936091969,0.9993496886839,0.999350672181469,0.999351550438057,0.999352332825039,0.999352629300764,0.999352895220735,0.999353364695007,0.999355222500667,0.999355626406688,0.999356079766812,0.999356553043777,0.999357043303908,0.999357612132234,0.999358334379521,0.999359093751156,0.999360391103316,0.999361366304022,0.999362225752933,0.99936376561857,0.999364114966058,0.999364476306647,0.999366218878218,0.999366515742234,0.999367663736962,0.999367861609979,0.999368286696143,0.999369234016009
0.778835105867816,0.822760237130138,0.837253998459003,0.846038201796757,0.8566202389591,0.883027876053732,0.895688268856236,0.901447860092499,0.921173481894824,0.92276726872291,0.925263416329362,0.927886200878774,0.931739409859382,0.932504901190664,0.934123504169916,0.935148459331528,0.9363858933472,0.93799691090124,0.938858168474667,0.939570384946068,0.94182337185302,0.946879435577276,0.950629109626844,0.950962804604395,0.954074112699163,0.957466263925826,0.961285690148839,0.964892140367756,0.967517008563823,0.968681483829022,0.970549384189368,0.971273069852912,0.973775559192628,0.974287774513505,0.977391948706968,0.977893116172339,0.979891201388988,0.98037664730826,0.981255858020946,0.981433380732698,0.982090440719456,0.982706939873604,0.983073335551963,0.98318534146985,0.983419647279145,0.983786053258783,0.984127002719132,0.985634338729553,0.985880059505577,0.986218095758811,0.986435732965228,0.986512356683888,0.986754353095374,0.990977537212711,0.99110942720936,0.991196330424474,0.991447026659288,0.991551607349294,0.991652195983504,0.991896447672031,0.991985661073157,0.992049658914595,0.992147867125333,0.992214549105806,0.992381071496819,0.992458602401757,0.992570057694058,0.992589214067036,0.992660406097112,0.992684873089082,0.992729876534286,0.99276132767957,0.993015620240324,0.993043792654175,0.993086554764669,0.993113166456218,0.993150424971645,0.993171649460331,0.993260559244711,0.993286860516433,0.993402422542753,0.993436144629398,0.993531092140874,0.993544107177344,0.99356933642685,0.993573188885816,0.993592422726357,0.993599810345894,0.994031985961876,0.994062494855477,0.994096569145814,0.994119460623834,0.994175963716422,0.994187010935266,0.995036661370336,0.995052353230044,0.995064351028493,0.995083155285293,0.995134328265721,0.995154881448539,0.995167235625216,0.995173035111043,0.995210351544307,0.995216838622014,0.995309183326694,0.995316665376699,0.995342383558779,0.995355712376285,0.995421072688385,0.995479435490643,0.995498858193367,0.99551477975066,0.995526426262623,0.995544950048414,0.995606814634575,0.995621713133303,0.99563371908227,0.99563876100134,0.995659223895141,0.995678746843603,0.995720996402295,0.995726659688537,0.995763841649074,0.995769933517125,0.995790410463145,0.995804092600008,0.995812218664546,0.995827044145504,0.995835232647786,0.995893986115224,0.995917150263368,0.995982378172467,0.995998257470923,0.996132362397815,0.996142501740991,0.99615563883695,0.996175214938104,0.996187264934635,0.996188572699884,0.996272382735351,0.99627862507012,0.996290888044404,0.996314911736585,0.996317938469747,0.996515797882374,0.996519155466845,0.996533242309367,0.996534391178247,0.996598169210931,0.996605257062087,0.99661240670025,0.996621173955296,0.996627314938749,0.996630676115155,0.996720968269365,0.996736561329226,0.996806178237724,0.996811821854543,0.996918184984908,0.996924602479805,0.996931514910897,0.996936680044854,0.99695056812519,0.997056502926497,0.997075242406399,0.997147425572113,0.997156735187081,0.997164566786572,0.997233089800126,0.997235052190628,0.99735176569426,0.997362692546631,0.997439769228942,0.997440114695262,0.997709581538011,0.997720534206339,0.997749390483255,0.997754092906228,0.997799904283493,0.997834828674099,0.997847488085409,0.997850213145685,0.997900293405442,0.99792195623674,0.997946144105384,0.998007667862901,0.99807372457491,0.998111975670551,0.998122860734747,0.998130169176166,0.998149774840626,0.998157586907882,0.998183760349848,0.998189172550779,0.998217524629043,0.998221623022526,0.998251965112027,0.998260933957705,0.998288585312712,0.99829260574344,0.998310517619949,0.998314082667173,0.998351443191086,0.998357615260893,0.998388940610553,0.998395190875811,0.998401199119067,0.998405176578828,0.998418294584988,0.998436570876156,0.998446764700461,0.998461932977042,0.998491541218606,0.998495076408072,0.998505418004451,0.998508599385667,0.998524334651934,0.998540468431814,0.998556982351613,0.998560584555305,0.998577709373852,0.998584774432109,0.998597789981266,0.998601168638612,0.998611467197138,0.99861501149375,0.998618856576296,0.998620475671784,0.998633461739142,0.998637493341578,0.998646386885323,0.998647744973418,0.998659810557415,0.998661515752809,0.998664360761431,0.998668667181796,0.998679500711034,0.998680185948677,0.998684969727598,0.99868597702277,0.998693154049255,0.998696567841559,0.998700043461465,0.998709057197086,0.998714042495896,0.998718179418793,0.998725576029171,0.998727738995747,0.998732808595868,0.998734977993999,0.998752072824109,0.998754443165244,0.998762081754966,0.998764237626874,0.998768525751882,0.998769079946378,0.998777256558705,0.998788894910047,0.998797032114378,0.998798586745623,0.99880002940537,0.998801223364805,0.998815646823056,0.998818257870924,0.998821511163394,0.998824181526119,0.998831236661448,0.998835332131256,0.998840964786107,0.998843237758763,0.99884415107931,0.998846227609943,0.998851516559429,0.998853510824966,0.998856592246891,0.998858538717231,0.998860916969358,0.998863350964971,0.998866024430699,0.998868640415549,0.998871501551949,0.998875199745681,0.998877988443858,0.998878929492326,0.998881549254965,0.998882259233333,0.998886943816871,0.998888626346795,0.998894336954113,0.998898689762885,0.998902822392273,0.998906209697952,0.998909373303657,0.998911154304399,0.998914063926288,0.998917141241355,0.998920913049103,0.998922669085299,0.998925216407703,0.998926333163167,0.998928812730267,0.998930611102795,0.99893761655629,0.998938692866285,0.998944980932598,0.998950109352893,0.998951433428214,0.998953152005569,0.998955385718873,0.998955573339478,0.998957569417678,0.998958625161737,0.998960918453751,0.99896185275324,0.998966244455811,0.998968028271365,0.998971356766968,0.998973436712101,0.998975901316121,0.998979037626987,0.998981613007984,0.998982860539717,0.998986603204985,0.998989116053956,0.998991902185762,0.998996406668966,0.998998253486709,0.999000216239791,0.999005391995817,0.999008107849001,0.999010990678839,0.999013908551262,0.999016694849665,0.999017687465031,0.999021670098611,0.999023122747896,0.999024667855239,0.99902559551904,0.999027144361817,0.999028611521371,0.999030300308193,0.999031407220958,0.999038266381876,0.999039379352174,0.999042266224908,0.999044477696582,0.999047424580294,0.999048457164537,0.999050058373323,0.999051248954368,0.999056239125173,0.999058541746022,0.999064812871504,0.999065335623,0.999068958378713,0.999069515989172,0.999071815026332,0.999072636303341,0.999075088414332,0.999075972952468,0.999077324273423,0.999079583465556,0.999082029178305,0.999082297907818,0.999083377596063,0.999086589210041,0.999087117348155,0.99909037620661,0.999094347195179,0.999095322789778,0.999096538488683,0.99910083827556,0.99910524111402,0.999105841551071,0.999107776004903,0.999108413630875,0.999110013326201,0.999110915202553,0.999116459550742,0.999117541970496,0.99912139390654,0.999121535086508,0.999127087792895,0.999128081798383,0.999129493446331,0.999137056631904,0.999138720572711,0.999139966652179,0.999141166960967,0.999142376282941,0.999144288816713,0.999145268961812,0.999147968443222,0.999149784156173,0.999151291030686,0.999153289589826,0.999154454009396,0.999154542368186,0.999156950113862,0.999157391381458,0.999158849422452,0.99915920551809,0.999160380350888,0.99916192076294,0.999162366987356,0.99916348453699,0.999166005713075,0.999166182444976,0.999166918556566,0.999168107300673,0.999169871122093,0.999170135011259,0.999173441036564,0.999174859805891,0.999176430490164,0.999178411152948,0.999184602731223,0.999184985103966,0.999186018391157,0.999186912282222,0.999188636252701,0.999189590516313,0.999193757523844,0.999194459875899,0.999201532760664,0.999201889099463,0.999205006577863,0.999206409097806,0.999207756430388,0.99920968398888,0.999211456535358,0.999213667452011,0.99921608979394,0.999216326048717,0.999219773321626,0.999220756599967,0.99922217634016,0.999222871001038,0.999223950249466,0.999225701019646,0.999228594789714,0.999229246304985,0.999231267965117,0.999232095257779,0.999232700211862,0.999233402749012,0.999235828402366,0.99923648465988,0.999239152546462,0.999239521194128,0.999241222157371,0.999241820258932,0.999243382370001,0.99924383609663,0.999245610425285,0.999246331776885,0.999247938186048,0.999248312018269,0.999249534780353,0.999250872336782,0.999253057938252,0.999253474067815,0.999255376171596,0.999256687260541,0.999257655307256,0.99925853557751,0.999259247167512,0.999259609298123,0.999260805025781,0.999261235015082,0.999261760186878,0.999262744249955,0.99926467666318,0.999265335309677,0.999265744716062,0.999266566625418,0.999268498693385,0.999268977825894,0.999270198835039,0.999270553815819,0.999271635896105,0.999271906013754,0.999273227473526,0.999274089360898,0.999275597348992,0.99927640299615,0.999278073615656,0.999279104076584,0.999280887895068,0.999281089377496,0.99928280111127,0.999283560720148,0.999285786225884,0.999286180437853,0.999287662709681,0.999288524857957,0.999300494222048,0.999301114009222,0.999310242846826,0.999311520736782
0.81671957589058,0.854022052488022,0.875328917471527,0.875609552517119,0.883610213573935,0.902972637520964,0.907377819843639,0.922702818342776,0.933303449996452,0.936727524988805,0.952827100964854,0.955430514395031,0.960223399275311,0.961395956669791,0.966495548747149,0.967533435732535,0.969809028568084,0.971192598909248,0.972212207018382,0.972725834163457,0.974705176512726,0.975423962603115,0.976530249095913,0.977025107901907,0.977620665506304,0.977874338563428,0.978596573150339,0.978712537745281,0.979469049755679,0.979657550442421,0.979930959078603,0.979993749578218,0.980312220332573,0.980423133987113,0.980661707740938,0.980728738846907,0.980848922816153,0.980883542076203,0.981086650664158,0.981310919516371,0.981527007838063,0.982199273205161,0.982301909119067,0.98235267629044,0.982417953085133,0.982451274739964,0.982644403492628,0.982683586275531,0.982858081970228,0.982884639613059,0.983005936387171,0.98305883985746,0.98313996376601,0.983198075575964,0.983301491743098,0.983324783130298,0.983687479423824,0.983718377251319,0.983758589620492,0.983785621231464,0.983838608691951,0.983872152000018,0.983938802340736,0.983957276380348,0.984019256358817,0.984033536400358,0.984123235584125,0.984143179392792,0.984206732236167,0.984235638704893,0.984526679113417,0.984538778588762,0.984577042585656,0.98487092098274,0.984944688820045,0.984969472169238,0.985057050114868,0.985079850155729,0.985121632156212,0.98513500248105,0.985348225940395,0.985396207572323,0.98550633164738,0.985720698323664,0.985756320360524,0.985768941481566,0.985843521595385,0.985851196315088,0.986188268707158,0.986198352740748,0.986346744715685,0.986361073332762,0.986431453963364,0.986447666360244,0.986601562161352,0.986621163673861,0.986736906063877,0.986772033740323,0.986791911872126,0.986795971988049,0.986832726260817,0.986845255142553,0.98700098603536,0.987007205476352,0.987024961133746,0.987379373498413,0.987420617203875,0.987423760789365,0.987478765308556,0.987551054873723,0.987714518892182,0.987721481899593,0.98784579720948,0.987853969426709,0.987925403538506,0.987940913152051,0.988058961284283,0.988087832727525,0.988712061612776,0.988724795648963,0.988891383220365,0.988894682125118,0.989100627187279,0.989104723349953,0.98915451282607,0.989175328754636,0.989433623854595,0.989436523740739,0.989652208246509,0.989654097696891,0.989730736064835,0.989735341616348,0.989911207710071,0.989918313787097,0.990051018341354,0.990063472253108,0.990141168968453,0.990190905856202,0.990225564916816,0.99029081557441,0.992185691363416,0.992212787357742,0.992280812909853,0.992306402114712,0.992477181062053,0.992482601623558,0.992571340093189,0.992604404312352,0.993128564796267,0.993132445437003,0.993187502735814,0.993254819552066,0.993296070832281,0.993298316826776,0.993412794065115,0.993435034173972,0.993502737544747,0.993519662514056,0.993571201462557,0.993673868646028,0.993716044124138,0.993739476939191,0.993762072345671,0.99379818027451,0.993825697511521,0.993845823049138,0.993860579521817,0.993887080472051,0.993946226600735,0.993976196668162,0.994009663288797,0.994019492455931,0.994042122916778,0.994048160760454,0.994070193325869,0.994080471386786,0.994095765130846,0.994116886715987,0.9941451614208,0.994166195428944,0.994180151298846,0.994197291416771,0.994214489358349,0.994230700130919,0.994240369516071,0.994241223740014,0.994253175577082,0.994273269436881,0.994280767812658,0.99785709006334,0.997878232164587,0.997886611838446,0.997902423814629,0.997936635573458,0.997945858469852,0.997954010739124,0.997996934821037,0.997998132718378,0.998069446867065,0.998072569405007,0.99812670020379,0.99813571895471,0.998160664642886,0.998170754106621,0.998191707151537,0.998193468616966,0.998216756419008,0.998220522472016,0.99823309297982,0.998242647785894,0.998260237375091,0.998269095703423,0.998284275727282,0.998286543599868,0.998293439374673,0.99829802344811,0.998320149024292,0.998325488920214,0.998338979634658,0.998339872119542,0.998346535982797,0.998355730654223,0.998367163345173,0.998371891967754,0.998392514725342,0.998394546997591,0.99845279126439,0.998499468186753,0.998593138849469,0.998602465950801,0.998621399520496,0.998623741732723,0.998628727182463,0.998629379940144,0.99863817654561,0.998644974045319,0.998654168819633,0.998659437156534,0.998664058412504,0.998669702612346,0.998675439740063,0.998678654956793,0.998682687194034,0.998684981638328,0.998692668916778,0.998696060981669,0.998774477251305,0.998779790453987,0.998785048222854,0.99878760938108,0.998794266711453,0.998796934441059,0.998805548507903,0.998806402008003,0.998811377094717,0.998813868686598,0.998818550371026,0.998821895782371,0.998825272176306,0.998827984696365,0.998848913529832,0.998851424358856,0.998855362293683,0.998858152705663,0.998868545876885,0.998868859394899,0.998871796427192,0.998876331464894,0.998880076251197,0.998884376939408,0.998886349475958,0.998889661259953,0.998893354689824,0.998894685991423,0.998900237555685,0.998903897845446,0.998907421853713,0.998911205359625,0.998914887344802,0.998916211117452,0.998920096414058,0.998921378183026,0.998936010100356,0.998937442707843,0.998945363002853,0.998949126943051,0.99895130702475,0.998953152183822,0.998958034680653,0.998959021678196,0.998961656630444,0.998964945412766,0.998969091107128,0.998972049146248,0.998975645047117,0.998978077003507,0.998981389384885,0.998982207431711,0.998988586402851,0.998992403363513,0.99899633210215,0.998998746743975,0.998999638191334,0.999001187650479,0.999005993723254,0.999006897284144,0.999011764171176,0.999018208384613,0.999025892561873,0.99902785282276,0.999034005715432,0.999035537834855,0.999038886888957,0.999039323813568,0.999045541407858,0.999046935183122,0.999051552945709,0.999051997794413,0.999060134060368,0.99906168140647,0.999067115845895,0.999069153930307,0.999073636456613,0.99907451688208,0.999078674454355,0.999080422047007,0.999082599776191,0.999088392621568,0.999089630274286,0.999089972723654,0.999092685302237,0.999094248753424,0.999096084432034,0.999096160378026,0.999098306974374,0.999098795847396,0.999100472798134,0.999101488603398,0.999103765613819,0.99910387792951,0.999109116478948,0.999109136407136,0.99911120164919,0.999112009518032,0.999113628457587,0.999116164706989,0.999118215066695,0.999119212834544,0.9991211620403,0.999121785205208,0.999125537986943,0.99912621610046,0.999134434413841,0.999134959811427,0.999136837158859,0.999138132768815,0.999141290020269,0.999141794607101,0.999142904587719,0.999143809298926,0.999146348052057,0.999147999330508,0.999150396680072,0.999151852070113,0.999152932287077,0.999154351390632,0.999154683032943,0.999157147167721,0.999159051170258,0.999160979523301,0.999161765685838,0.999163612364598,0.999166379534511,0.999167144368894,0.999170478714436,0.9991715742364,0.999182602439759,0.999183710038064,0.999188787963441,0.999190999323209,0.99919354281643,0.99919486180793,0.999198334398306,0.999200211332393,0.999206126418445,0.999207176448943,0.999208142845085,0.99920924206854,0.999210691564104,0.999211782760701,0.999213962788181,0.999214394241338,0.99921572206119,0.999217218686972,0.999219243790906,0.999220264529499,0.999222223185192,0.999224367869145,0.999226060479837,0.999227017601298,0.999227882115554,0.9992309399283,0.999231998392139,0.999233701852259,0.99923533916921,0.999235701309573,0.999236299545691,0.999238083323603,0.999240061995767,0.999240869408,0.99924255373846,0.999244284119215,0.999245822502394,0.999246455413653,0.999248721871302,0.999250634256241,0.999252862624546,0.999253362743406,0.99925571800541,0.999256928645708,0.999259444619621,0.999260113916058,0.999263412597461,0.999264291391032,0.999269289523382,0.999270784527461,0.999271936923258,0.999272499294252,0.999273856387917,0.999274755771515,0.999276319920652,0.999277488413803,0.999279022901636,0.999279346183904,0.999280495149104,0.999281450869163,0.999282409389859,0.999282524056733,0.999283560915533,0.999284161562017,0.999284922564377,0.999285715875632,0.999286364872392,0.999287256289448,0.999287972462284,0.999288154997858,0.99928861831864,0.999288991595423,0.99929041011689,0.999290612221047,0.999291980262166,0.999292441418943,0.999292904589962,0.999293199407033,0.999294722643206,0.999295749945317,0.999297086678089,0.999297698571755,0.999299219146987,0.999299874148254,0.999301101537572,0.99930161009903,0.999302319025588,0.999303397020626,0.999303722715642,0.999304740963565,0.999305369982115,0.999306678650489,0.999308773949514,0.99931105252998,0.999311965546104,0.999312184784805,0.999313108882602,0.999313665831986,0.99931637185676,0.999316985716365,0.999317118362914,0.999317258859142,0.999318152842408,0.999318863317376,0.999319060844964,0.999319328870886,0.999320466559717,0.999321717982333,0.999322165966315,0.999322927569507,0.999323250909485,0.999324941755272,0.999325346122599,0.999325507589362,0.999325887327404,0.999326896149626,0.999327455973089,0.999327845423934,0.999328150831041,0.999329785407716,0.999331433205706,0.999331755895401,0.999332431710852,0.999332803629233
0.777342695874341,0.819968698534848,0.824970388545804,0.854274133063395,0.876610591787786,0.891532169790784,0.915555000471127,0.922004208153373,0.946912937284212,0.951833044989209,0.958365367515779,0.963675601438878,0.968988962489458,0.971838516259643,0.974226924339213,0.975587197821982,0.976842270258718,0.978087907349402,0.979402699734392,0.980579338341979,0.981526416040311,0.981800894200512,0.982557328688031,0.983043418861717,0.983738289222419,0.984523016856814,0.985826563266167,0.986411461235697,0.98708018636419,0.987396787512683,0.987696254739651,0.987838278107101,0.988003416314062,0.988137544043784,0.988375048511661,0.98844244192699,0.988595250434717,0.988639545003953,0.988779765597089,0.988858748879241,0.988913899178152,0.988984830692247,0.989862800853763,0.989895147492449,0.990292820305336,0.990508436065924,0.990631258268387,0.990693285274524,0.990914710967164,0.990925240864175,0.991261133662882,0.991413783295697,0.991520555644908,0.991574351140878,0.991622300357154,0.991704255685189,0.992151767561197,0.992178993288955,0.992202617894861,0.992221859849309,0.992293564853252,0.992345434524004,0.992384139107789,0.992419902251989,0.99267002949111,0.992683192233012,0.99271380704687,0.992980974640789,0.993063262864351,0.993074528586466,0.993097512494338,0.993127591419062,0.993203143595537,0.993219707466508,0.993300905923384,0.9933094827586,0.993430766546412,0.993438420930033,0.993506829294537,0.993513168219334,0.993542562753653,0.993560785573158,0.993621784231813,0.993623349870183,0.993679998045376,0.993694626986863,0.9937273752308,0.993733323547437,0.993743076157486,0.993753346903147,0.99377592313376,0.993783495018078,0.993832688973696,0.99384007467808,0.993885494589911,0.993888609345898,0.993998490077616,0.994008810193207,0.994022701383074,0.99403141292819,0.994067878394574,0.994088356648885,0.994117443878629,0.994121665334026,0.994157321819664,0.994164353892581,0.994274860146211,0.994283090570157,0.994432026327365,0.994435756565782,0.994469070407196,0.994484438392059,0.994738744961845,0.994749357446341,0.994843634150478,0.9948493561927,0.99491814605438,0.994973886243136,0.995183068166781,0.995185549748771,0.995206625007552,0.995301383821973,0.995375705091048,0.995385968704521,0.995470751649994,0.995548938092601,0.995558146754418,0.995570060901869,0.995583401604984,0.995593523001152,0.995652703670098,0.995655280599914,0.995664199371697,0.995680632392418,0.995683065546139,0.996057430074638,0.996089770576629,0.996113462282423,0.996143805601594,0.996146450380715,0.996200027774941,0.99630045340519,0.996312397942207,0.99631997473811,0.99634157084536,0.996345527210751,0.996507777039041,0.996547967227397,0.99655335263718,0.996556032762166,0.996559162442294,0.996560485287188,0.996627917929041,0.996632464480927,0.996640266577714,0.996643383849848,0.996692475475681,0.996812121987843,0.996915192988101,0.996946098559872,0.997059099222346,0.997075578824238,0.997180356100762,0.997182722622113,0.997219562827457,0.997245277624745,0.997253779705261,0.997264089715956,0.997383653545499,0.997390366167599,0.997451285104726,0.997453374665211,0.997522404074691,0.997535406874188,0.997620148143396,0.997621035845739,0.997645676882504,0.997653821624756,0.997675941995891,0.997701873513386,0.997731186454281,0.997732398480054,0.99776204321092,0.997792887789665,0.997845868454154,0.99785256549907,0.997890392894218,0.997895677416134,0.997898544848073,0.997908319403909,0.997914375774266,0.997917695547355,0.99793314567056,0.997978628168805,0.997985091519197,0.997999235311085,0.998049891025,0.998053278157403,0.998090621877483,0.998092276178556,0.998109282719215,0.998130170487732,0.998152972876318,0.998157827303483,0.998187346085816,0.998191821987526,0.99823272188977,0.998239890948585,0.998276208965715,0.99828296931688,0.998305432626128,0.998314046119885,0.998339869245756,0.998357493537764,0.998374548818957,0.998382818988705,0.998400720434451,0.998401619764012,0.998446912284414,0.998451535438255,0.998471811442037,0.99847236399037,0.998494499123111,0.99850875324329,0.998535093173619,0.998536338868127,0.998566595445172,0.998596991840714,0.998602786907346,0.998603676732869,0.998623103090955,0.998625458558247,0.998634200663903,0.998636538888734,0.998641443201474,0.998644943838337,0.998651327426816,0.998655727262523,0.998673122416828,0.998678648625027,0.998706716734494,0.998712097220378,0.998726792814428,0.998730263641543,0.998755663608773,0.998756240626187,0.998763318567982,0.998768953369356,0.998777068844843,0.99878355805189,0.998789652769851,0.998807283122039,0.998814183661171,0.998820279511816,0.998829497960772,0.998830127169065,0.998847634829601,0.998849305704669,0.99885633360847,0.998859877405987,0.998870840557682,0.998872600814908,0.998877376160873,0.998880525617141,0.998884377648138,0.998888244025675,0.998896036850718,0.998897932641313,0.998905439700058,0.998905580358679,0.998913264220641,0.998918954751829,0.998931167241003,0.998932596151044,0.998945323394926,0.998948681904461,0.998953633811063,0.998954984892835,0.998961685693794,0.998963370204025,0.998967561265093,0.99896974707524,0.998980636189241,0.99898172889479,0.998989964166712,0.99899165021666,0.99899442226159,0.998998084697032,0.998999339718593,0.999000456601651,0.999004686268977,0.999006454374392,0.999013294761028,0.999013626540961,0.99901900545097,0.99901997426453,0.999024647225293,0.999025507666799,0.999030008205471,0.999031207878703,0.999034422397482,0.999035350053311,0.999036918875151,0.999039305304954,0.999041672897588,0.999042254244927,0.999044927478824,0.999047015761428,0.99904858962836,0.99905054916609,0.999052081160478,0.999056844904884,0.999059127702511,0.999060280696036,0.999060859996774,0.99906153328383,0.999069759299301,0.999071281466482,0.999074667276866,0.999075490220197,0.999076771874224,0.999077498198331,0.999078988632372,0.999081127569028,0.999086534915857,0.999089061065513,0.999090069285979,0.999090801385988,0.999092975736722,0.99909322969205,0.999095781959024,0.999097195157165,0.999101790722609,0.999102225942387,0.999106251484641,0.99910804346162,0.999110248611615,0.999110639320643,0.999112639277012,0.999113630952218,0.999117095403746,0.999118398463156,0.999120946128739,0.999121798766212,0.999125070780015,0.999127453327287,0.99913120002338,0.99913408254649,0.999137692923614,0.999138459952277,0.999141606920469,0.999142438076172,0.99914370798838,0.999144481855656,0.99914561002442,0.999148921374191,0.999152188878529,0.999152576649292,0.999153722213491,0.999155495413623,0.99915741986188,0.999157997914745,0.99916004786275,0.99916123586072,0.999163060813895,0.999164442037832,0.999169221218494,0.999171402473792,0.999173082706856,0.999175511004125,0.99917780867265,0.99917924829418,0.999180888976011,0.999183566552599,0.999185073644708,0.999186032949295,0.999189056803501,0.999189067163343,0.999191035628026,0.999192130898282,0.999192501109891,0.999193518022471,0.999196830340528,0.999198461181776,0.999200372986692,0.999200560545499,0.999201468132022,0.99920182980249,0.999203184971391,0.999203318629681,0.999205473556953,0.999207830758656,0.999209461719293,0.999210052217627,0.999212229816067,0.999214748881059,0.999216783053982,0.999218466273516,0.99921913587844,0.999219848757347,0.999222144165428,0.999222955419207,0.999225222102255,0.999227184253966,0.999228936286007,0.999229611259269,0.999230384587188,0.999232442464675,0.999233073517861,0.999235037908716,0.999236605860198,0.999236680752398,0.999238230848896,0.999238541927057,0.999239062794908,0.999239519919477,0.999241573484497,0.9992431057685,0.999246895869307,0.999247535091876,0.999249306767334,0.999250284573123,0.999250979965833,0.999252538553587,0.99925353848335,0.999254099153808,0.999255688282529,0.999257392943818,0.999258742666365,0.999259299358868,0.999260463676869,0.99926204049923,0.999266779928101,0.999268686693383,0.999269518578211,0.999271988447584,0.999273297856278,0.999273806367699,0.999275099458712,0.999275515095906,0.999276103779494,0.999276583347055,0.999277027486816,0.9992772218264,0.999277573426846,0.999277656431469,0.999279456520612,0.999280039787696,0.99928312981779,0.999284909395447,0.999286174165727,0.999286536329121,0.99928766982335,0.999289065931527,0.999291157076726,0.999291629460768,0.99929233169137,0.999292700226941,0.999294302498438,0.999294851115154,0.999295537871142,0.999296018423492,0.999298823973006,0.999299836772801,0.999300462505472,0.999300723190921,0.999302941647786,0.999304205665779,0.999304421589319,0.999304998314666,0.999306270576712,0.999307411842612,0.999308426732924,0.999308633451032,0.999308936510914,0.999309432991243,0.999310730270251,0.999310905646204,0.999311853659737,0.999313636797586,0.999314235344779,0.999315138807648,0.999316488779,0.999317094946236,0.99931853332042,0.999318684898283,0.999319844427965,0.999321310321,0.999321665021346,0.999321841506397,0.999325324879246,0.999326568616311,0.999327513438344,0.999327710523275,0.99932866837184,0.99932924554561,0.999332355578654,0.999333421120756,0.999333750659373,0.999334618961421
0.794549093650764,0.847446206345566,0.881860438276119,0.890312220633751,0.895324241822463,0.907029381234043,0.926104898154351,0.928093265583876,0.938888750660296,0.945813426143341,0.9491643147381,0.950313212629734,0.958202186005195,0.959444157737901,0.961118981196237,0.965738648142779,0.971580066850549,0.972393595467207,0.974514636291621,0.976029030289225,0.976476584643141,0.976748308335421,0.977557785137987,0.978029561529392,0.978688672044195,0.978878531023204,0.979101542810452,0.983666552965429,0.984479692888286,0.984567432719809,0.985731927421811,0.985816478470399,0.985944005885738,0.986026292583399,0.986205673251247,0.986258733706553,0.986658335146808,0.986693323818838,0.987239812396362,0.989389337153145,0.989771242454685,0.990145470670709,0.990567447049546,0.990647214731447,0.990881400168758,0.990951591533027,0.991027605582946,0.991225548714428,0.991355166956887,0.991393150521334,0.991841005445641,0.991895748536374,0.991962320120055,0.99352678681481,0.994021441649951,0.994077298524025,0.994250332952047,0.994280634065323,0.994402569993834,0.994423281381338,0.99458863577951,0.99461096890523,0.9946364801233,0.994770415382915,0.994953010245265,0.994975861836041,0.995147330983182,0.995187329343705,0.995310097390339,0.995456389926494,0.995561075265393,0.99558015093228,0.995608943096013,0.995635666424193,0.995684247132018,0.995689539035895,0.995755453543709,0.995768165190663,0.995894768016483,0.99589796398581,0.995964394947551,0.995988016118599,0.996076553520352,0.996079416840215,0.996137595184469,0.996163830780685,0.996277523237225,0.996294847758218,0.996333587894876,0.996344258478524,0.996384012310172,0.996384561442135,0.996408683119727,0.996425005734047,0.99647222180883,0.996501434920747,0.996575835700109,0.996621964673134,0.996667314794432,0.996752440504395,0.9968176243866,0.996821780937911,0.997252794611177,0.997264503617501,0.997292092756325,0.997299850150487,0.997331643385665,0.997336117375201,0.997384346716612,0.997397387268007,0.997417462058816,0.997446038563428,0.997500375283568,0.997506511725785,0.997529867372938,0.997531021461254,0.997543825775314,0.997638294911248,0.997679990155685,0.997687475483231,0.997710727815085,0.99771244924536,0.997722225531112,0.997748567604377,0.997770750784953,0.997776701575809,0.997789271821661,0.997792815166163,0.997824759926766,0.997832429877789,0.997835435103506,0.997837708747876,0.99788509431888,0.997894381656424,0.997896473550228,0.997900442105804,0.997995289224583,0.997999704728037,0.998003555868142,0.998010686954352,0.99801514411838,0.998017503057208,0.998031841521155,0.998033184115511,0.998040795856743,0.998048785347525,0.998125460629164,0.998128492662227,0.998137314572583,0.998139771623284,0.998144573412457,0.99814837195675,0.998152365096677,0.998157132668813,0.998164517121522,0.998168917838095,0.998180463259764,0.998188072981549,0.998191625910681,0.998194016496364,0.998196700887518,0.998202196977656,0.998211152496665,0.998216489333248,0.99822163370518,0.998228512474622,0.998235637965711,0.998239026776793,0.99824537557517,0.998247596709882,0.998254563877257,0.99825953783299,0.998265796871067,0.998267210035282,0.998270248565439,0.998274554320435,0.998279263070074,0.998350443121926,0.998359811010961,0.998360491944112,0.998368129637926,0.998456445013232,0.998462039054143,0.998463565340768,0.998518864800769,0.998526717333748,0.998530480177261,0.998533612252628,0.998543229229079,0.998551028802597,0.998554113881704,0.998573423411506,0.998578850678961,0.998583910903893,0.998587148955771,0.998590039972691,0.998594056560559,0.998595658167973,0.998601054967678,0.998603199342648,0.998677032205346,0.998679741577486,0.998740953018615,0.998741319765675,0.998743393148077,0.998745278513839,0.998751423359438,0.998756324151616,0.998823697844388,0.998825428777691,0.998827650934231,0.998829338849939,0.998831809578694,0.998833691878414,0.998848032901705,0.998850099631608,0.998853658732808,0.998855620700074,0.998860445952739,0.998863218724108,0.998867003414249,0.998868044698154,0.998876399646672,0.998877649146037,0.998883943859961,0.998886888147645,0.998892899694168,0.998895422380295,0.998906318111267,0.998907994877919,0.998915643167479,0.998918391928671,0.998921778599098,0.998922914911139,0.998948271837281,0.998949857730692,0.998955855659344,0.998956544179557,0.998959285396622,0.998961678574545,0.998966623588709,0.99896892247954,0.998970719229993,0.998971047347966,0.998971938563353,0.998974883857015,0.998989558978266,0.998990433373324,0.998993817826713,0.998994186739102,0.998996745387157,0.998997577893245,0.999007245818833,0.999007347547569,0.999011303419466,0.999015624775086,0.999018289951281,0.999019139336625,0.999022395738973,0.999025890858433,0.999027978376246,0.999029598491453,0.999031458738755,0.999032733882035,0.999036028572495,0.999037484246691,0.999039974069058,0.999041325756281,0.999045802610541,0.999046886153553,0.999048651662719,0.999049390890731,0.99905175096768,0.999053037582851,0.999054268205601,0.999054525105441,0.999055558619628,0.999056842622862,0.999057958241705,0.999060546593945,0.999062165896806,0.999062714126416,0.999065582335825,0.999066385849218,0.99906906636564,0.999070665527321,0.99907407681426,0.999075132400519,0.999078056320833,0.999079262028491,0.999081098248719,0.999082919634379,0.999084694349556,0.999086086087246,0.999089196518075,0.999089976120685,0.999092004422889,0.999093403521716,0.999095804666126,0.999097571792922,0.99910089657459,0.999101200865624,0.999102931385035,0.999106240901212,0.999109313947288,0.99911038181396,0.99911335556121,0.999115431516375,0.99911670374291,0.999117338601306,0.99911944297503,0.999120904370325,0.999124175732831,0.999126301686502,0.999128374231043,0.999129139444203,0.999133471978791,0.999133696525576,0.999135699152117,0.999136678810987,0.999140621163393,0.999142156255438,0.999143903276448,0.999145343714832,0.999147873470927,0.999148335947504,0.999152491592828,0.99915356269157,0.999155175784315,0.999156072532854,0.99915909739477,0.999161873675374,0.99916364772794,0.999166304947099,0.999167641762446,0.999169477828129,0.999172790160004,0.999173505418537,0.999178364075609,0.99917922425643,0.999180622210675,0.999180669372727,0.999183664829801,0.999184451110754,0.999186908388944,0.999187633219076,0.999189107018727,0.999190562511231,0.999192019604924,0.999193504967704,0.99919581332576,0.999196565688932,0.999198008085336,0.999198746419827,0.999199019100025,0.999200184687425,0.999201435360223,0.999202056014111,0.999202837199762,0.99920364253425,0.99920412964078,0.999204520165102,0.999206185854293,0.999206630575244,0.999208014181249,0.999208983262134,0.999209796649938,0.999211229127815,0.999212940837944,0.999213294334915,0.999214708291472,0.999215618371235,0.9992160771258,0.999216674369203,0.999217446927316,0.999218062229415,0.999220032898232,0.999220424969639,0.999221376550318,0.999222665101216,0.999224176874665,0.99922458654131,0.999225735501381,0.999227480308029,0.999228318312787,0.999229026248041,0.999230670756429,0.999232492631346,0.999233460713409,0.999234112183375,0.999235098718141,0.999235869364272,0.999241009642806,0.999241009659507,0.999241560501319,0.999243103974404,0.999244191380276,0.999245091364317,0.999245953976588,0.999247019783826,0.99924848344974,0.999248966185341,0.999249611190426,0.999251432830693,0.999252389383578,0.999253288212299,0.999254292890156,0.999256452871232,0.999257566060911,0.999258549771773,0.999258773500833,0.999259556654385,0.999261016409231,0.99926223523665,0.999264203737993,0.999264675575586,0.999265449266115,0.999266117080349,0.999266528055687,0.999267578454409,0.99926794360397,0.999268449993707,0.999269295677981,0.99927007344787,0.999270712065601,0.999271492358872,0.999275323068056,0.999275872612833,0.99927650318367,0.999277596909618,0.999278085870198,0.999278507979833,0.999279688021197,0.999280340703955,0.999281859395292,0.999282520853114,0.999282958030053,0.999283310248155,0.99928468956096,0.999286453368372,0.999287431852403,0.999287930615592,0.999288821333683,0.999289031023677,0.999290243706913,0.999290277396566,0.999291155189689,0.999291647401485,0.999291952794357,0.999292139014946,0.999293053002434,0.999293447574304,0.999295130381105,0.99929541622052,0.999295803382285,0.999296781198816,0.999297179663726,0.999297839392662,0.999299870180872,0.999300214153402,0.999301426047542,0.999301429572669,0.999302605179256,0.999303129959259,0.99930403371203,0.999304762553419,0.999306178525035,0.999307628816878,0.999311581509845,0.999312081742029,0.999312617903614,0.999313032781218,0.999314253250863,0.999314469158954,0.999316256967267,0.999317456757684,0.999320747136525,0.999321088646976,0.999321431812095,0.999321688188076,0.999322062487887,0.999322475406661,0.999323714845602,0.99932443286183,0.999326018856908,0.99932616680246,0.999327280036537,0.999327653710597,0.999328260419186,0.999328260419186,0.999329181227255,0.99933002701654,0.999330854747005,0.999330888620527,0.999332491509231,0.999332821124052,0.999334578302137,0.999334963473021,0.999335379364175,0.999335900115463
0.797075553798223,0.850523800219468,0.862304263170348,0.88680988131843,0.914695826631832,0.936433949710176,0.946400334134887,0.957904161887663,0.963861791363595,0.964742494920145,0.969471824489529,0.973835136785183,0.976318548579232,0.976965635420013,0.979130106985005,0.979442664318241,0.980134377472241,0.980953465482342,0.981711896377283,0.981926282538438,0.982498201753075,0.982623625702442,0.982904330707829,0.98299126669355,0.983288253669083,0.983516198233611,0.984133683845571,0.984455214111333,0.98477320401433,0.984824982649304,0.985063533541115,0.98527033521108,0.985609411169072,0.986470679978763,0.986705726931995,0.987068984452278,0.987228757843512,0.987270871635468,0.987378024932494,0.987538249012506,0.987642243265982,0.988002083679574,0.988132418537562,0.98818377677204,0.988320284910391,0.98842326486422,0.988503309437761,0.9885205863443,0.988615530047213,0.98863290917561,0.988870706766807,0.988972222193049,0.989038471529104,0.989072453315712,0.98911533873862,0.989192771542083,0.989265600879369,0.989302078831256,0.989346161546655,0.989388826376299,0.989514007506568,0.989579566538127,0.989638298477273,0.989692107959611,0.989741747827231,0.989761637815074,0.989898556290807,0.989925053410298,0.989972604703279,0.990001329982257,0.990021195360656,0.990033545641266,0.990067386262413,0.990103470061113,0.990139850349449,0.990155937595373,0.990345346855885,0.990373739259451,0.990592740121623,0.99068936900618,0.990788816270685,0.990808465235107,0.990897026288628,0.990928753387088,0.990973504214164,0.990979111529156,0.991026940452399,0.9910968643951,0.991238920690026,0.991243223458505,0.991313118835331,0.991318000600526,0.991331025489411,0.991337480215485,0.991395167001764,0.991423336880956,0.991500322252921,0.991505179728767,0.991521215310494,0.991538933894859,0.99184412478523,0.991847777627967,0.991882153276001,0.991886734590125,0.992100444440114,0.992108283088424,0.992120784753457,0.993219041234627,0.993633574789268,0.993811592295673,0.994154792017856,0.994181344827862,0.99427450713973,0.994314936187349,0.994329213818366,0.994408555869989,0.994623217430994,0.994692721835675,0.994898671142615,0.994990274825243,0.995135720453903,0.995148018642472,0.995228688183638,0.995274659463298,0.995336644833147,0.995364626538644,0.99543398682169,0.995435438976148,0.995460059765534,0.995484831067722,0.995507567021378,0.995508868634031,0.995538971905628,0.995543021158505,0.995610373908562,0.995640102138978,0.99566195792798,0.995679667971062,0.995732029668867,0.995737874751765,0.995745004133533,0.99575254384683,0.99577709643281,0.995777769975535,0.995799538617043,0.995815576793245,0.995832526453507,0.995857291929379,0.996465997388678,0.996467705119502,0.996499371621033,0.996501089131447,0.996530133319701,0.996538000214912,0.996574929162538,0.996576229417747,0.996614861859506,0.996622243881822,0.996634072751512,0.996642900849492,0.996659192630903,0.996675838644854,0.996694793812798,0.996699518951891,0.996714692492899,0.996728753873726,0.99673104118104,0.996733609605581,0.996741596803613,0.996747263054084,0.996772859164593,0.996801686339177,0.996830258392251,0.99683495372771,0.99684273197316,0.996844937745914,0.99685270589498,0.996870582518724,0.996881195015769,0.996886913646047,0.996900304288763,0.996916004314968,0.996926558166497,0.996937417098444,0.99695303211558,0.996954030190831,0.996974409350653,0.996981768418259,0.996986923744884,0.996992232792071,0.996998331118525,0.997023960606217,0.997026952491169,0.997029786211767,0.997040007105059,0.997086632821568,0.99709455943213,0.997103190271551,0.997130479649308,0.997133258660755,0.997136036747963,0.99716879349023,0.997176737628525,0.997184029671346,0.997191128385467,0.997193692995577,0.997204017442356,0.997205484831905,0.99763599616703,0.99764965198998,0.997653316476275,0.997654216992369,0.997655414513261,0.997659661462938,0.997673003424828,0.997674179054615,0.997677874163994,0.997678398654206,0.997682243414714,0.997686427855507,0.997705735160877,0.997706448582033,0.997709495681508,0.997711292994558,0.997717700523429,0.997734931133273,0.997738208616403,0.997739377129886,0.997743883484108,0.997749907140792,0.997838257939466,0.997838768176572,0.997840442178373,0.997842190371981,0.997845419090101,0.997862364656445,0.997956279272028,0.997960577200615,0.997963468377707,0.997965417921968,0.997999631299319,0.998001793218295,0.998010788200155,0.998035863275051,0.998288497753114,0.998295711248558,0.998302214339135,0.998469447727582,0.99853739432021,0.998540053990613,0.99854250515369,0.998545627493908,0.998557577749452,0.998559420783991,0.998562654217043,0.998564750187549,0.998655208781503,0.998656588897699,0.998661847550959,0.998662104974982,0.99866632254836,0.998668314358687,0.998671601008827,0.998673092005485,0.998674466855157,0.998676135096938,0.998677610719712,0.998684985570576,0.998688576720421,0.998691836667754,0.998693797144262,0.998699750531965,0.998701005615384,0.998710738655828,0.998714522656132,0.998716060459452,0.9987201464629,0.998752616407184,0.998754688551176,0.998756700156216,0.998758871255124,0.998760612562358,0.998762151962058,0.998765729034174,0.998767522520812,0.998767867250865,0.998771285883383,0.998772431357342,0.998774874043838,0.99877607820121,0.998779946666064,0.998794282387869,0.998801651485424,0.998803214843283,0.998804126961353,0.998805283240273,0.998807635970088,0.998814984521562,0.9988164778492,0.99881735968245,0.998818859474149,0.998830473644395,0.998833072247402,0.998833529159141,0.998835228928088,0.998836066340058,0.998837987057729,0.998838765998197,0.998841207030059,0.998841900906554,0.99884478181048,0.998844988754045,0.998852152094702,0.998852344080514,0.998855606535449,0.998858083631832,0.998860409785168,0.998862711812914,0.998864085520692,0.99886517485177,0.998865579322771,0.998865675892142,0.998865832199739,0.998866647898851,0.998868739520807,0.998870369181549,0.998888705723795,0.998889746117564,0.998891588655724,0.998892034400374,0.998894276712507,0.99893313666107,0.9989845901028,0.998988140596321,0.998989542105266,0.99899139961976,0.99899334425666,0.998993891694815,0.999002513136826,0.99900588084971,0.999006786243479,0.99901084960351,0.999011592675881,0.999012161592589,0.999014691968926,0.999015521142903,0.999016342921083,0.999019352503468,0.999020467432089,0.999023138335678,0.999024392436536,0.999025201639953,0.999070164422587,0.999070989732549,0.999073171775506,0.999074115254818,0.999076952748739,0.999078228541967,0.99907931227087,0.999079999781248,0.999080484394587,0.999081471864943,0.999083076897889,0.999085658118163,0.999086015854003,0.999087021923962,0.999087989341099,0.999089037107691,0.999090500862507,0.999091126239942,0.999108723210622,0.999109391146891,0.999110695634903,0.999110925631691,0.999111938084905,0.999113279479851,0.999115906554546,0.999118289093142,0.999118978035054,0.999120054460086,0.999121551605727,0.999122941929949,0.999124077587061,0.999124992041669,0.999126172630186,0.999126488993118,0.99912736309356,0.999128073638273,0.999128975288709,0.999129725383708,0.999130402936429,0.999131189689378,0.999132907305085,0.999134176641831,0.999135080824151,0.999136694759671,0.999137339453412,0.999137898734978,0.999139154965782,0.999141357202631,0.999143766872724,0.999143951145718,0.999144249750882,0.999145365680545,0.999147754785495,0.999148338815833,0.999148891112472,0.99914912030844,0.999150076979214,0.999150443112587,0.999152073639319,0.999152730677251,0.999153665002206,0.999155285620977,0.999157316243018,0.999157727962473,0.999158285076853,0.999158461189716,0.999159223278359,0.99916072008493,0.999161301879108,0.999170132924094,0.999253272690706,0.999253437078273,0.99925469971715,0.999255173677609,0.999258013864517,0.999258698299337,0.99926330612661,0.999263502383684,0.999266571967721,0.99926678504507,0.999268282924258,0.999269162502674,0.999269581230619,0.99926997020758,0.999272120186804,0.999272218476678,0.999276683074903,0.999277440393474,0.999278407149324,0.999279164559635,0.999281329525689,0.999282085226422,0.999283623901219,0.999284247444837,0.999285123668761,0.9992856628058,0.999287659458448,0.99928879646505,0.999290196021072,0.999290605713156,0.999292781593581,0.999293358366905,0.999294555210207,0.999295505275973,0.999296398646039,0.999297691638625,0.99930016230742,0.999300728934741,0.999301917223913,0.999302112468808,0.999302742992963,0.999303223246017,0.999303764699635,0.999303867120043,0.999304938992534,0.999305330170697,0.999307779544476,0.999308552537387,0.999309285117977,0.999309605156388,0.999311765760827,0.999312012108365,0.999312816823336,0.999313597057226,0.999314100216316,0.999314454612725,0.999315197978706,0.99931627590502,0.999316611249841,0.999317535717435,0.999318555452226,0.999318830955237,0.99931997748385,0.999320404484174,0.999321153598126,0.999321609734115,0.999322670915141,0.999323294268092,0.999325135027519,0.999325488589982,0.999327376281655,0.999327580590116,0.999328826298433,0.999329054569927,0.999334001492831,0.999334438741439,0.999334472599345,0.999335209216485
0.819932538773909,0.863728733878565,0.868722252295758,0.882917255751489,0.890884853766813,0.921302110498846,0.929916611047102,0.936960474943544,0.944653910561929,0.94595237621662,0.949389659719429,0.951205895424788,0.968972664627785,0.970584545362749,0.973516045702207,0.97453412580028,0.977152255091924,0.977967680166481,0.981004035033366,0.981281633762342,0.982151806167825,0.982772135867735,0.98354671099911,0.983939995967723,0.984541698767448,0.984805448323669,0.985180744533796,0.985484207089768,0.985880528510479,0.986021744648868,0.986324841170028,0.986480449306793,0.986799358981566,0.986893344248483,0.987079156330874,0.987245070056121,0.987664313827748,0.987734854877054,0.98811581335539,0.988235042130084,0.988360030975797,0.988418288684674,0.988552589136104,0.988671983501153,0.98881523371237,0.98898302605281,0.989077245480874,0.989330810731526,0.989469837323347,0.989495863131834,0.98960186484167,0.989687204256724,0.989850638596785,0.989890180808977,0.990062906765492,0.990093408372053,0.990296625482062,0.990337654774095,0.990380491911789,0.990389730489279,0.990494296975102,0.990544132246871,0.990569947988115,0.990595822045698,0.990651598266944,0.990688976759271,0.990757756478966,0.990844475482241,0.990872294490029,0.990890894493887,0.990940237109514,0.99096032323692,0.991002714015313,0.991044653344634,0.991068914695635,0.991078067940219,0.991088636856697,0.991134220063453,0.99127177076477,0.991295385865115,0.991316867186249,0.991325769069892,0.991478892185504,0.99150520924598,0.991545800509394,0.991552866438228,0.991582607963045,0.991602896678421,0.991677755377888,0.991688103723986,0.991720575899247,0.991724705974799,0.991766657558298,0.991768942994072,0.991787401229463,0.991793735004699,0.991804784026871,0.991810684779795,0.991829490577419,0.99183977544341,0.992219780019245,0.992225267066445,0.992245425696764,0.992466852567605,0.99248229551171,0.992502659991716,0.992510390629481,0.992512535445025,0.9925299534733,0.992540924254055,0.992564591107472,0.992569881307783,0.992635848352061,0.992641578707211,0.992653463020885,0.99265846097606,0.99269309494307,0.992710130646672,0.992933691686449,0.992936784269131,0.992950743193039,0.992984727321479,0.993009721646948,0.99301168498948,0.993023597997686,0.993031130340417,0.993078213398221,0.993858317896593,0.993873929817401,0.993877190685802,0.99389379968319,0.993899235469935,0.993926505868302,0.993934430223768,0.994041691807654,0.994045025695292,0.994054669184589,0.994059935809553,0.994065510980244,0.994067659296145,0.994105273412323,0.994107714082317,0.994117138234638,0.994122172358628,0.9941268484966,0.994142086417928,0.994151680913642,0.99415360356969,0.994217118583658,0.994219210533956,0.994227948549467,0.994299504777171,0.994310653775589,0.99431527864875,0.994695364877425,0.9947552714176,0.99481115679713,0.994817516089773,0.994822356678624,0.99483219314778,0.994901907607683,0.994953229922481,0.994975673739377,0.994978345096673,0.994990011961598,0.994993315667033,0.995002533061601,0.995015120321593,0.99530989569297,0.995313076012633,0.995417833328956,0.995419808874442,0.995443680833904,0.995446232465455,0.995468352602647,0.995471289136914,0.995481995276004,0.995484062098378,0.995934066832787,0.995935677670339,0.99593790160057,0.995939866250449,0.995949211029787,0.995952875456985,0.995959283437946,0.99596198719944,0.995966528625133,0.995968540491893,0.995988110758967,0.995994320650271,0.99603507173861,0.996171475497646,0.996177619239428,0.996179145724521,0.996536033551075,0.996767654372612,0.996851648389606,0.996855007120789,0.996976470378587,0.99697773420365,0.997022343244001,0.99702416821821,0.997044409505668,0.997045632638455,0.997065389204432,0.997067346532992,0.997086765633684,0.997088032643207,0.997120546306424,0.997121814755027,0.99721427103318,0.997214796396912,0.99733486669797,0.997335268766198,0.997375236228303,0.997383246000051,0.997523470588312,0.997531916836272,0.997587993429951,0.997589679416834,0.997613315350135,0.997614385362756,0.997622175390913,0.997626240210022,0.997627843377551,0.997634017390389,0.997656578932835,0.997693508254937,0.997708729892083,0.997746502688306,0.997753644273659,0.99779576345879,0.997851108581279,0.997855148297352,0.997879800023373,0.997882066095672,0.997907892732186,0.997908344765335,0.997926284521637,0.997927144978706,0.997992241620536,0.998002468259152,0.998018907620198,0.998021190310656,0.998034818624772,0.998064346574614,0.998104586826018,0.998109728748144,0.998126229880386,0.998137308487711,0.998178896821297,0.998180868102312,0.998185072332667,0.9982076543715,0.998224775890143,0.998228284203969,0.998229794091199,0.998233108830554,0.998262888818573,0.998284808341166,0.998305321945857,0.998306183490413,0.998314800601128,0.998317385022763,0.998321639279549,0.998332005171553,0.998350934639119,0.99835805804891,0.998378226577886,0.998391978635407,0.998395076510093,0.998401946191241,0.998410737105109,0.998423734312633,0.998441633077094,0.998444518917883,0.998451605201422,0.998456101479846,0.998481206176903,0.998483281428282,0.99848938567861,0.998491368081208,0.998493182195553,0.998498716215371,0.998503205700799,0.998505821284532,0.998511920055876,0.998514951935435,0.99853622091995,0.99853828103803,0.99855381734853,0.998559737344821,0.998565402893687,0.998577149996753,0.99858981750045,0.998598413701184,0.998601631062256,0.998603099530405,0.998610870678601,0.998617309221725,0.998632730683362,0.998638496174321,0.998645346538478,0.998652790691743,0.99865677688174,0.998663511727801,0.99866545546337,0.998669284759584,0.998677377674476,0.998681028962188,0.998683083138619,0.99868527290296,0.998689210032994,0.998692973580666,0.99869911941513,0.998701844677095,0.998705442048364,0.998707646775602,0.998713082630164,0.998715219320278,0.998725442921531,0.998725732870714,0.998741782838133,0.998744980351898,0.998751159618222,0.998756081482342,0.99875783769622,0.998772360037558,0.998781242510436,0.998781713921468,0.998785113615561,0.998788728398855,0.998792904399419,0.998792936603314,0.998795054133854,0.998795942102582,0.998798338908893,0.998799154546001,0.998803664672465,0.998810182956787,0.998811756407477,0.99881472754604,0.998820727351602,0.998822016212205,0.998826942566562,0.998830560295797,0.998833274503376,0.998834369035583,0.998842730304722,0.998846200546134,0.998854458403892,0.998855342594265,0.998856810395554,0.998857739112333,0.998866751376586,0.998868034241689,0.99886917268956,0.998870799202488,0.998876473467828,0.998879211412948,0.998883108000823,0.998883386656696,0.998888919216111,0.998891720882965,0.998896234075153,0.998896830851291,0.9989061219002,0.998906648922183,0.998954433558273,0.9989550202957,0.998957745173063,0.998959295245219,0.998964170146637,0.998965588136803,0.998967016071323,0.998969034744672,0.9989717901113,0.998972597493303,0.998974033785376,0.99897489220928,0.998981760541606,0.998984413250492,0.998988700156278,0.998989788204672,0.998992399426766,0.998994467818186,0.998998734127287,0.998999367966972,0.999004485483772,0.999006011787102,0.999007404108693,0.999008125024179,0.999012593881013,0.999013629334533,0.999016982954555,0.999018380777926,0.999019132319397,0.999021460272429,0.999023204634971,0.999024881439107,0.999027822895517,0.999028748505569,0.999031473034896,0.999032563352366,0.999035229537862,0.999035588271363,0.999036990122391,0.999038941197275,0.999067983530539,0.999069895211413,0.999076646896615,0.999078987178359,0.999081073307132,0.999081603243027,0.999082186854312,0.99908380165999,0.999085523078017,0.999085523078017,0.999088623759205,0.99908919835267,0.999093061554071,0.999093447192808,0.999096851855542,0.999097485390807,0.999101490380801,0.999101650590378,0.999103800901424,0.999104342483733,0.999107076538959,0.999107181900485,0.999110929066164,0.999111344013397,0.999111799118125,0.999112763247714,0.999114956328522,0.99911770348095,0.999120966664293,0.99912248602272,0.999124076443033,0.999127859884477,0.999129143459742,0.999131191133754,0.999134577051741,0.999135841460708,0.999136598853368,0.999137746443339,0.999138753539794,0.999139047124878,0.999139958275791,0.999140437557734,0.999142283545577,0.999142687651392,0.999144600259164,0.999144859535577,0.999148819820417,0.999149278027603,0.999151025603142,0.999151888081508,0.999153413103509,0.999153842084891,0.999156795364825,0.999157086801695,0.999159018475074,0.999159985548269,0.999163409383095,0.999164767714311,0.999167019101681,0.999167754355859,0.999168802562608,0.999169103829641,0.999170514044873,0.999171014885587,0.999175788830403,0.999176800824686,0.999178178456174,0.999179136552383,0.999180301275751,0.999181033667081,0.999182083488071,0.999182693164483,0.99918478416513,0.999185784075026,0.999189088963157,0.999190098985045,0.999191030289215,0.999192056393507,0.999192954834894,0.999194063863413,0.999194637217072,0.999195666126066,0.99919873381829,0.999199338746355,0.999199881158995,0.999200104678998,0.999200907451724,0.99920123864966,0.999202084059853,0.999203225238442,0.999204512812313,0.999205433266178
0.789063934605204,0.847140005307936,0.858978754912969,0.883637119900887,0.888915255217974,0.914639588092273,0.926834766469064,0.929915771313991,0.937174696538809,0.940022933948259,0.950161631572205,0.955592437870973,0.961719345223053,0.96768625759123,0.972177987341133,0.97402338439174,0.975861313976693,0.976390342031882,0.977826672606429,0.978136929467216,0.979326420088613,0.980057668127184,0.981954649200424,0.982186172455169,0.982776653470285,0.982935571452522,0.98341394482869,0.983619873816709,0.98454363859497,0.984621304345118,0.985102086065516,0.985183910691184,0.985750165007114,0.985975882519574,0.986136315993344,0.98620300545738,0.986542245538766,0.986659209393498,0.986896117781267,0.986927260781342,0.991151371325124,0.991176430837692,0.991312919183401,0.991339385286183,0.991525923550909,0.991532887539105,0.992242007947944,0.992281595195535,0.992578840716142,0.992612529234044,0.992721480244616,0.992748758203658,0.992859941412109,0.992951868437625,0.993015571137507,0.993043949248612,0.993061261800226,0.993123533223225,0.993250599948432,0.993790171647576,0.993817924307598,0.993832703814384,0.993884009364211,0.993922864642732,0.994282997708827,0.994313417469967,0.994382228357569,0.994467110485831,0.995304056515421,0.995309567694226,0.995361286889041,0.99538651214731,0.995425123610149,0.995436881202284,0.995507031004659,0.995521472482883,0.995615785244205,0.995631503846799,0.99569378020565,0.995708258340914,0.995739686697961,0.995759810952593,0.995784248374221,0.995791335169611,0.99582458487729,0.99583654627681,0.995863291159006,0.995877200341632,0.995940415595358,0.995943244117316,0.995960322145403,0.996011892036543,0.996038320815325,0.996042585949732,0.996070721131688,0.996094216605878,0.996127690071128,0.996275071447781,0.996316099540115,0.996318025788513,0.996344502465742,0.996352840350195,0.996536483067793,0.996544250252828,0.996678213119748,0.996693480294626,0.996728465954913,0.996736161810519,0.99685955686293,0.996881370788088,0.996932407081852,0.996992230955664,0.997131436311538,0.997139404070091,0.997154290795516,0.997196115270801,0.997273486297916,0.997308604949236,0.997346837996557,0.99735150151367,0.997468001005109,0.997473192490346,0.997532088490132,0.99762541771373,0.9976705462822,0.997676998292693,0.997778333521373,0.997780713107169,0.99782378683434,0.997865042217064,0.997905143003899,0.997943844476244,0.997976048259944,0.997980165538417,0.998020535017392,0.998039674258956,0.998061276703554,0.998102132973935,0.998187247489358,0.99819178593985,0.998217887671476,0.998228118672078,0.998248002827532,0.998250679603273,0.998289584827509,0.998325150493761,0.998334785857851,0.998342179065705,0.998347165417902,0.998354675382171,0.998363010038052,0.998379329752197,0.99838243454183,0.998385806285376,0.998412079994302,0.998421894547675,0.998441279585607,0.998443037575546,0.998449647750262,0.998456551983149,0.998480482713252,0.998485387569145,0.998500500825953,0.998504477451996,0.998517171906674,0.998519037378572,0.998555110881388,0.998566379603086,0.998593976921558,0.998596552056091,0.998603030550883,0.998611725589038,0.998621238874166,0.998629437274729,0.998636971296185,0.998641814587444,0.998651190631138,0.998655519740424,0.998666501473919,0.998676702823816,0.998680224733171,0.998685338285094,0.9987022882778,0.998703051879517,0.998713628823752,0.99872111944181,0.998730152895235,0.998733202394452,0.998741079555142,0.998745588579093,0.998756259297376,0.998758645628078,0.998764026057318,0.998768059980788,0.998771674167651,0.998775698794896,0.998780474988374,0.998783208668798,0.998785683415266,0.998786202568827,0.998791165414605,0.998796498533879,0.998801719634917,0.99880523602088,0.998820703686046,0.998823290387079,0.998827396186034,0.99882975001275,0.998834046046609,0.99883513631894,0.998840058634529,0.998842338021518,0.998844702342458,0.998847176257103,0.998852036240005,0.998854003249719,0.998856615545545,0.998861752447354,0.998869898072165,0.998875792931671,0.998881583033867,0.998887449649656,0.998892498134226,0.9989014636123,0.998904488901466,0.998904995881917,0.998911999390491,0.998913367501232,0.998916223418197,0.998919258788196,0.998925280396043,0.998927030357897,0.998936338827543,0.998937484790927,0.998945428414925,0.998947015882221,0.998948544295533,0.998949656150943,0.9989515280517,0.998953358377923,0.998957544616733,0.998959898264848,0.998965868860877,0.99896764771001,0.998971214177859,0.998972638526932,0.998975836916688,0.998977024777631,0.998982051277243,0.998982474845906,0.998988445541683,0.998991948760281,0.998995724984066,0.998997499818191,0.999000212150938,0.999001741098842,0.999004957573515,0.999005264247804,0.999007267780503,0.999010332281179,0.999013131209981,0.999013248015225,0.999014819484878,0.999016528800593,0.999017724698656,0.999018412830913,0.999020148701311,0.999022105633097,0.999025371345955,0.999028030074974,0.999031758064162,0.999033944540705,0.99903618247393,0.999038053493512,0.999043760399697,0.999046610266787,0.999049059488694,0.999050934695755,0.999054284304725,0.999058123681347,0.999061175378942,0.999061941561419,0.999065383391621,0.999065950656322,0.999069613403007,0.999069844138644,0.999074095143118,0.999076133816484,0.999078898774172,0.999079930098634,0.999081820287983,0.999082349078674,0.999083691797023,0.999085191525509,0.999089657529071,0.999092113409566,0.999097551153773,0.999097940943551,0.999099787074985,0.99910112591683,0.999105717035199,0.999106414603727,0.999111049932586,0.999112392499931,0.999117533546364,0.999117791493232,0.999123768607968,0.99912469527486,0.999126984631573,0.999127508273023,0.999131565099898,0.999132675777688,0.999136399546288,0.99913751365537,0.99914029179408,0.999141019239367,0.999142910882236,0.999143552745359,0.99914566951712,0.999147681507633,0.999149112901545,0.999150767312486,0.999152529859397,0.999155216743888,0.999157602954438,0.99915784029498,0.999159948003479,0.999161403473707,0.999165482735998,0.999166178115718,0.999167136149958,0.999168511161333,0.999171161714989,0.999171528114788,0.999173160707962,0.999173881647388,0.99917475444197,0.999174978485369,0.999175936289921,0.999176865976761,0.999178995773947,0.999179774418202,0.999180930121635,0.999182615436421,0.999182739414002,0.99918305276715,0.999184136152628,0.999184667204637,0.99918723880676,0.99918794077353,0.99919044742081,0.999193364505565,0.999194160757912,0.999194867774128,0.999196805783812,0.999198032519858,0.999199564777433,0.999199700052383,0.999200736785382,0.999201526337431,0.999202354240115,0.999203340415016,0.999204550276949,0.99920503459265,0.999206465983025,0.999206830851817,0.999207042393789,0.999207620429,0.999209417147153,0.999209524777117,0.999211802833105,0.9992134572624,0.999214289426817,0.999215151457185,0.999215673008184,0.99921608978532,0.999217956628027,0.999218198472069,0.999219647631775,0.999219867779764,0.99922004299048,0.999220311584109,0.999223060001571,0.999223849650555,0.999225245640793,0.999226053277764,0.999226712235614,0.999227249633806,0.999229815919034,0.999231238347039,0.999232407760726,0.999232886122928,0.999233564108948,0.999233838792898,0.999235470486415,0.999236274521928,0.999238137491537,0.999238549732234,0.999239219458464,0.999240195926157,0.999241161141346,0.99924219258002,0.999243516525428,0.999245227845948,0.999246478647063,0.999247136067492,0.999248225861883,0.999250244258293,0.999251914988921,0.999252638850738,0.999253586685779,0.999255135654697,0.999257362282858,0.999258223241922,0.999260213948558,0.999261303903207,0.999262870066411,0.999263178483765,0.99926411262224,0.999265289308603,0.999265916059344,0.999266763417913,0.999268270517641,0.999268475758359,0.99927075812294,0.999272629322187,0.999275074401303,0.999275502137246,0.999277663883955,0.999277825655497,0.999279026598384,0.999279554659311,0.999281209576381,0.999282033870849,0.999283662553672,0.999285943941879,0.999288485456676,0.999289106025117,0.999291041758876,0.999291191316719,0.9992919572358,0.999292217533734,0.999293664674535,0.999294528640201,0.999296841546777,0.99929739777518,0.999299321060488,0.999299789776803,0.999300887237486,0.999301173309977,0.999302375120686,0.999304199597728,0.999306167818321,0.999306976193616,0.99930818459385,0.999309031098059,0.999310243691401,0.999311643403346,0.999313459609488,0.999313872421978,0.999317232746299,0.9993178750925,0.999318550371638,0.999319189793954,0.999320095671646,0.999320585698788,0.999320903899885,0.999321761585517,0.999323334770488,0.99932410332366,0.999324363203831,0.999325141909861,0.999326331964047,0.999327175405905,0.999329078283979,0.99933072234521,0.999332453908005,0.999333368843289,0.999334299523989,0.999336108755272,0.999337887681367,0.999338631120325,0.999339163946899,0.999339258837555,0.999340307841644,0.999340852920464,0.999341047693784,0.999341468763399,0.999342294942596,0.999342517814116,0.999343788910332,0.999344342877844,0.999344928854253,0.99934552585423,0.99934622868302,0.99934748884096,0.99934855337264,0.999349294254572,0.999349652664375,0.999350031108782
0.835486847353974,0.897597279200065,0.901765730536087,0.902679585201949,0.905911515975685,0.915699212548029,0.922643565813589,0.924268442327584,0.935858147715947,0.941493339472031,0.945223547892112,0.950121726350865,0.957834619658193,0.960299268246732,0.962846666655189,0.963914427264423,0.965971114154282,0.967072049315579,0.968688118737594,0.969409438857308,0.970904490071605,0.971258835570451,0.97180567776987,0.971973676923236,0.97272198708619,0.973045407075293,0.97346058995724,0.973659889694765,0.974011317924673,0.974197476938718,0.97456139030476,0.974767675057792,0.97489954854644,0.974981880897621,0.975202700620108,0.975307166425261,0.975495322308045,0.975560815147603,0.975723280087666,0.975767146786856,0.975905875458939,0.975980769944336,0.976152126098665,0.976222526669802,0.976274476051866,0.976323709690275,0.976384877795922,0.976401419486742,0.97649984689822,0.976526350526886,0.976575752590018,0.976627351607284,0.976710895968916,0.976772002630899,0.976826525203257,0.976855931770088,0.976881929784584,0.976925504354949,0.97698295944833,0.977002049284665,0.977085991205348,0.977122022049276,0.977168486456109,0.977189682197417,0.977236516861656,0.977251329569776,0.977281196108605,0.977306016972523,0.977364971535418,0.977385748913585,0.97741444223362,0.977422449746812,0.97746054143311,0.977474517638705,0.97751052097881,0.977538925762751,0.977583130345845,0.977597451230135,0.977617384621555,0.977655085593522,0.977682455879912,0.977697489424921,0.977754278608272,0.977762168521628,0.977779162227498,0.977788092414334,0.977821349011832,0.977827709323824,0.977857456069737,0.977861910712955,0.977872203454885,0.977886094401692,0.977909288669661,0.977912115507034,0.97792260574075,0.977937629029996,0.977946673006914,0.977953372421087,0.977973668550616,0.977974776909622,0.978095878550358,0.978104258414384,0.978120698854702,0.978125567543991,0.978157763672685,0.978167442699544,0.978181531770287,0.978190634275251,0.97821084606879,0.978212976380264,0.978262412529564,0.978266007508914,0.978278673416686,0.978291299311675,0.978302887445626,0.978309826898806,0.978321744923966,0.98068531043734,0.980693718117355,0.980697315668776,0.980711467985747,0.980723326270684,0.980728577426815,0.980734203215943,0.980745195431373,0.980747118740781,0.980755661477525,0.980759810407296,0.980787129155165,0.980806546132677,0.980811667881158,0.980816962376083,0.980851901123301,0.98086314018189,0.980902556378375,0.980907704273394,0.980958441185226,0.980960343796057,0.980971734399978,0.981008864572017,0.982617781902706,0.982620076670838,0.982627846675161,0.982633372918738,0.982635798355002,0.982641583191764,0.982643485788969,0.982645303876045,0.982815102780879,0.982823932142568,0.982854391860095,0.982857057977163,0.982875142286992,0.982880440605993,0.982900199534011,0.982908209167267,0.985128797442739,0.98516475075598,0.985174175124958,0.985175967690056,0.9851884898121,0.98519714826627,0.985213970369624,0.985221759152266,0.985230280133571,0.98523632135354,0.98524123092244,0.985250286891139,0.985586971760992,0.985591154935651,0.985637439133468,0.985647122286986,0.985651077308072,0.985653234168174,0.985674183604466,0.98567560393671,0.985678851983741,0.985683274848942,0.98568464931289,0.985687120916736,0.985705432781431,0.98570607210122,0.985710924265318,0.985712320503225,0.985719666370884,0.985723196773845,0.985725515667826,0.98572761639517,0.985731798200436,0.985735145026213,0.985744613895024,0.985747330243535,0.985755583307494,0.985758322712464,0.985766008628636,0.985787898984556,0.985803464095448,0.985807768983181,0.985820374130559,0.985835803032989,0.985855975449336,0.985856889080007,0.985867475478085,0.985870919274006,0.985901412395578,0.985902254459586,0.985910595824129,0.985916760722487,0.985935799790849,0.98594365538718,0.985981839166304,0.985982473410554,0.985987656224019,0.985992746187358,0.986001054170644,0.986004192449903,0.986014648450892,0.986015646146272,0.986024892782754,0.986027504833585,0.986031633721702,0.986031837524068,0.986033655380095,0.986034380652449,0.986040165467528,0.986043271572151,0.986044630282882,0.986048202512331,0.986054262978946,0.986057579949894,0.986059174711871,0.986068438264133,0.986076291546503,0.986079745425574,0.986102035933893,0.986103769123156,0.98610645905976,0.986108750884441,0.986112361331736,0.986113661735319,0.986117366678419,0.986118073735232,0.986126104210878,0.986127585370098,0.986129838234249,0.986131063034077,0.98613592504148,0.986137137256348,0.986140896124247,0.986143116757621,0.986145949066564,0.986147128402621,0.986173814347238,0.98617552906765,0.986178778777664,0.986182566647255,0.986189105301628,0.986189695281256,0.986194256487549,0.986194984723888,0.98619841146434,0.986199709853914,0.986203404064729,0.986204788209648,0.986212396364913,0.986213167567329,0.986218854110503,0.98621978017124,0.986223394807522,0.986225083183568,0.986236401719356,0.986238395966684,0.986243153100157,0.98624480038895,0.986245388911706,0.98624610958631,0.986247808060928,0.986248111641285,0.986255949208725,0.986258271450276,0.986264106530178,0.986264657803911,0.98626579628005,0.986268620815582,0.986270978914411,0.986271639559156,0.986281449627175,0.986283054163738,0.986284502277044,0.986285102767301,0.986287418713728,0.986288057915015,0.98629214906155,0.986292457111812,0.986294456372441,0.986295264356392,0.986296423846711,0.98629808000792,0.986302896526151,0.986303493926174,0.986306245759711,0.986318222942434,0.986318867074777,0.98632026114741,0.98632472347393,0.986326169702673,0.986327841226559,0.986328850604668,0.986331373976264,0.986332675126227,0.986335724293974,0.986337256200331,0.986340911899341,0.986341096119504,0.98634168469578,0.9863440934696,0.986344340118739,0.986344395309192,0.986345344018353,0.986348075346582,0.986351586675768,0.986352319639685,0.986355004402085,0.986355986390433,0.986358593015959,0.986359040012337,0.986361171469943,0.986362581855834,0.986364802451814,0.986367722417192,0.986373403324694,0.986373607941117,0.986376894592135,0.986377437964112,0.986379443677833,0.986380684715665,0.986383586998736,0.986384037550763,0.986384688154943,0.986385264762103,0.9863879579293,0.986389701286699,0.986392351719629,0.986394725374018,0.986397401468619,0.986398769991518,0.986402020438816,0.986402981540666,0.986403552697944,0.9864037014056,0.986408157199162,0.986409491036962,0.986412695851184,0.986414416256813,0.986425231395246,0.986427304567901,0.98642834934383,0.986428494039469,0.986430094029832,0.986430294279719,0.986432162824171,0.986436873256986,0.986444517751943,0.986445277696304,0.98645645723327,0.986456507897988,0.986458533998295,0.986458574500489,0.986463017128615,0.986465412662811,0.986466170789178,0.986466686341148,0.986467392945894,0.986471320956763,0.986474063076405,0.986474235841748,0.986476800731227,0.986476816978549,0.986480131205168,0.986480933870429,0.986485241367335,0.98648567221535,0.986488918784602,0.986489075686847,0.986490847425927,0.986491282289519,0.986492414919831,0.986492566421779,0.986494829070304,0.986495207891262,0.986495842700609,0.986496862825672,0.986497326699717,0.986497673292979,0.986499204108312,0.986499476348712,0.986500827075198,0.986502374435925,0.986503593555688,0.986504053148262,0.98650431741822,0.986505554859938,0.986507515393575,0.98650855143151,0.986511257190168,0.986511257190168,0.98651397708016,0.98651437939415,0.986516479085452,0.986516949120347,0.986518443989101,0.986518654669067,0.986519879225697,0.986520022703248,0.986521153273406,0.986521944873089,0.986523172877551,0.986524524137622,0.986524886955908,0.986525558066615,0.986529648690068,0.986533465923571,0.986534742746309,0.986535696298547,0.986540499610323,0.986541761597194,0.986543434095017,0.986543691593727,0.986544303575488,0.986544754387543,0.986545941602259,0.986546954003352,0.98655201218606,0.986552068836456,0.986552591279273,0.986553226496843,0.986553682984574,0.986555830157793,0.986556924177353,0.98655955935293,0.986562352583433,0.986562736622483,0.986564988297733,0.986565868233086,0.986566896345973,0.986567291149278,0.986568210815835,0.986568335271336,0.986571313873402,0.98657163897813,0.986572534383288,0.986574146274171,0.986575476233625,0.986575945368725,0.986577460494001,0.986577800010078,0.986578824710639,0.986579234623668,0.986581059385768,0.986581467282653,0.986582903938436,0.98658328148951,0.98658473042554,0.986584965474563,0.98658558149974,0.986586295652446,0.986586888848267,0.986587878253032,0.986588928788818,0.986607732687568,0.986609018690621,0.986609255106073,0.986610667938003,0.986611090975306,0.986612140206934,0.986612827397913,0.986613223470614,0.98661324140774,0.986613862194363,0.986613899287094,0.986625441014809,0.986625441014809,0.986626834935144,0.986627712076562,0.986628981719785,0.986629101146098,0.986630843982789,0.986631987350684,0.986633983564967,0.986635207884458,0.986637530859123,0.986638365499374,0.986639390709997,0.986640090389495,0.986640938816876,0.98664239002292,0.986643482306278,0.986643775066179,0.98664783326333,0.986648560710508
0.800548931643505,0.817325753003455,0.826595918059417,0.840388369236053,0.846818154182269,0.899728141078961,0.904388830097252,0.916795932810097,0.924166844435992,0.933755833049998,0.946813745604647,0.947407958944221,0.956146347311202,0.95712111204401,0.966327676706103,0.967116706742051,0.972022429266174,0.973033681387285,0.975667027218321,0.976292094457497,0.978575223603627,0.980574036173708,0.981283427322863,0.98400969421004,0.984755294144266,0.985505435987205,0.986093278748237,0.986377900442194,0.986775519432059,0.987026125719568,0.987322988607514,0.987447951487109,0.987736581887433,0.987800471219104,0.989340122088677,0.989396287248325,0.989581912362469,0.989873134719733,0.990068780611458,0.9900813744922,0.990197215008514,0.990348072459938,0.990610599544341,0.990666359715203,0.990784162510285,0.990841876360758,0.99091897302973,0.990962441022041,0.991247512345095,0.9912668390363,0.991321528721544,0.9913555047462,0.992178178097954,0.992212734293468,0.992264856501483,0.992287679097027,0.992690699297026,0.992700583935697,0.992849383783872,0.992876799061895,0.992931356354337,0.992961595467993,0.993396781506945,0.993409000181152,0.993739309842798,0.993746290620376,0.993956760202784,0.993998022437301,0.994034830313442,0.994046639460654,0.994190601883392,0.994338660086959,0.994577740967832,0.994591203588313,0.994651941704538,0.994746570867343,0.99483483279534,0.994847319198122,0.995089445268958,0.995103316680504,0.995166839520534,0.995416778047363,0.995670313314567,0.995686378331088,0.995786028533653,0.995796152727488,0.995833841728007,0.995844349606138,0.995868351399236,0.995872959502544,0.995959508260263,0.995971918925273,0.99611928582137,0.996177331850338,0.996457914021309,0.996527464044695,0.996639777519356,0.996753045086227,0.996826951989829,0.996881872174219,0.996897156885683,0.996941846921446,0.99708547883607,0.997117112517326,0.997169081341135,0.997185539142009,0.997262135101463,0.997347306989842,0.997423183979031,0.997450189310857,0.997515861053794,0.997530205645891,0.997547628304292,0.997567583756637,0.997637016730966,0.997637288521658,0.997646183591437,0.997703417940195,0.997755414629652,0.997767013222442,0.997795940368044,0.997806998257649,0.997814318729013,0.997820519526159,0.99786419340325,0.997867400667018,0.997876356070481,0.997885551421379,0.997926729719686,0.997957275254378,0.997977171469169,0.997984224003619,0.997999571832749,0.998025007731231,0.998031188991734,0.998034073247711,0.998046803330608,0.998053122745468,0.998059822858434,0.998063786546011,0.998074486155475,0.998077501356196,0.998110794705595,0.998117044766437,0.998134999468199,0.998137763976163,0.99815075727024,0.998177578817,0.998188399406605,0.998192439722179,0.998208081473309,0.998215634319368,0.998230596423639,0.998234633584487,0.998246147539752,0.998275854850898,0.998279482068273,0.998287777487069,0.998296118126303,0.9983000227511,0.998308489424161,0.998313111247239,0.998324364633776,0.998335949745692,0.998349153094952,0.99835065631649,0.998366900065217,0.998377663056357,0.998384922997618,0.998385394633108,0.998400634969763,0.998402022170579,0.998409395275378,0.998411596849231,0.99842438841825,0.998426144863508,0.998430535706236,0.998432186171806,0.998433445885675,0.998442898249424,0.998447537805055,0.998448674158543,0.998456773026821,0.998467183116713,0.998472017130701,0.998472697558371,0.998478474125786,0.998480884121044,0.998506859236324,0.998508787561946,0.998512392954117,0.998521714285034,0.998529629827549,0.99853800076768,0.998541619055334,0.998543492433347,0.99854710133454,0.998548258142501,0.998554165380993,0.998556170311635,0.998558063020637,0.998559680214278,0.998564017565056,0.998566891834164,0.998568342755848,0.998570276557755,0.998682631051177,0.998683574631897,0.998692059649636,0.998697811131516,0.998713597983704,0.998714679039612,0.998732278770735,0.998736244875151,0.998743341506694,0.998744301171504,0.998761943461246,0.99876700138449,0.998768458307186,0.998769389544367,0.998774908288481,0.998776484258266,0.998789349906185,0.998791177428535,0.99879359048411,0.998799640379671,0.998805543788112,0.998810194277355,0.998819078267244,0.998820704209342,0.998825042771368,0.998842961185233,0.998847872293777,0.998852809677137,0.998858508097611,0.998866605596072,0.998872905859875,0.99887468181651,0.998881549272882,0.998882826810708,0.998893283525434,0.998901621128068,0.998910569966948,0.998913055728756,0.9989270404537,0.998931227233345,0.998937428881797,0.998941496759066,0.998946206532939,0.998947163295893,0.998949901666392,0.998952211950391,0.99895774385867,0.998960676963225,0.998965949578269,0.998966902650762,0.998969033283014,0.998972659309773,0.998975548604916,0.998979279421664,0.998985630593873,0.998986095088116,0.998990952802774,0.998996004223637,0.999001838479583,0.999005727894606,0.999008568889467,0.999009624373146,0.999012921367506,0.999015429543237,0.999016298730234,0.99901715343772,0.999021662615061,0.999023824528641,0.999026293960975,0.999028301019006,0.999031930262595,0.99903492467834,0.999038780579813,0.999040393065762,0.99904413269214,0.999045532793556,0.999047639937233,0.999048590565019,0.999052374699023,0.99905426680525,0.99905705447377,0.999066964911214,0.999070353237952,0.999071392310605,0.999076698804105,0.99907801025921,0.99908035935894,0.999080645539503,0.999082897786903,0.99908550762697,0.999090514148443,0.999094622258318,0.99909758391831,0.9991014141049,0.999104340151481,0.999105457249652,0.999107273540977,0.999108185346129,0.999111671478653,0.999112054699009,0.99911407658422,0.999114815544389,0.9991173997788,0.999117939049172,0.99911981049623,0.999121948230794,0.999123943588486,0.999126818986351,0.999129358919033,0.999130656215095,0.999133680093478,0.999137702301718,0.999141464354444,0.99914192505573,0.999148968367885,0.999149706983641,0.999151447813448,0.999154723812674,0.999156565928689,0.999158399737019,0.999161599009222,0.999164270692168,0.99916607185686,0.999167638938062,0.999169075928538,0.999171351125224,0.999178130487978,0.99917837379942,0.999180955158044,0.99918151970153,0.999184372728719,0.999186856752588,0.99918894977869,0.999189877894339,0.999192182638981,0.999193538601776,0.999195513723969,0.99919656584887,0.999200910768528,0.99920386105185,0.999205726896097,0.99920687162033,0.999208620804411,0.99921105574682,0.999211824655587,0.999213321022676,0.999216226366588,0.999216883759897,0.999218500759201,0.999220571331831,0.999221872385723,0.999222949229897,0.999224505828447,0.99922548202485,0.999227197256588,0.999228417970543,0.999229392713191,0.999230837255948,0.999231295993313,0.999234770875154,0.999237916939031,0.999240531785957,0.999243512936916,0.99924415618698,0.999245371330271,0.999246663382631,0.999248908562041,0.999251520610553,0.999252776768626,0.999253721424402,0.999255890527226,0.999256118983872,0.999263657811207,0.999264746013022,0.999265973139353,0.999266512829271,0.999266921664084,0.999270006643395,0.999271764688414,0.999272457180898,0.999273460594392,0.999274058826564,0.999277481312239,0.999278485841384,0.999279683624603,0.999284913251917,0.999285921910327,0.999287031915328,0.999288992089751,0.999289875286046,0.999290007192894,0.999291502664484,0.999293176763268,0.999293757497458,0.99929413632362,0.99929458262336,0.999296272136798,0.999297005353195,0.999299211351466,0.99929996019601,0.99930100547725,0.999301672475425,0.999301845967618,0.999302668920246,0.999304784372755,0.999305578204346,0.999307458852635,0.999307892386242,0.999308855193631,0.999309852594018,0.999310489889633,0.999310800652431,0.999312839819461,0.999314051572515,0.99931486514275,0.999315202051903,0.999316511668205,0.999317269649759,0.999318471928979,0.999319022824243,0.999320555373086,0.999323335125515,0.999325792371429,0.999327011742589,0.999327760512949,0.999328432199397,0.99933041282178,0.99933041282178,0.999331022781064,0.999333659620003,0.999334684185437,0.999335465116137,0.999336672285451,0.999337955892033,0.999339512264458,0.999339944001749,0.999340563751133,0.999342243644361,0.999343189065923,0.999343737220541,0.999345057238488,0.999345887933029,0.99934667197812,0.99934737561585,0.999348415112142,0.999349619629504,0.999351093521113,0.999351457701284,0.999354680214124,0.999355750589078,0.99935599649968,0.999357037680854,0.999358658765876,0.999359342809329,0.999360436872568,0.999360573357785,0.999361002294421,0.999361485461779,0.999362761089764,0.999363046612377,0.999363533223312,0.999363863835121,0.999364738667903,0.99936518004606,0.999365899115966,0.999366193721547,0.99936665477391,0.999366941181803,0.999367746004405,0.999368158826768,0.999368968645265,0.999370236052831,0.999370932549882,0.999371875643867,0.999372636847797,0.999373573124552,0.999373744072985,0.9993743885541,0.999375429550084,0.999376760550239,0.99937735802233,0.999378055702598,0.999378716928526,0.999379755985608,0.999380230321332,0.999380744346738,0.999381327891747,0.999381539663157,0.999382182044977,0.999383364089129,0.99938404674024,0.999385281038056,0.999386203216741,0.999387348264552
0.807115735118244,0.853624357522782,0.863795561509965,0.874048405762742,0.884923170873096,0.889671104040757,0.892748511415845,0.897308220454733,0.906865923537035,0.91043047835645,0.927452627340342,0.928359643446184,0.931194041045628,0.935060497607366,0.938979917095597,0.939260261728692,0.942990297491538,0.943258052279623,0.946633975478732,0.95218384110571,0.954996018794139,0.955571445554226,0.958866930556655,0.959448503076594,0.959896580331586,0.962612051958088,0.966677166962222,0.966947345464925,0.970719110657558,0.971149729167068,0.974124402716284,0.975115729194344,0.976141689027627,0.976349421673388,0.980385256285467,0.980957416872233,0.983001309394982,0.983738758359872,0.984390299291949,0.984545085994505,0.985421577631008,0.985557895755236,0.986042267088887,0.986296191882582,0.986596524787903,0.986729395229064,0.987391449942402,0.987522122412988,0.988138216982174,0.988186286380059,0.988465226188611,0.988609697935098,0.988817263153801,0.988964037567319,0.989237765641181,0.989432632657738,0.989638057825388,0.989770542008872,0.98984137736705,0.989911074020808,0.990051104176229,0.990145020388769,0.990529237372534,0.990586962168919,0.990790064014576,0.990868946868441,0.991005117395303,0.991008768684507,0.991138609803485,0.991242256155505,0.991333694377233,0.991345198732257,0.99144102670954,0.991495826929365,0.991615942809269,0.991664967945862,0.991759366416048,0.99176541183719,0.991906060927017,0.991945826600267,0.992171223506506,0.992209841036541,0.992254967557058,0.992319146288513,0.992400872230087,0.992444974377348,0.992486516603554,0.992517855993211,0.992557355619863,0.992596477161499,0.992640714010416,0.992685766214759,0.992750802035673,0.9930762766856,0.993113748130885,0.993158174956724,0.993267829312775,0.993283729715134,0.993373170649494,0.993385965155131,0.993429393220957,0.993440803104812,0.993469090459789,0.993491180224002,0.993512238198463,0.993519106453883,0.99360989511906,0.993614201047335,0.993657624694083,0.993668642317647,0.993709326878251,0.993717981358112,0.994193778360938,0.994202213166822,0.994296633557714,0.994444259475012,0.99470984336253,0.994745255813532,0.994866320085553,0.994913923492512,0.995042721662359,0.995055767522043,0.995109311457614,0.995136635200148,0.995197988024239,0.995206982662415,0.995294653356543,0.995315480356151,0.995381625411532,0.995384226877116,0.995407175996672,0.995414255734686,0.995523618212011,0.995549434808568,0.995644592816339,0.995661086103149,0.995689127174646,0.99573203656545,0.99575173234126,0.995770326087224,0.995861363163512,0.995890814238554,0.995903179713735,0.995939959425981,0.995954597177696,0.996121563283334,0.996207645437047,0.996214500986335,0.996417140829938,0.996535362648979,0.996558914798905,0.996563999480452,0.996633876377043,0.996652930091318,0.996762002861686,0.996772738820856,0.996847964969118,0.99697484551098,0.99705879974208,0.997118895789859,0.997197935730564,0.997214468933521,0.997286547845199,0.997301635443018,0.997343109934729,0.997359695822209,0.997414848626084,0.997434332405234,0.997479604141196,0.997540150889087,0.997599177352064,0.997650546384673,0.997760313009294,0.997776426513824,0.997792473562916,0.997807679100184,0.997819724522636,0.997859900224103,0.997931885527716,0.997940892137801,0.997954492097159,0.997964028185606,0.997997070649753,0.998007146526829,0.998031479423887,0.998039584928005,0.998051443728091,0.998065750351499,0.998092440399162,0.998136157072635,0.998155786923113,0.998163428237312,0.998190839973261,0.998195485634332,0.998213518421196,0.998222519065785,0.998246620212896,0.998250192946162,0.998260651652358,0.998266978222295,0.998299556655263,0.998325080555242,0.998337601753367,0.998358588600916,0.998369760913911,0.998374412508878,0.998380462970929,0.998401960995519,0.998413719848078,0.998433140662089,0.998442077180246,0.998451190357848,0.998458651014469,0.998463803170369,0.99848060462679,0.998492030462833,0.99850041689998,0.998512876375158,0.998523689057514,0.998533251580057,0.998548454754757,0.998553277528473,0.998563926665468,0.998565856235236,0.99857549861482,0.998577651102325,0.998592771145043,0.998600573597762,0.998606419934531,0.99861107965676,0.998619220783116,0.998622126557306,0.998636714222962,0.998640584274687,0.998656702844631,0.998659845903738,0.998673269597534,0.998674848285179,0.998682885247747,0.998689916224623,0.998699491319241,0.998701379043908,0.998712285179276,0.998714223072659,0.998720937582812,0.998723562073442,0.998732358764521,0.99873562021687,0.998746712174064,0.998748887965575,0.998755999300488,0.998766738672222,0.998778311269263,0.998780261213867,0.998788370799719,0.998790705480124,0.998794550198587,0.998797793894799,0.998800684650085,0.99880406874263,0.998807182886823,0.998810697428399,0.998813710572766,0.998814626435951,0.998817135527653,0.998818975674364,0.998825073194238,0.998826695241089,0.99883530689356,0.998836349817473,0.99883850683893,0.998841002729796,0.998849802240187,0.998857517517207,0.998866063595796,0.998868200428026,0.998877844722867,0.998879911315991,0.998885471047754,0.998888467595662,0.998893646075495,0.998898609710648,0.998901773991244,0.998904933906989,0.998907320188289,0.998912017691133,0.998915473091867,0.998916608736746,0.998919758463066,0.99892150987185,0.998923952663759,0.998929266121016,0.998934269215434,0.99893706351191,0.998940504285702,0.998941574768078,0.998947604950457,0.998947885071851,0.998950843482516,0.998952969266506,0.998955740303857,0.998960202455625,0.998964345554431,0.998966175658775,0.998971229980368,0.998973160166409,0.998976039848313,0.998979333324051,0.998984198194327,0.998985395850542,0.99898824871957,0.998989585654626,0.998994099240943,0.998995394758094,0.999000388715547,0.999002672646976,0.999003815882302,0.999004096918264,0.999008150112727,0.999008929642269,0.999010176421956,0.999011574092586,0.999015244842506,0.999017774575915,0.999021532967895,0.999023323722296,0.999026821802978,0.9990283255844,0.999031758798329,0.999033917520112,0.999038923708664,0.999040753751589,0.999044545739495,0.999045716979474,0.999049170865257,0.999050070937668,0.999052509163557,0.999055889926771,0.999060753866585,0.999062247440953,0.999065551889906,0.999065860935755,0.999070686017332,0.999071539088938,0.999074020215973,0.999074899590513,0.999077339521069,0.99907925856822,0.999080012594841,0.999081137323218,0.999087587836078,0.999089102613667,0.999092347107805,0.999092857929459,0.999094058283304,0.999095144284922,0.999096804032617,0.999097967038414,0.999101004737412,0.999103847178978,0.999106643297439,0.99910700525271,0.999110944453571,0.999111915288611,0.999113736528359,0.999115118671621,0.99911809929477,0.999119484294893,0.999122277812509,0.999122787654734,0.99912489041438,0.999126570082466,0.99912790291359,0.999131283220796,0.999132967920235,0.999134940022228,0.999137534803965,0.999137636699127,0.99913894610411,0.999139339890681,0.999140760715258,0.999141189554986,0.99914271900947,0.999143779163409,0.999145727188577,0.999146188696625,0.999149315944232,0.999151799063342,0.999155235115248,0.9991559288509,0.999157600697633,0.99916003250096,0.9991625345073,0.999163250222702,0.999164377283397,0.999168486339131,0.999170651781127,0.999171743888759,0.99917377348208,0.999176565234581,0.999178676708051,0.999178729266976,0.999180522966409,0.999181426778882,0.999183411344003,0.999184578918449,0.999185181477978,0.999186087765555,0.999188744702944,0.99918935289895,0.999190922598039,0.999192515726611,0.999194037783471,0.999195000168935,0.999197044477524,0.999197645262287,0.999198585951832,0.999199844105099,0.999200825366022,0.999203077870549,0.99920780170484,0.999208116382508,0.999208898574825,0.999210440993898,0.999212207698534,0.999212983317756,0.999216966471864,0.999218802621532,0.999222884302126,0.999223054628358,0.999223874430024,0.999225048671307,0.999226534051706,0.999227690194702,0.999229754131055,0.999231052607834,0.99923316533031,0.999233929829144,0.999234893917455,0.999236309306281,0.999240738211481,0.999241277725791,0.999244075503424,0.99924588163641,0.999249040792996,0.999249878323706,0.999251268540797,0.999252108337763,0.99925455109095,0.999255404818621,0.999257519467637,0.999258263499642,0.999259355223271,0.999261481587614,0.999264302123247,0.999265706317291,0.999266749633761,0.999266850552941,0.999268165764614,0.999269362497291,0.999271132263669,0.999271756321914,0.999272378769135,0.999275356235165,0.999276733450458,0.9992771549369,0.999278916469454,0.999279221024143,0.99928048853493,0.99928154351062,0.999283516701712,0.999284228231605,0.999285786474349,0.999287461550793,0.999288566966842,0.999288949464552,0.999290442416492,0.999291794923489,0.999293642060519,0.999293975882091,0.99929490197118,0.99929609979262,0.999296769328546,0.999297107184664,0.999299618315256,0.999300176496461,0.999302128982238,0.999304369100001,0.999305475875406,0.999305728700639,0.999306822234224,0.999307276382113,0.99930939242048,0.999310371416092,0.999310983436375,0.999314820580135,0.999316326335888,0.999316571311807,0.999317367436364,0.999318030251687
0.721493322498798,0.801523783844656,0.818619939769607,0.888129466172812,0.901535117557912,0.918535468155584,0.934793214257947,0.941207066117446,0.947475317656431,0.950642625344261,0.957572473411564,0.959444113426168,0.962136779596475,0.964620478586462,0.969607971016561,0.969918277183902,0.972913729292572,0.973946406657906,0.977072133041877,0.977604061403988,0.978534589359944,0.979032450079753,0.98046824536645,0.980873083357165,0.982366865204378,0.982627819651513,0.983175749670139,0.984662737075352,0.984920249265706,0.985319361255174,0.985756016347224,0.986014073046583,0.98620030550182,0.986280836281247,0.986401562349471,0.98734340472669,0.989994695284022,0.990583900447043,0.990730086572365,0.990767878643095,0.99140533180963,0.991564324933822,0.991759673239806,0.99184905211819,0.992239209518107,0.992349431503578,0.99253360386408,0.992576029770103,0.992964788708606,0.99304274893098,0.993279702439861,0.993292896249952,0.993346963829128,0.993508061698341,0.993652997462847,0.994223178424845,0.994288690531003,0.994383039742491,0.994453731683059,0.99447441547648,0.99456441750348,0.994599724241402,0.994620606381746,0.994811364939717,0.994889078689754,0.99600814851175,0.996074529686327,0.996100008038542,0.996134352813522,0.996167532116184,0.996242974815975,0.996250978549142,0.996307859237012,0.996328299362551,0.99640101741596,0.996414740879471,0.996476903168208,0.996498477199755,0.996555343842951,0.996567632895154,0.996635601460877,0.996668605489431,0.996719883136266,0.996877688106462,0.996910972338004,0.996923378594377,0.996951587592388,0.996964196457559,0.997004706982467,0.99701493451138,0.997043677695568,0.99705299367604,0.997092058932108,0.99710760504957,0.997142388703859,0.997156481298567,0.997176858246018,0.997193883661503,0.997234384047239,0.99724695726501,0.99727004450416,0.997272796692069,0.997287184175339,0.997296916025043,0.99731733413525,0.997320929270039,0.9973939252996,0.997395906239839,0.997424649374419,0.997476242379227,0.997499933415032,0.997583728504132,0.997597466421583,0.997613043830112,0.997653677435287,0.997661283735007,0.997698535279691,0.997707647650078,0.997729329239611,0.997731334825666,0.997746600529848,0.997751889458489,0.997765040314421,0.997773288250458,0.99779547001946,0.997805859098281,0.997824857847631,0.997830791279207,0.997848203086299,0.997852114317087,0.997872997947659,0.997876503718167,0.997883274316871,0.997887378061514,0.997912434535043,0.997914411690714,0.997925661924024,0.997931137661138,0.997935672311448,0.997940177870427,0.99794769795826,0.997950795479482,0.997959975244698,0.997962879781481,0.99796713510635,0.99797205827685,0.997983708279813,0.99798848149716,0.998031676598401,0.998033854604544,0.998041176799957,0.998047333509219,0.998065819565522,0.998071097852054,0.998082366150211,0.998086606858987,0.99809178687898,0.998124601125918,0.998132419386951,0.998134569631592,0.998143919941672,0.998144451348518,0.998151173796154,0.998159959101632,0.998166419243836,0.998171745411308,0.998173928255403,0.998176184663374,0.998200164014285,0.99820335769466,0.998208973965854,0.998212595060973,0.998236724124178,0.998242022020471,0.998250301793183,0.998253202647803,0.998314644076913,0.998319296912314,0.99832282094867,0.998326994441113,0.998349588837284,0.998358396960318,0.998364357557503,0.998372546667362,0.998381722010239,0.998385823021832,0.998386662354014,0.998392863933283,0.998396536640333,0.998403072086101,0.998407087843792,0.998410677949964,0.99841289446999,0.998423683729564,0.998435014759213,0.99843793802614,0.9984451091239,0.998445775347382,0.998451757291943,0.998454809819974,0.998466453367604,0.99846745241902,0.998473594580312,0.998475745852609,0.998478112497739,0.998485326925456,0.99850165958853,0.998503098452188,0.998521692506638,0.998523852762293,0.99852709397952,0.998527994547568,0.998535486590264,0.99853801012521,0.998541053563807,0.998541939687964,0.998560221973516,0.998563751782007,0.998569972638286,0.998570680395352,0.998575695989112,0.998576367536,0.99857973419108,0.998583656134301,0.998586345772879,0.998590134044457,0.998593992853256,0.998598734944167,0.998602366790364,0.998610171426552,0.998616531023527,0.998620103679787,0.998626284920845,0.998632268694649,0.998634346893266,0.998635424908495,0.99863911752553,0.998640074130901,0.998643984968249,0.998645644279572,0.998649604534634,0.998650281897418,0.998653537734399,0.998656561104739,0.998659911469304,0.99866277412624,0.998665801548438,0.998669223267752,0.998697341305269,0.998698862782727,0.998705902399578,0.998711274423759,0.998715644677802,0.998716842407117,0.998721745960634,0.998724571551555,0.998728200097874,0.998731045003445,0.998736961280544,0.998740531684119,0.998745628533375,0.998748449206192,0.998752085279072,0.998752952369242,0.998759339264659,0.998759951559506,0.998769259167414,0.998771237262818,0.998774274927429,0.998776740993596,0.998780051863129,0.998781182446736,0.998785018524887,0.998786891558292,0.998789394433224,0.998793039757023,0.998795751738394,0.998798494197421,0.998800951105949,0.998804681255668,0.99881026293608,0.998810475432787,0.998814127020161,0.998815239135644,0.998831772896331,0.99883285649461,0.998836267913038,0.998837961323017,0.998841593787818,0.998844090977368,0.998846940251197,0.998847827436583,0.998851711540521,0.998853487922343,0.998856644556428,0.998858074860777,0.998870747627977,0.998874504508019,0.998880657682308,0.998882511118333,0.998895239220555,0.998895420176471,0.998902998096519,0.998905151850225,0.998908757686835,0.998909627010793,0.998913294699827,0.998914871171516,0.998942005938955,0.998943628137516,0.998968699967648,0.998970681662026,0.998973223944183,0.998974458335444,0.998976095964704,0.998977951061734,0.998980983551283,0.998982181933589,0.998985032013243,0.998986790588894,0.998990833710976,0.998992171051736,0.998992978341043,0.998996518284945,0.998998096438488,0.998998853963106,0.999000993737978,0.999002251863042,0.999004495853163,0.999004554297107,0.999006056973443,0.999007166073299,0.999008951074007,0.999009743675956,0.999012589032216,0.999015528752611,0.999022191047882,0.99902323485409,0.999024139614284,0.999025390769124,0.999028232046888,0.999028882255854,0.999030692137493,0.999032455593109,0.999033350066109,0.999036137870883,0.999041021173473,0.999042474687585,0.999045063872629,0.99904552456088,0.999046794334205,0.999047948182705,0.999050347787828,0.999052407153645,0.999054384490999,0.999055000027391,0.999055990485684,0.999056936254779,0.999059950649288,0.999061237140278,0.999062164484144,0.999062198193038,0.999065483249434,0.999066043734106,0.999067358025008,0.999067895649966,0.99907057659171,0.999072996627492,0.999077960056636,0.999078279304148,0.999081130544084,0.999082454052051,0.999085728039386,0.99908625482507,0.999087184144942,0.999087535911611,0.999091720365082,0.999091982401033,0.999094131973854,0.999094930627117,0.999100778606932,0.999101472916997,0.999102359321462,0.999103251709426,0.999105849470597,0.999106852380659,0.999109748872865,0.999111225105615,0.999112426046822,0.999112576738984,0.999115153823734,0.999117764426136,0.999122031586504,0.999123012553413,0.999124385109943,0.999127933828841,0.999128511303491,0.99912996628048,0.999131024116258,0.999132806608297,0.999134174358122,0.999135371660365,0.999136959979799,0.999137897652593,0.999140639685039,0.999141419711066,0.99914305863674,0.999143653269112,0.999148853384426,0.999150535599439,0.999154855210878,0.999155644743197,0.999163439250938,0.999163657698798,0.999167478497419,0.99916936583371,0.999171692441079,0.999172015075708,0.999175018345371,0.99917543058589,0.999179112519497,0.999179545209536,0.999181964108126,0.99918321805879,0.999184604149982,0.999185456823053,0.999187179645375,0.999188175947793,0.999188368988974,0.999190469247873,0.999192215198093,0.999192995008253,0.999193897882972,0.999193989053211,0.999194770263265,0.999196002731636,0.999198511826803,0.99919911326029,0.999201058780803,0.999202079945002,0.999202733531892,0.999204043746474,0.999204712019916,0.999206043352077,0.999208218360429,0.999210130697129,0.99921157825497,0.999212128662536,0.999212633198553,0.999213801902193,0.999214302707184,0.999215476608239,0.99921711215342,0.999217248044337,0.999219440744617,0.999220911782991,0.999221769343719,0.999221898665396,0.999222753319737,0.999224106618673,0.999227276701955,0.99922768155974,0.999228091836861,0.999228679108494,0.999229730392533,0.999229925818036,0.999232353683885,0.999233011201691,0.999235446214501,0.999235716601937,0.99923800911609,0.999239438081845,0.999240726556976,0.99924108552222,0.999241760849911,0.999242344866184,0.999244789868535,0.999245862265766,0.999247674701961,0.999248453995122,0.999249147022433,0.999249379399691,0.999250240845978,0.99925063706329,0.999251442406977,0.999252135341755,0.999253322138592,0.999254392333621,0.999255304170987,0.999256262611826,0.99925879122734,0.999259804893198,0.999261052657018,0.999261781955136,0.999262848463804,0.99926327142528,0.999263939892944,0.99926692650594,0.999267764697975,0.999270093619636
0.795021543343179,0.840167805097326,0.863414169155654,0.874231708052092,0.907730208224273,0.91251031416388,0.918890461151436,0.924752042902535,0.93918171121121,0.946062345881961,0.952920234126435,0.957296137869924,0.960863523364865,0.962789528450234,0.965424812224503,0.966375341481818,0.969969737002951,0.970443472127485,0.971622635144061,0.97208235350637,0.973203811503395,0.97333200657044,0.97375242630268,0.974046461653615,0.974950495497082,0.975120223020246,0.975310546068616,0.975384393463382,0.975590031555569,0.976478437485905,0.976862694751172,0.977086334089966,0.977215575703284,0.977294126048034,0.977362606289389,0.97743133097391,0.978667581174056,0.978719972247118,0.978810383969703,0.978842828719918,0.979802860807351,0.979839204614327,0.980671200209435,0.980734741005374,0.981680704922032,0.981707578184819,0.982798609790849,0.982822051335288,0.982851361038453,0.982875923884297,0.982981010549081,0.983005187523112,0.983303482894122,0.983337037799487,0.98347215400377,0.98348632909358,0.983525192512181,0.983555800241862,0.983584714180422,0.984755822617089,0.984783892662938,0.984798643201309,0.985036197010649,0.985052881680502,0.985476733118786,0.985484797563997,0.985526634208601,0.985536625066195,0.986300071615882,0.986325610731967,0.986355165073745,0.986360543023774,0.986752277369631,0.986768223037685,0.987093940307503,0.987103177623559,0.987720532703461,0.987729718396713,0.987784200322873,0.987788584616657,0.98783958547362,0.987847864683222,0.98785957168137,0.988190084081972,0.988204978151753,0.988284673233183,0.988290390050204,0.988302084113021,0.988348171780399,0.988371408789421,0.988485393017909,0.988491252953388,0.988508336545985,0.988516231173566,0.988643640524976,0.988646625600445,0.988677397762598,0.988790610178273,0.988905194354576,0.98890953233407,0.988937405941165,0.988971948907947,0.98897908820693,0.98902227448937,0.989104861333711,0.989109599937571,0.989164376867821,0.989166536565497,0.98944638377479,0.989519275166457,0.989657813953552,0.989659614380075,0.989760296540525,0.990052017921823,0.990087138972698,0.990093979585708,0.990200958769331,0.990223466428136,0.990231562753453,0.990244836820797,0.990278867518302,0.990310288877711,0.990322232567531,0.990346321407358,0.990364902024086,0.99046470267085,0.990510619503417,0.990534116467733,0.990590104149495,0.990617423484357,0.990627798039865,0.990655286623485,0.990678246317953,0.990685992605631,0.990713285311588,0.990730977726535,0.990748407450035,0.990753613632943,0.990762377831773,0.990772277786463,0.990778172259603,0.990788687570058,0.990797390888976,0.990800829936775,0.990805835536498,0.990812544606543,0.990830779932401,0.990840526728448,0.990849140617691,0.990850212692667,0.990860640335558,0.990869326818652,0.990891491603504,0.990898097195406,0.990913588076941,0.990923726580854,0.990959840815299,0.990965012842886,0.990971416752093,0.990977618614969,0.990997551138683,0.991001163582024,0.99100862661467,0.991012432531048,0.99103519777762,0.991047013284135,0.991073176205138,0.991077318730905,0.991092657454633,0.991093607945257,0.991125985142454,0.991127411146179,0.991134104803172,0.991141974597235,0.991158206755306,0.991166525798011,0.991179913125639,0.99120246631359,0.991210523364888,0.991214538004094,0.99122737646683,0.991229706725751,0.991235580632277,0.991248995872193,0.991257171046535,0.991259853442238,0.991274503474307,0.991277677350448,0.991286883139503,0.991288737716921,0.991301032677977,0.991304153803245,0.99131954815942,0.991324472081529,0.991329829937276,0.991333328821034,0.991336592731667,0.991350747720814,0.991356492019218,0.991367997290952,0.991375596482757,0.991377099216016,0.991378919448991,0.991382218614285,0.991393239644339,0.991393593327255,0.991401771986359,0.991405666606879,0.991415139572792,0.991418458597613,0.991424557269757,0.991426619321146,0.991435996493064,0.991436997526899,0.991439929387231,0.991442865378567,0.991454340424588,0.991457804077924,0.991463017813995,0.991465730078702,0.991482917365945,0.99148442827962,0.991489691784926,0.991492049029169,0.991496595744084,0.991497094180752,0.991503081286317,0.991504412592741,0.991509816136345,0.991512110061119,0.991517506478075,0.991520616967168,0.9915256362274,0.991527270482533,0.99153361973942,0.991535140411615,0.991538360752976,0.991539913119582,0.991543995977269,0.991545621461888,0.991550657857119,0.991552425418023,0.991558472973982,0.991558885635693,0.991562505222708,0.991564842576461,0.991568323586092,0.991571215586906,0.991574648181476,0.991576371840474,0.991577484154749,0.991579821305773,0.991580782092868,0.991583195795854,0.991589365353988,0.991593546851962,0.991599680595275,0.991606470809237,0.991610176401141,0.991613107085777,0.991620217974972,0.991622888578195,0.99162635150902,0.991628006480852,0.991630798537016,0.991631477782363,0.991633162443775,0.991640030484329,0.991644247734855,0.991647044615182,0.991654158094637,0.991657245511307,0.991667977417868,0.991670658191567,0.991672632662011,0.991675215210411,0.991681412401782,0.991683105685516,0.991689483685819,0.991692011003234,0.991699659401382,0.991702225031584,0.991709104647858,0.99171245526996,0.991717519701537,0.991719021178039,0.991722912923452,0.99172536799755,0.991727331448837,0.991728392154366,0.991731161746174,0.991735116215861,0.991738131100804,0.991738538425327,0.991743442147902,0.991743996198221,0.991747191496591,0.991747439302433,0.991749682867069,0.991750602481723,0.991752877543829,0.991754636989568,0.991757687946134,0.991761059627844,0.991764475345854,0.991765333979548,0.991767505111291,0.991768832745783,0.991771179296339,0.99177387095189,0.9917760350442,0.991776749792607,0.991782764987646,0.991784064064834,0.991785925691061,0.991786194108447,0.991787982296657,0.991790190119131,0.991791728215322,0.991793221459033,0.991797750605535,0.991798914732688,0.991801514588834,0.991802682707078,0.991804184561786,0.991804672169968,0.991807478361442,0.991808423474688,0.991812028693374,0.991815086423264,0.991816388807259,0.991819030352177,0.991823889240422,0.991824182880855,0.99182536780868,0.991828118392064,0.991830345032973,0.991831461713533,0.991833561018083,0.991835005578754,0.991841589513458,0.991841957656832,0.991842733664341,0.991844708620642,0.991845182347902,0.991846603524756,0.991849114816867,0.991849421707271,0.991851547304855,0.991852110637053,0.991854438159436,0.991856715294727,0.99185751320121,0.991860138633907,0.991862875870031,0.99186349337173,0.991864284429087,0.991864287072254,0.991865728770451,0.991866670476303,0.991867897691793,0.991868482501783,0.99186969797166,0.99187172028918,0.991873892224999,0.991874773582338,0.991876016783,0.991877855267142,0.991878709201181,0.991879296911031,0.99188521730841,0.991886084619768,0.991888514474642,0.991889300667502,0.991892364860887,0.991893982742045,0.991897242879076,0.991897940785346,0.991901081398047,0.991902065707374,0.991903194052167,0.991904465097887,0.991905698442918,0.991906820846946,0.991907881902877,0.991908533130996,0.991910934101918,0.991911892691245,0.991914730677786,0.991915174408833,0.991915671481347,0.991916458833506,0.991917188631426,0.991917630166796,0.991917956935486,0.991920597777169,0.991921339219115,0.991922357347944,0.991923776900026,0.991925344339937,0.991926562514818,0.991927317578946,0.991929085185896,0.991929744202671,0.991930241004992,0.991930456955399,0.991931666081797,0.991932740689186,0.991934015805645,0.991934408804891,0.991935492033098,0.991936535373624,0.991937834238481,0.99193892226447,0.991939800261115,0.99194063741142,0.991941788036038,0.991941827040482,0.991942568629526,0.991943600958746,0.991944451712286,0.991946299850867,0.991947722102659,0.991949800944257,0.991951865164242,0.991952016938406,0.991953336702232,0.991954761636727,0.991956314203635,0.991956501325599,0.991957723814461,0.991958821955696,0.991960242716168,0.991960298588769,0.99196178736428,0.991963019119979,0.991964659027417,0.991964790211933,0.99196534845999,0.991966390980454,0.991968362082353,0.991969220991785,0.991970221817385,0.99197052228696,0.991973452095945,0.99197408603057,0.991975570044747,0.99197703702609,0.991978727132055,0.991979073935,0.991980138361702,0.991980927711309,0.991985190573332,0.991985769090656,0.991987046282069,0.991987486066727,0.991989700014875,0.991990043466398,0.991991680601215,0.991992786082637,0.991993595678295,0.991993932309313,0.991994771423157,0.991994959422618,0.991996040661547,0.991996260601602,0.991997213951472,0.991997955055579,0.991998685727609,0.991998962339392,0.991999671698593,0.992000601371338,0.992001248065305,0.992001511907204,0.992002086204845,0.992002947524177,0.992004394169965,0.992005311583204,0.992006198962551,0.99200696457577,0.99200837565148,0.9920087816027,0.992009746677284,0.992010316496787,0.992011039924015,0.99201109719072,0.992012171022666,0.992012329656986,0.992013543363078,0.992014132866749,0.992017952797212,0.992018838102123,0.99201979324746,0.992020109212485,0.992020412643082,0.992020724702107,0.992021220736303,0.9920217641378,0.992022126040643,0.992022316364269
0.844503239848122,0.88454487475672,0.891224777863883,0.892608735332427,0.903398353174679,0.911092000007013,0.923816656531546,0.928079533752272,0.943833665204089,0.94786520634572,0.954378097157404,0.955966557746568,0.968281728920533,0.969489050282176,0.972347901434675,0.973170967425306,0.975134151349267,0.975489633500939,0.977195924002752,0.978401383439242,0.979468834826834,0.980415659308064,0.980979915986919,0.984186628892116,0.984508886818111,0.984745016996058,0.985041063880883,0.985114624752685,0.985299386423985,0.985371932108613,0.985655214766476,0.985898714908499,0.98618710604622,0.98628373536371,0.986477795660061,0.986557136413674,0.987706508460942,0.987832631249113,0.987943147444467,0.988002060154617,0.98820009546712,0.988242953030217,0.988430811046544,0.988473445900361,0.988582096576222,0.988635782798861,0.988676148864841,0.988705956015631,0.988869137888641,0.988916324115116,0.989207806074867,0.989437574577581,0.98949364607555,0.989547469984853,0.989573045786298,0.989720936559651,0.989807918669369,0.989836097987919,0.989932992707763,0.989951433245921,0.989993572981302,0.990242444354245,0.990263920727506,0.990282881372496,0.990346307301615,0.990397237830206,0.990460634931296,0.991251032170663,0.991274080795191,0.991291071227042,0.99132590960346,0.991377375134848,0.991599523918461,0.991616258034695,0.991808322623876,0.991825289137377,0.991845430070386,0.991858090300105,0.991886290287907,0.991914761629522,0.992751811612172,0.992796476348318,0.992873100994971,0.992884431536383,0.99308597436079,0.993092499980214,0.993121917967195,0.993133581837507,0.99317047515065,0.99324167558202,0.993297160477571,0.993304361886141,0.994264170931586,0.994280172347213,0.994329948397834,0.994366540045447,0.994525729787754,0.994569239165443,0.99483986103404,0.994847768634233,0.994890329742822,0.995038767820574,0.995137865212562,0.995148690836525,0.995497165372724,0.995512047753315,0.995600290287762,0.99574236440752,0.995756640741713,0.995854192735251,0.996009453910017,0.99612677074638,0.996157058409915,0.996212645674585,0.99636964340002,0.996375025066118,0.996531449285822,0.996546859819416,0.996622250079807,0.996632457996423,0.996739906085095,0.996750362265739,0.996792262374932,0.997017319578818,0.99711104501268,0.997124848271428,0.997162130341626,0.997206233235629,0.997288041256451,0.997361960945821,0.997458145499312,0.99748872164942,0.997500082735608,0.99751891326233,0.997548520849919,0.997553327883106,0.997589482739808,0.99761546501356,0.997634900897404,0.997641642478294,0.997659023110338,0.997664697277063,0.997673810159771,0.997678454012849,0.997743238542812,0.997749911138615,0.997763084689835,0.997791255140619,0.997814496186149,0.997835417753088,0.997846070718758,0.99788104643717,0.997903731875305,0.997907492892819,0.997921030996029,0.997933102697027,0.997951303169244,0.997953866130841,0.997978673379168,0.997982875613453,0.998015585201199,0.998026353715555,0.998028928596175,0.99804570713032,0.998064280102265,0.998082357976618,0.998106348328855,0.998123906744127,0.9981451488256,0.99815398645544,0.998177492687895,0.998182865310741,0.998206601829102,0.998236619161547,0.998243865059924,0.998262897233563,0.998273316585832,0.998281667218678,0.998293841652789,0.998297706449402,0.998334721159714,0.99835013084678,0.998356489631171,0.998358636044061,0.998386545111119,0.998390623635291,0.998415491088281,0.998420992154567,0.998442183801418,0.998452172357584,0.998583546825143,0.998587459004211,0.998605842476083,0.998609871661176,0.998619666774524,0.99862019903398,0.998631614099425,0.998636034765387,0.998646604246314,0.998657526322311,0.998667252643942,0.998676297660906,0.998686685470898,0.998689390673663,0.99869603117394,0.998698992794926,0.998713512633357,0.998723637419362,0.998736968766425,0.998742593607877,0.998759628676689,0.998767692616703,0.998777264251864,0.998778960397128,0.998792818564364,0.998795148371458,0.998805138802241,0.998809149349985,0.998819066690434,0.998821074886044,0.998824169518836,0.998830449885725,0.998846580881645,0.998848443767282,0.998855059010984,0.99885841963088,0.998861274735474,0.998868596836673,0.998871885817529,0.998877186107943,0.998886719130604,0.998889239773279,0.998897685985428,0.998900995076128,0.998905355075333,0.998907207742058,0.998909511568789,0.998911638455251,0.998914193215022,0.998919024962336,0.998923153795878,0.998923418844964,0.998929455882769,0.998932808331621,0.99893601965904,0.998938223999087,0.998941831649025,0.998944478863711,0.998946671943036,0.998948362727756,0.998951390719711,0.998953800034969,0.998961040731961,0.998962931471113,0.998966964590603,0.99897186556473,0.998975421259081,0.998976532572676,0.998980840760081,0.998987551151921,0.998990025695913,0.998995017526537,0.999000005561344,0.999002364177304,0.999008363552311,0.999009128868003,0.999010312191285,0.999013083612632,0.999015216260426,0.999015917780256,0.999021330217886,0.999024248983376,0.999025398295648,0.999028003664764,0.999034307628719,0.999037561333766,0.999040302820323,0.999041756810274,0.99904650105986,0.999047850928168,0.999053678846084,0.9990548607145,0.999056208057159,0.999057776849918,0.999060305445594,0.999061215907007,0.999065793170629,0.999067976699461,0.999070254772449,0.999071808224169,0.999075152923832,0.999076669951519,0.999079403355697,0.999081084752407,0.999083956450597,0.999085869606505,0.99909139057634,0.999092857129659,0.999095530279625,0.999097200233382,0.999100559143432,0.999101747618489,0.999103573210154,0.999104938893214,0.999108075717285,0.999108938166043,0.999110343507926,0.999112116321582,0.99911555867141,0.999118653454141,0.999121769247773,0.999123103017905,0.999125718176712,0.999127812876404,0.999129054456468,0.999130211549221,0.999133498269508,0.999134851151296,0.99913656849224,0.999138642616004,0.999140296023877,0.999142006434238,0.99914317697886,0.99914416838391,0.999146071275192,0.99914686722965,0.999147659925923,0.999149663618439,0.999150616039532,0.999151525381627,0.999153540295216,0.999153988140481,0.999155869821174,0.999157749143732,0.999159720756978,0.999162999904506,0.999166204597503,0.999166869075549,0.999168324943639,0.999169994492021,0.999171082065757,0.999172338412987,0.999176164783571,0.999177088135152,0.999179940234399,0.999181184903956,0.999183614871708,0.999184110002682,0.999185529342099,0.999188109771707,0.999192432528065,0.999194353057052,0.99919514755368,0.999198177989212,0.999199685497433,0.999200649117648,0.999203943660805,0.99920653098075,0.999207883594564,0.99920876928155,0.999209773546649,0.999209928017718,0.999210810868824,0.999211715594882,0.999212731939979,0.999215679045461,0.999217056375253,0.999219165329977,0.9992197252163,0.999220119505128,0.999220961185195,0.999222177226264,0.999224585257814,0.999225520572397,0.99922733938483,0.99922878915218,0.999229824237825,0.999230074835857,0.999232321458428,0.99923291824683,0.999236085671113,0.999238004296361,0.999238919052856,0.999240633166214,0.99924202111689,0.999242604620136,0.999244178257082,0.999246517170069,0.999247434085066,0.999248214124365,0.999248634492652,0.99924980796391,0.999251911718564,0.999252990479292,0.999253836671812,0.999255491932867,0.999259592685698,0.999260152816081,0.999260370481558,0.999261828997232,0.99926331267169,0.999263889290176,0.999265679970263,0.999267271589943,0.999268645249484,0.999269466807812,0.999269800616405,0.99927073458168,0.999270987961693,0.999271252910898,0.999272763606933,0.999274867307744,0.999276188132089,0.999276188378074,0.999276806322302,0.999277736933995,0.9992788322219,0.999280853164015,0.999283748641942,0.99928519113882,0.999286338783611,0.99928693328944,0.999289076889672,0.999289706845932,0.999291062808212,0.999292281543909,0.999293273128767,0.999293944885278,0.999296185777231,0.999296597820612,0.999298380281283,0.999299658240135,0.999301753873524,0.99930224332667,0.999303745070232,0.999304872940236,0.999305713235745,0.999306568306808,0.99930731411872,0.999307899062138,0.999309430669228,0.999310223796398,0.99931086346537,0.999311268909396,0.999312544811503,0.999312763793584,0.99931329839886,0.999313475067694,0.999314436390559,0.999314628813421,0.999316463210948,0.999317163338192,0.999317856231448,0.999318255834125,0.999319330614646,0.99932025964487,0.999321501575467,0.999321509626434,0.999322139370441,0.999323087070552,0.999325772117447,0.999326057221206,0.999327063196078,0.99932859277026,0.999329929589004,0.999330056882518,0.999331106664793,0.999331422881603,0.999332781503146,0.999333308137807,0.999334439685344,0.999335424398492,0.99933756899713,0.999338036871041,0.999338596658875,0.999339006644585,0.999339869223042,0.999340418659981,0.99934280752726,0.99934359363797,0.999344636693923,0.999344759453794,0.999345823981035,0.999347172184556,0.999347720617466,0.999348291458126,0.999348941735161,0.999349159149934,0.999350882003996,0.999351533331228,0.999353547696194,0.999354230602994,0.999354609647015,0.99935469811491,0.999355667169256,0.999356184630928,0.999357294725204,0.999357905333987,0.999358920356264,0.999359624522812
0.793777384199898,0.849554069808727,0.862999067083259,0.878900558258245,0.887735474388574,0.903711141641566,0.919230699210112,0.929998119097512,0.935252588164187,0.941763744036067,0.951334438119798,0.959365001634305,0.964383486934871,0.966409776596559,0.970270978807523,0.970863702979494,0.97208908731776,0.973123554139956,0.975998887751154,0.976461419791014,0.977405332877307,0.984241080739577,0.98483758207567,0.98508806219171,0.985589073092039,0.985711592748764,0.986422504706334,0.98658782325468,0.986862620426437,0.986967241549089,0.987191301750101,0.987299949502931,0.988250816800769,0.988349390763872,0.98879648622385,0.988886646031915,0.989060316424203,0.989120700217912,0.989288154715784,0.989453394444883,0.989525178507189,0.990298225063264,0.991200198477055,0.991227423206058,0.991492664686778,0.99155595934553,0.991649992112135,0.991685245201746,0.99258330830686,0.992651245277958,0.992748069924154,0.992783596254817,0.992893404728724,0.992983392921559,0.993140569501404,0.993162158819056,0.993725477537446,0.993744868452654,0.993895686817284,0.994109203561992,0.994387696726029,0.994483714420056,0.994684966690585,0.994700487184288,0.994749367141004,0.994791247291836,0.994842436136671,0.995037983003076,0.995148964349534,0.995188985180496,0.995492821373051,0.995520256197927,0.995626758271878,0.995632644353079,0.995872548292976,0.99596687404,0.996000297210647,0.996010439868927,0.996021893398117,0.996028698060949,0.996450389681446,0.996472526076853,0.996559138655883,0.996627493917542,0.996673831386481,0.996696951785498,0.996759719910516,0.996761135080433,0.996803537985489,0.996813827046081,0.996872964944006,0.996880980814911,0.996971875873983,0.997001753866107,0.997057413447874,0.997063765540288,0.997084321154579,0.997126703468195,0.997180338590749,0.997183122363492,0.997241701242735,0.9972558517567,0.997281385695249,0.997311120247575,0.997353747431734,0.997355015805579,0.997364208109136,0.997371003114328,0.997394665319491,0.997402130360675,0.997438570418028,0.997447628870682,0.997459519643496,0.997467308167491,0.997477134929861,0.997489296764769,0.99751432580773,0.997521947153512,0.997553391208964,0.997585012300754,0.997642957108456,0.997649713770575,0.997660843580628,0.997684931130086,0.997700303210157,0.997932374364872,0.997935821800207,0.997941062325295,0.997953891277257,0.99796055511233,0.997974771159824,0.997980693816683,0.997985490536871,0.997994125407241,0.99800259363115,0.998005970129229,0.998030475646504,0.9981639994795,0.998214431160327,0.998225522344198,0.998239532546496,0.998249527847946,0.998264458858383,0.998267931446944,0.998283315848935,0.998286670994496,0.998298553815138,0.998305262860287,0.998311349092626,0.998315380791395,0.998320016053031,0.998322018236707,0.998339936223787,0.998347259677526,0.9983601925827,0.99837518014479,0.998385456685007,0.998387154226854,0.998399151392395,0.998403825269781,0.998406371891082,0.998409959858859,0.998416894847647,0.998420172178125,0.998436852570551,0.998441862213053,0.99844417474401,0.998450129118986,0.99845851101138,0.998468216729297,0.998475688595962,0.998478473410137,0.998487816685733,0.998490993811516,0.998506374042434,0.998510505219085,0.998525741374349,0.998531471785199,0.998535471409755,0.998541662794651,0.998554828920638,0.998555633105219,0.998567685105627,0.998568807032736,0.99857381660449,0.998581890043606,0.998587623889781,0.998589995348352,0.998596757297212,0.9985970390551,0.998599264429196,0.998602875507179,0.998645214914725,0.9986577441391,0.998659891846886,0.998664904433197,0.9986719920545,0.998673121833352,0.998688865748211,0.998692548853228,0.998695270375355,0.998707504141087,0.998716029380813,0.998719502659029,0.998723459283592,0.99872498934531,0.99873168519067,0.998733790618075,0.998743745934871,0.99874835379659,0.99875126561061,0.998751834242234,0.998757452876753,0.998759200255499,0.99876019736604,0.99876183935884,0.998764306588406,0.998772795167243,0.998777779413891,0.998785732324613,0.998805732557631,0.998807131224293,0.998814226463796,0.998825030492079,0.998834076441131,0.99883448742193,0.998841399981063,0.998850497690001,0.998885863325851,0.998888780799391,0.998891749791025,0.998896862709795,0.99889907130121,0.998901746911592,0.998908067341292,0.998913230132747,0.998917487516551,0.998922342191137,0.998925648814076,0.998928450280405,0.998933978590522,0.998936546621232,0.998938863372354,0.998940810380505,0.998942600711725,0.9989435404543,0.998947823445712,0.998948369213426,0.998951068882847,0.998952807383018,0.998954393775475,0.998960468303813,0.998963852389563,0.998964840209943,0.998966931423708,0.998970982490013,0.998975105355651,0.998979227182654,0.998980540761329,0.998981306007772,0.998985756303379,0.998988398967803,0.99899258813978,0.998995652582327,0.99899841303168,0.998998708065054,0.999001336992019,0.999005234056459,0.999008164979489,0.999011068065305,0.999012675968036,0.999016202016522,0.999018137849079,0.999019171659813,0.999019941239655,0.99902113882912,0.999022718534166,0.999027010434727,0.999033190008475,0.999036493273825,0.999039376402358,0.999040635862335,0.999042763408426,0.999045180563806,0.9990463945432,0.999046764788786,0.999048139396064,0.999049769713675,0.999051820273294,0.999054377947862,0.999056268151715,0.999058058126595,0.999059075916703,0.99906156475744,0.999064210251646,0.999065878299096,0.999071845286339,0.999073121651547,0.999075722642087,0.999077592865609,0.99908027279793,0.999080642197165,0.999082014579263,0.999083905486775,0.999087804093226,0.999088592083271,0.99909170230256,0.999094394618791,0.999094741260917,0.999095985960441,0.999098812055846,0.999107675330459,0.999109762226321,0.999110821795027,0.999113584893507,0.999114939290612,0.999116690759703,0.99911843619546,0.999120238748468,0.999120468645926,0.99912271738077,0.999125030318894,0.999130948472296,0.999132946731268,0.999138047332805,0.999138345776111,0.999140600096197,0.999141758343523,0.999145546373889,0.999146082539519,0.999148708183424,0.99914998726258,0.999152771123148,0.999154159310485,0.999161065387996,0.999161449413694,0.999163406553701,0.999164098656673,0.999166485572095,0.999167384014278,0.999171745983854,0.999172406292401,0.999174657875975,0.999176853385095,0.999178976092985,0.999181378992225,0.999184639783373,0.999186440008434,0.999188001891207,0.999188846189242,0.999191104365778,0.999191517943079,0.999193420763867,0.999193990527166,0.999197682251325,0.99919906124595,0.999200749292139,0.999201589554177,0.999203042493025,0.999203954534027,0.999205064738199,0.999205654201168,0.999206633393324,0.999207315581557,0.99920865099975,0.999210054041654,0.99921293357388,0.999213639731865,0.999216203075516,0.999216440081684,0.999218044494171,0.999218894907086,0.999220528618384,0.999220710267584,0.999222035084463,0.999223194220199,0.999224567722407,0.999224835430909,0.999227225911698,0.999228254151503,0.999229408105707,0.99922966053612,0.999231438357943,0.999233194504069,0.99923714056748,0.999238359268362,0.999238861724836,0.999240262564294,0.999241962949967,0.999242123016604,0.999245613318327,0.99924590419313,0.999247004306592,0.999247910541556,0.9992492274976,0.999249602222302,0.999251828014391,0.999252594054358,0.999253359434961,0.999253711873404,0.999254973416705,0.999255433033846,0.999256662751857,0.999256910931649,0.999257557575294,0.999257894749916,0.999259098825118,0.999260600308416,0.999261438752636,0.999261633394157,0.999262889459627,0.99926352395148,0.999264744633937,0.99926560810071,0.999266180901747,0.999266651598574,0.999267893933715,0.999267955728977,0.999270895504419,0.999271343960264,0.999273759735986,0.999274062317519,0.999275088675281,0.999275839902895,0.999278805600225,0.99928074983677,0.999281880502395,0.99928251966736,0.999283549500196,0.999284347142644,0.999286852835878,0.999288071277082,0.999290391793161,0.99929069915033,0.999293650630225,0.999294251217874,0.999294846038131,0.999295342056978,0.999296823401518,0.999297219833349,0.999298738317515,0.999299378868004,0.999300482523306,0.99930060084445,0.999301761427209,0.999302699401282,0.999304092911553,0.999304291970586,0.99930563686942,0.999306216146357,0.999307761514424,0.9993082002571,0.999308498230566,0.999308971258697,0.999310069361784,0.999310398699377,0.999310879888412,0.999311102854973,0.999311289736552,0.999311830615322,0.999312304042954,0.999312611666856,0.999314636247867,0.999314794963094,0.9993149876399,0.999315163416597,0.999315989442653,0.999316573262044,0.999318621288789,0.999318745622626,0.999320189170554,0.999320967406349,0.99932207404949,0.999322570241498,0.999323382745097,0.999324354728843,0.999325106008174,0.999325640938404,0.999326614204105,0.999326958107792,0.999327248099233,0.999328151124178,0.999328528036076,0.999328751290635,0.999330976909854,0.999332037790109,0.999333850279621,0.999334889509103,0.999335486595163,0.99933659365504,0.999338419061517,0.99934001961919,0.999340537331218,0.999340633478424,0.999341891410832,0.999342185714622,0.99934302607282,0.999343068178232,0.999343892510282,0.999344345466415
0.78250626478661,0.841848549841952,0.857812626129724,0.868527086336102,0.878368532162657,0.883039105882963,0.918803668345118,0.919744262657785,0.926397563864504,0.931951915469429,0.941305032373174,0.953864847298173,0.960084033040773,0.96143462469127,0.967817043263716,0.969695136933872,0.973027288882309,0.974787279034611,0.976541187876797,0.976946215385371,0.978354439367974,0.979091698651966,0.980433138522869,0.980916924753122,0.981721857244903,0.982098928597073,0.983665950706327,0.98383433850984,0.984427953615506,0.984682681371008,0.985055638808806,0.986513487968174,0.986862277968194,0.987478349432931,0.987652077411328,0.987750125676416,0.987984277271851,0.988080356466146,0.98824364571508,0.988302468734752,0.988378792524941,0.988479181188241,0.988666418206941,0.988736044657805,0.988820469637376,0.988840511357318,0.989003101561288,0.989026885572332,0.989403966514862,0.989456869061226,0.9900885727798,0.990108452245614,0.990160995810255,0.990186991321925,0.990228034570305,0.990259943092299,0.990312932506626,0.99033352684004,0.99037479950925,0.990404539947403,0.990460337515403,0.9904950524386,0.990547775135907,0.990566870450873,0.991028191142927,0.991055423735914,0.99107326507804,0.991083274682022,0.991110585796007,0.991130846961826,0.991414677709601,0.9914189540329,0.99144897104129,0.991453686296269,0.991483768812423,0.99148653872813,0.991507656379977,0.991529345798224,0.991558617865817,0.991584830888581,0.991605084890387,0.991633023981068,0.99165025679821,0.991656412013043,0.991664161641176,0.991841199552305,0.991899305641993,0.991918666886085,0.991959785089386,0.992042784954465,0.992054831022941,0.992058884554885,0.992166566185581,0.992172349215236,0.992183515811861,0.992185099222024,0.992196429853525,0.992197757159772,0.992235044005185,0.992254126303933,0.99229653099011,0.992305149947969,0.992316628213763,0.992320927676135,0.992328415152665,0.992342955150497,0.992349884040195,0.992363462022712,0.992367840694765,0.992375693396751,0.992384253535404,0.992391640176573,0.992686134435243,0.992689772104164,0.99269560418965,0.992696382510538,0.992708321672138,0.992713431870409,0.99271608686081,0.992730278055516,0.992856140377969,0.99286299524411,0.992869967588961,0.992876279687722,0.992882139255758,0.992883679235749,0.992892978576757,0.992914740835305,0.992930584383459,0.992939099514792,0.992947964722292,0.992950314638124,0.993082896325507,0.993088027864077,0.993341876306946,0.993348220692373,0.993351767033418,0.993357435933314,0.99336141516779,0.993366144732242,0.993369076646576,0.993372037256525,0.99337539415522,0.99340300739033,0.993506025192073,0.993510648529677,0.993521263949202,0.993522879270012,0.993580893998513,0.99358236089152,0.993630307291497,0.993668120144116,0.993696718432362,0.993845898750613,0.993852229307524,0.993853176207777,0.993880858841709,0.993885260574486,0.993888264577229,0.993889031872342,0.993893336496793,0.99389526881164,0.993898353127017,0.993901402423226,0.993911583175771,0.993958633620036,0.99400883063326,0.994010381362509,0.99405790793852,0.994059408498402,0.994081381266546,0.994084700348728,0.994099058931019,0.994099650025538,0.994253770472991,0.994254370793146,0.994270966461538,0.994271564785249,0.994349761357972,0.994353082262102,0.994376823855039,0.994378425250801,0.99487836652545,0.99487981654507,0.994920695798808,0.99492614289613,0.994947635869408,0.994948228318719,0.99514523291253,0.995146426363405,0.99514901781861,0.99515016264576,0.995193139910657,0.995193345988977,0.995195983226379,0.99519691263848,0.995220768381912,0.995221883402307,0.995226969668593,0.995230321089311,0.995244748640998,0.995245929210472,0.995250323338445,0.995251880917887,0.995304631376587,0.995306807127766,0.995314186322756,0.995317391015469,0.995320108268571,0.995321138148212,0.995328535245989,0.995890271726203,0.996156455736926,0.996166572596237,0.996173384825711,0.996174745691814,0.996301317356248,0.996302527962868,0.996473273153396,0.996545893933394,0.996866832647956,0.99695865840696,0.996963599399815,0.99701909796376,0.997023215601773,0.997174089593065,0.997390557717688,0.997392085600635,0.997475460170595,0.99747676434949,0.997501277464643,0.997598019969212,0.99760607825446,0.997606919109237,0.997618042804252,0.997624674483902,0.997632777412636,0.997632999903978,0.99780836317217,0.997808680107634,0.997841420059978,0.997842301206157,0.997914215935708,0.997961636599801,0.998020968366992,0.998028802860068,0.998037341057092,0.998077459736306,0.998128427203808,0.998139947903263,0.998181267409887,0.998186152082759,0.998227714526867,0.998230600127221,0.998236195669496,0.998243718423695,0.998285728748063,0.998300253935964,0.998312223333698,0.998325940609856,0.998351742236794,0.998365055432945,0.998381303014801,0.998402671448967,0.998420217627734,0.998421797555128,0.998448945597521,0.99845762886248,0.998528526113698,0.998540330017452,0.998558835086898,0.998559342241698,0.99856542781998,0.998576158241572,0.99860795769324,0.998614800461233,0.998628583162689,0.998635985936038,0.998653600071506,0.998662227153954,0.998668194951998,0.998672715893581,0.998681073692914,0.998692058156164,0.998702563816862,0.998703585196275,0.998719100468664,0.998721591755203,0.998731842448639,0.998740890382114,0.99874794755994,0.998755555994108,0.998757490164769,0.998761839758266,0.998779650367128,0.998781082073741,0.998790112504087,0.998791112803166,0.998792518978651,0.998800204554037,0.998807046949289,0.998812849114352,0.998824348711563,0.998827299851936,0.99883251935491,0.998841182996363,0.998849759689406,0.998854315821157,0.998856886046852,0.998862084204885,0.99886322542393,0.998867324182654,0.998877762957001,0.99888278648183,0.998886318447956,0.998893999526838,0.998897867077301,0.998898547087623,0.998906606686799,0.998919848650916,0.998941407749226,0.998942267997447,0.998950641469406,0.998951855020627,0.998956223724602,0.998956489319441,0.998971618648961,0.998972792973902,0.9989793295941,0.998986034871143,0.998994218817194,0.998995062574197,0.999001854392012,0.999004607460861,0.999011737535206,0.999013168682714,0.999016733334294,0.999020456810846,0.999037188920153,0.999041429332359,0.99904871936937,0.999050924898491,0.999055368750235,0.999061992428642,0.999065728932132,0.999068707720249,0.999069704344313,0.999074857056645,0.999082749100257,0.999083778014536,0.999086096255353,0.99909045905855,0.999094737880138,0.999095435167045,0.999095925706888,0.999097515879589,0.999105307881502,0.999109449779732,0.999113950523593,0.999116325199103,0.999120145007501,0.999121367920991,0.999124112792085,0.999124551914059,0.99913250201035,0.999134189947569,0.999138305210597,0.999139121731786,0.999142312312423,0.999143202068263,0.99914509809311,0.999146815117344,0.999152917091353,0.999154526169168,0.999158953747186,0.99916080033643,0.999163932445516,0.999166730712595,0.999168042341498,0.999169453844228,0.999173206459418,0.999176615415614,0.999177988576289,0.999181576755513,0.999185766472411,0.999186771872188,0.999189939252681,0.99919193787796,0.999196066070371,0.999196317105855,0.999199504207885,0.99920070691597,0.999203248422534,0.99920423072643,0.99920737501267,0.999209805163583,0.999213063995679,0.999214465308467,0.999215793315838,0.999217174861512,0.999219998155841,0.999220930437807,0.99922227152145,0.999222990769095,0.999224219710687,0.999225855242298,0.999228091812465,0.999229454442963,0.999232269545886,0.999233363462069,0.99923737817574,0.999238439001126,0.999240164977575,0.999241002427479,0.999242782924249,0.999243280573802,0.999245104198962,0.999246152575999,0.999249130287905,0.999250114350275,0.999251799830581,0.999252959184952,0.999253951676386,0.999254637983433,0.999256954440571,0.999257375501446,0.99925825331429,0.999259113930964,0.999261441388886,0.999262061595551,0.999263606632935,0.999264105931371,0.99926548862537,0.999265909368863,0.99926733415821,0.999268775036971,0.999271057096957,0.999274367247365,0.999274500189613,0.999275468933715,0.999277074983658,0.999277834550533,0.999278404896828,0.999278583518574,0.999279652464811,0.999280065489768,0.99928097940587,0.999282167806511,0.999283985052741,0.999284264720543,0.999284879783148,0.999286007110581,0.99928703286598,0.99928756065805,0.999288779064118,0.999289242786235,0.999289979013895,0.999291141684274,0.999292888332065,0.999294230394971,0.999295573307471,0.999296328601031,0.999297328872061,0.999299262302557,0.999299865446376,0.99930010270982,0.999300811618312,0.99930179050966,0.999302247159887,0.999302760691002,0.999302880119653,0.999304424789382,0.999306314973218,0.99930719037183,0.999308658931468,0.999309317217349,0.999310100905055,0.999310870978172,0.999312424215646,0.99931345967049,0.999313959175073,0.999315700714571,0.999316409163835,0.99931740500012,0.999317957415886,0.99931889103738,0.9993208734688,0.99932144311349,0.999322777306227,0.999323544211771,0.999324001983896,0.999324801601099,0.999325398529723,0.999325667599272,0.999326565848848,0.999327489696968,0.999328064314153,0.999328185816076,0.999328862235492,0.999329596389143
0.813934221135562,0.85485285575866,0.867214337982419,0.870040974131325,0.904896435864443,0.937273759432059,0.941977717296894,0.948233519045973,0.955649136531315,0.958487878028683,0.966776918223653,0.968276873110573,0.972423827198357,0.973571322054819,0.975878790216009,0.976345692295517,0.978485121539354,0.978949558363438,0.979597501969686,0.98108900949955,0.981552672660164,0.981851027142737,0.982234040379069,0.982452711233171,0.982777687188035,0.982888019176097,0.983971269371254,0.984440259292329,0.984574105415872,0.985285453965621,0.985618594310819,0.986007997309416,0.986227540115345,0.986267126927888,0.986361605747196,0.986415110950705,0.986844241715489,0.986922794899696,0.987397177443079,0.987568065962972,0.987633647931626,0.987773125986795,0.987905024808998,0.98810686414685,0.98815857503763,0.988205221477256,0.988250473686571,0.988321811187814,0.988375131248314,0.98857438075389,0.988668628962477,0.988830747583395,0.988848264447013,0.988865699158672,0.989040023688187,0.98912658685796,0.989307221878352,0.989463370374672,0.98952295996593,0.989558957310784,0.989609146343473,0.989624461417417,0.989777652162936,0.989807333569277,0.989840168006535,0.989876540506495,0.989950463442297,0.989962131986252,0.989981563636014,0.989997559214358,0.990071493438028,0.990097856223727,0.990124323482237,0.990134498709335,0.990177501521299,0.990183546263869,0.990195466387083,0.990198408652514,0.990225632499057,0.990236707475088,0.990277742466111,0.990289861925269,0.990322639205941,0.990339743697424,0.990395780911318,0.990413241559496,0.990456880411178,0.990467457807992,0.990485173932811,0.990493686031562,0.990549373253209,0.990556673566904,0.990610404211293,0.990633625659896,0.990728448298834,0.990736227098278,0.990747409128669,0.990748996697457,0.990789632457641,0.990790676873315,0.990834870935743,0.990844370152361,0.990859708367394,0.990877301143369,0.990883179822458,0.990888684686006,0.990900787712717,0.990907574212342,0.990923969261974,0.990936304626388,0.990944057597293,0.990949643495967,0.990964629724417,0.990976168510609,0.990989988352541,0.991006241796659,0.991022610783924,0.991028328103612,0.991047517163869,0.991054710922174,0.991072384478521,0.991079342540297,0.991086616059033,0.99108874804423,0.991099994145232,0.991101736184544,0.991119378266687,0.991122288347725,0.991130782412741,0.991143480984708,0.99114794760826,0.991163302608089,0.991173597023698,0.991181326326284,0.991190101821267,0.991197008712383,0.991200981337653,0.991239475268368,0.991253113537758,0.991255022836185,0.991272371110508,0.991283120965779,0.991286175404649,0.991299743704266,0.99130531186461,0.991308426491552,0.991314707258695,0.991319929232224,0.991325466575919,0.991328981140418,0.991339290394222,0.99134385078498,0.991372765246628,0.991378842017297,0.991383734660329,0.991387367297197,0.991397226368186,0.991400368346051,0.991408300182008,0.991415307518107,0.991418559516427,0.99142021879719,0.991425842941552,0.991427896945081,0.9914361763368,0.991440983148085,0.991442396155049,0.991444811028696,0.991451199204487,0.991457730030817,0.991461685964144,0.991466856755196,0.991469734917975,0.991473354579361,0.991481045463428,0.991486362395796,0.991490038501403,0.991493286529443,0.991516622531998,0.991519606523587,0.991525097754759,0.991530291092345,0.99153992857391,0.991540731594472,0.991547180165278,0.991552573195144,0.991563062027585,0.991566750594139,0.991569603670303,0.991570617030094,0.991573357436068,0.99157359053031,0.991578238499385,0.991579423874414,0.991598361548517,0.9916002580653,0.991604532104659,0.991607076831418,0.991611540783209,0.991617510902461,0.991620144890397,0.991620487808101,0.991627118926378,0.991630036203819,0.991636562921448,0.991639256165834,0.991643609793477,0.991645313059348,0.991649059442199,0.991650558972545,0.991657300312428,0.991659982113032,0.991670192492502,0.991671417001498,0.991674039853443,0.991676479867091,0.991683726342318,0.991684888547431,0.991686766495933,0.991687460586524,0.991694446289449,0.991696461217467,0.991699978236146,0.991701532370726,0.99170293624639,0.991703209334412,0.991707683179161,0.991708282105086,0.991710099168488,0.991710667341923,0.991713503789422,0.991715313053959,0.991719403225749,0.991721752817321,0.991725256966361,0.991727387356972,0.991730808587153,0.991732294172427,0.991735123231324,0.991737080203653,0.991741370037036,0.991743579314889,0.991745873181869,0.991747472624383,0.991752971895414,0.991755034349366,0.991758652821709,0.991759263583984,0.991760708409577,0.991763008262328,0.991765715691564,0.991766705231413,0.991770646673555,0.991772160527549,0.991775553552746,0.991776942034555,0.991780523627502,0.991781596080659,0.991784947567517,0.991787357431129,0.991791686611368,0.991791803823063,0.991794002211262,0.991796217787332,0.991799329944016,0.991800745906208,0.991803753323503,0.991805490858048,0.991807993949576,0.991808705909443,0.991813642348903,0.991815754892018,0.991818894284694,0.991819586519658,0.99182260655671,0.991824918095321,0.991830475256192,0.991832278598405,0.991836105656827,0.991836817142083,0.991840278200202,0.99184266762389,0.99184482273702,0.991845032643477,0.991847978282558,0.991849166619018,0.991853445317684,0.991856129269933,0.991856772678739,0.991857158652542,0.991859450600242,0.991860085763813,0.991863186804977,0.991865207935112,0.991867311405422,0.991868526380218,0.991870416637934,0.991871566318495,0.991872694822695,0.991873038071277,0.991874477057207,0.991876393427021,0.991879229967466,0.991881329436885,0.991883432663488,0.991884803962197,0.99188594389216,0.991887319802697,0.991888284314197,0.991888882652291,0.991892063702721,0.991892778219919,0.991894435621128,0.99189464459607,0.991897693122789,0.991899515208563,0.991901047365157,0.991901984060213,0.991904203865547,0.991908069107186,0.991909409908226,0.991910119309415,0.991911379582594,0.991912799699925,0.99191553149927,0.991916421492792,0.991917246691913,0.9919184367522,0.991921265700462,0.991922514422684,0.991924546721763,0.991925057327303,0.991928234332756,0.991929729838816,0.991932623711839,0.991934443032389,0.991936308387874,0.991937284533755,0.991940593532445,0.991942326205527,0.991943482954865,0.991944208669009,0.991945031840737,0.991947070420677,0.991948554504658,0.991949201164455,0.991950907336804,0.991953324380612,0.991955205561847,0.991955999547142,0.991958852873949,0.991959547767256,0.991960793767826,0.991961590658598,0.991963103721221,0.991964330656938,0.991964860953476,0.99196626697046,0.991967746946022,0.99196904514921,0.991970987037549,0.991971236731538,0.991971949497153,0.991972420685769,0.991972566368825,0.991973026627772,0.991974374351798,0.991975178842613,0.991976134220538,0.991976249879905,0.991977118004068,0.991977377959781,0.991978968984603,0.991979352388639,0.991981622117705,0.991982884518366,0.991983366241558,0.991985013078589,0.991985975745591,0.991986356973035,0.991988605698759,0.991988996343821,0.991989724062203,0.991990774422996,0.991992027654861,0.991993231409662,0.991994863796322,0.991995325837109,0.991997250810489,0.991997676453514,0.991997912518418,0.991998250108408,0.992000477364788,0.99200148993597,0.992002161720662,0.992002427417001,0.992002846495717,0.99200293359029,0.992005294007056,0.992005613814753,0.99200654841255,0.992007934270618,0.992009269249259,0.992010112931679,0.99201101342872,0.9920112125889,0.992011682729084,0.992012709838661,0.99201410780152,0.992014577195802,0.992015145819293,0.992016156042501,0.992017972600365,0.992018985832709,0.992019499384903,0.992019955700981,0.992020900177988,0.992020999939309,0.992021963082166,0.992022708954889,0.992023689693118,0.992024037267458,0.992025310262066,0.992025695485863,0.992027196449134,0.992027210946671,0.992027374320308,0.992028540098237,0.992028777762613,0.992029025747137,0.99203025199923,0.992031484950673,0.992031743246735,0.992032091285072,0.992033007536624,0.992033434990266,0.992034863421833,0.992034957477542,0.992035437707704,0.992036463151937,0.992037040608097,0.992038681381862,0.992039232200258,0.992040299480362,0.99204058583643,0.992041712103649,0.992042238730331,0.992042328007479,0.992043235749817,0.992043642385908,0.992044136824004,0.992044440029271,0.992044976803146,0.992045938095937,0.992046309854248,0.992047527690603,0.992048464576614,0.992048740009694,0.992049228930123,0.992049389964244,0.992049922842369,0.992050726095275,0.992051098147436,0.992051884369176,0.992052945200172,0.992053659103588,0.992054627182992,0.992055521504661,0.992056755077818,0.992056791088318,0.992057710200636,0.992058033124371,0.992059014479226,0.992059909881856,0.992061472701996,0.992062312179915,0.992063044941627,0.992063508291089,0.992063672869888,0.992064653677334,0.992065361065104,0.992065896564323,0.992066160216414,0.992066965827257,0.992067810105277,0.992068289015939,0.99206893792387,0.992069382006476,0.992069964409806,0.992070188496616,0.992070610892359,0.99207133592943,0.992071834106044,0.992072099695488,0.992072331730379,0.992072661124251,0.992073295094744,0.992073377656584,0.992074238363133,0.992074476294321
0.803569972662326,0.86578081939831,0.885512357131234,0.885884934036409,0.896655539119498,0.908818834575951,0.919715987414736,0.923643806543557,0.936968279100176,0.947223852660566,0.952619293636599,0.953294652708105,0.957958138925016,0.962416541698652,0.969874931292563,0.970986847143863,0.973416210052146,0.975381478732825,0.977753897333864,0.978388599065778,0.979781739390157,0.980112707550472,0.98059903525979,0.980864002616896,0.981568544426241,0.982138715906879,0.982780301969187,0.983119881824239,0.984166115247432,0.984422155795834,0.98593162565116,0.986082524323192,0.986706200161759,0.986812369450149,0.986968190477898,0.987119783929187,0.990448767624037,0.99048340043342,0.990622467977508,0.990696599879584,0.990911592124167,0.990982211737201,0.991344680253271,0.991432397128731,0.99179839096028,0.991861935295292,0.992292453320705,0.992440192936707,0.992625257949059,0.992658441608404,0.99313671099046,0.993163785916864,0.993207566058255,0.993686925746305,0.993738304666938,0.993766819947209,0.994010140525696,0.994069266899955,0.994322851823845,0.994399082509749,0.994484104680725,0.994573677414424,0.994643638056724,0.994745560075204,0.994940764477104,0.995021193813185,0.995231728891916,0.995313171086797,0.995470367702612,0.995478207464513,0.995600040771337,0.995660207606711,0.995792027738108,0.995818811042538,0.995871551717401,0.996024882942714,0.996142561143458,0.996153906944076,0.996243999947798,0.996279400185557,0.996365169979365,0.996375206642633,0.996405619165591,0.996419750874482,0.996493672401789,0.996574470346078,0.996791755597344,0.996813218404047,0.996848515741961,0.996866752548765,0.996902595055336,0.996917323119206,0.996966174248924,0.996975868634658,0.997020183436873,0.997030352355695,0.997063364612204,0.997076085187067,0.997138810629721,0.997385185093243,0.997405010560602,0.997446857100124,0.997476902912194,0.997521247678437,0.997580623062714,0.997589016068625,0.997637884211375,0.997650263797583,0.997664838225005,0.997674784826013,0.997707637953076,0.997731822630308,0.997748342981459,0.997757565273213,0.997767514737306,0.997800338995502,0.997826146373775,0.997827656007126,0.997836547985234,0.997838129174645,0.997887173617965,0.997893526906906,0.997912169398464,0.997920727261511,0.997937384699418,0.997943259051599,0.997957086380972,0.997977026919598,0.997991205794992,0.997993064626,0.998018151976516,0.998022185703689,0.998032858463619,0.998063410264859,0.998067285372357,0.99807510845243,0.9980867855828,0.998096150659203,0.998107216201695,0.998108892902915,0.99812229370063,0.998133818464637,0.99817211711383,0.998176643691585,0.998196792301867,0.998203917609953,0.998214164040023,0.998218232195619,0.998224365346106,0.998235498183347,0.998241863666253,0.998248185516986,0.9982607450136,0.998263557914164,0.998270554922751,0.998279952718886,0.998288189617853,0.998290609935144,0.99830092019743,0.998307316345484,0.998326890905413,0.998329991640752,0.998362675427436,0.998369221735658,0.998378709028365,0.99839610002215,0.998399755450236,0.99840576548497,0.998413211071556,0.998417682000966,0.9984190826767,0.998431141125236,0.998436206959093,0.998439165067179,0.998462279447437,0.998469902828333,0.998477527003588,0.99847855503324,0.998485463520054,0.998502505732549,0.998517101289735,0.998521997962201,0.998526248650822,0.99853347741532,0.998543465898499,0.998546987467471,0.998555928115318,0.998558725453008,0.998575268703151,0.998578500792809,0.998584962042438,0.998593066299552,0.998601721071365,0.998663452378981,0.998665794962451,0.998671473447526,0.998677862452394,0.99867873068204,0.998681358964942,0.998683491498196,0.998689919805723,0.998694637719224,0.998700086903395,0.998700873649579,0.998707928142908,0.998708620722542,0.998717382629846,0.998725568802276,0.99873364667316,0.998734607595808,0.998743947052507,0.998747171247546,0.998751065441083,0.998752963200157,0.998762496669851,0.998763019287835,0.998769547763013,0.998770456986256,0.998776822724112,0.998779893592265,0.998780210846789,0.998785411801421,0.998791676684574,0.998793467274061,0.998797675560423,0.998800003288187,0.998803470178969,0.998807274832435,0.998810858154004,0.998813047983833,0.99881529521024,0.998816246868174,0.998817764989577,0.998821255650202,0.998824396641596,0.998830497137504,0.998832157206966,0.998833084827014,0.998836386532116,0.998839721098736,0.998847072921577,0.998848650339603,0.998854094859118,0.998857113251382,0.998860990042087,0.998863959039018,0.998866096141804,0.99886694913368,0.998869700644702,0.998872266513414,0.998876919587882,0.998879766916284,0.998883055622812,0.998883819309563,0.998889181290917,0.998889623516109,0.998895971602151,0.998899439587236,0.998900883259181,0.998901373610641,0.998903591235213,0.998903802021702,0.998908049979669,0.998909329404332,0.998913864574523,0.998914412364286,0.998918648653161,0.998921156214451,0.998937264429595,0.998939080224902,0.998940934623274,0.998943403740615,0.99894609692177,0.998947124987002,0.998980909969823,0.998982681075597,0.998987236407052,0.998988136696598,0.998992074831132,0.998995285504661,0.998999487488122,0.99900083891618,0.999005439486171,0.999009233606131,0.999015314925816,0.999016771818299,0.999019525587537,0.999024177367764,0.999026501988663,0.999027827128221,0.999028962075662,0.99903093666356,0.999035374317251,0.999038465418748,0.999039890219601,0.999041212661124,0.999042107243149,0.999043727253735,0.999044481691835,0.999045477206216,0.999048865559096,0.99904957703896,0.9990598938529,0.999063988996979,0.999065447757512,0.999066270626229,0.999069761364472,0.999071969289964,0.999076590302472,0.999077413275333,0.999080282563525,0.999082026048293,0.999087653917028,0.999087747879848,0.999089877169041,0.99909269939617,0.999094210390637,0.999095372669877,0.999097323387893,0.999098948545904,0.999101681135721,0.999103546008441,0.999106248623224,0.999107382832843,0.999111365861463,0.999112049686782,0.999113883508364,0.999114814110415,0.999115848393666,0.999117508650331,0.999120593940214,0.999121306784149,0.999123417925148,0.9991243843404,0.999126859589336,0.999129758112971,0.999131892312215,0.999132172094181,0.999135287353496,0.999137804157581,0.999141033131539,0.999141133273994,0.999143145016352,0.999144559968528,0.999148170242229,0.999149012834395,0.999150904751021,0.99915199972704,0.999152890069329,0.999153177031993,0.999156006575196,0.999157815346378,0.999160165473668,0.999161197968758,0.999162976101873,0.999164137696449,0.999184120752413,0.999186614123253,0.999188667488816,0.99918962689963,0.999190385232869,0.999192216024543,0.999196107461039,0.999201331154409,0.999202934472401,0.999203556583085,0.999205149797817,0.999205357344926,0.999206945201049,0.99920807218688,0.999210376483595,0.99921183730987,0.999213403290028,0.999220314304791,0.999222121669321,0.99922292316497,0.999224378845613,0.999225273496666,0.999226800459758,0.999227748708055,0.999229220282182,0.999230107270974,0.99923023821494,0.999230719715909,0.999231734598202,0.999233047635265,0.999233790067015,0.999235307671342,0.999237004401507,0.999238246529863,0.999239454599026,0.999240077558142,0.999242948345751,0.999242980885679,0.999243430656407,0.999244285325918,0.999245323058037,0.99924555151566,0.999246743151934,0.999247658795911,0.999249071132674,0.999249869842353,0.999251052106787,0.999251899223113,0.999252457910331,0.99925255962524,0.999254905282312,0.999255716315248,0.999255990518044,0.999256427272438,0.999257446057021,0.999257733890735,0.999261800138434,0.999262310834849,0.999263902597949,0.99926450743891,0.999266484153443,0.999267087665142,0.999269434512872,0.999270963333143,0.999273617167815,0.999273748140908,0.99927458504474,0.999275454412482,0.999276076428142,0.99927617717609,0.999277797336549,0.99927999683099,0.999281764167001,0.999282161136258,0.999282661372987,0.999283947649273,0.999285881416517,0.999285980743381,0.99928671040551,0.999287749794479,0.999288326516921,0.999289338030556,0.999290463414168,0.999290689789288,0.999291704796,0.99929260505649,0.999293866505705,0.999296109692603,0.999296482379966,0.999296806149221,0.999297567003373,0.999298524077475,0.999299878984272,0.999301296757557,0.999304109472383,0.999304718809359,0.999305268327277,0.999305330186588,0.999306203002116,0.999306752381743,0.999308204081836,0.999308450850199,0.999310018657631,0.999311758243405,0.999312421802857,0.999313584073087,0.999314242309719,0.999314776600042,0.999316425794897,0.999316497269876,0.999316696268039,0.999318407484286,0.999319276644526,0.999319568815762,0.999320516729829,0.999321328773912,0.999321804410662,0.999321935369347,0.999323827839022,0.999323844915526,0.999325177870218,0.999325937110155,0.999326199698979,0.999326592153443,0.999327361406605,0.999327601025253,0.999328494768951,0.999328956173725,0.999330306102726,0.999331681174948,0.999333824996439,0.999334576640982,0.999335117691746,0.999335322260411,0.999338170516999,0.999339046075412,0.999339356468023,0.999340166179822,0.999341150706796,0.99934181356277,0.99934312499057,0.999343668284693,0.999344661779023,0.999345423517015
0.760873805041784,0.835501388008567,0.844162308790039,0.859803132993467,0.872115365076353,0.881895634167651,0.897097555534147,0.916686555436122,0.92326142984743,0.937171828719701,0.952758776708108,0.9547571628332,0.958868972350267,0.959999414172538,0.964006365940447,0.96485299395889,0.969870157641685,0.971260472258744,0.973621304206822,0.97702176134855,0.978150382582033,0.978435852075022,0.97903613840884,0.980580380197023,0.98131393439376,0.98175851918634,0.982061795244512,0.982271873194608,0.982728232028779,0.98281420266169,0.983101888029199,0.983774048475101,0.984507752306063,0.984573561201978,0.98552751101802,0.985674537058993,0.985831812275384,0.985961687605067,0.986069368082901,0.986454346305414,0.986613448501332,0.986675743725988,0.98680984193838,0.986876685393401,0.986991547665467,0.987629436756584,0.9876951414863,0.987894409048882,0.987953561406504,0.988032241295805,0.98816695539783,0.988173558876433,0.989090285440934,0.989179304706118,0.989210640750694,0.989519500449842,0.989989334555677,0.990011329314536,0.990056113149582,0.99006453593547,0.990298775004346,0.990424795442183,0.991224917989583,0.991233509374908,0.991259134616813,0.991293546636641,0.991328484474013,0.99135558278132,0.991427915244359,0.991432158616472,0.991519493584959,0.991658694249216,0.991716535181975,0.991732542549009,0.991877098608861,0.991890130826691,0.992738406960824,0.992745142730809,0.992979331056065,0.993183639639256,0.99324944544591,0.993513746219643,0.993527001844906,0.993532865055427,0.993622984081893,0.993623335095931,0.993673971079192,0.993681318305661,0.993809624896119,0.993813314614545,0.993829992698906,0.993901109962078,0.994500477581539,0.994507407548433,0.99490748307938,0.99516155824747,0.995287114697199,0.995355284583289,0.995520311695402,0.995531881591221,0.995697151669867,0.995703822849242,0.99583849632726,0.995841223283153,0.99643060074679,0.996460595668972,0.99671045993999,0.996718292171449,0.996991009556792,0.997106161036898,0.997381682121282,0.99739243317061,0.997453128487755,0.997528920323387,0.997538920669237,0.997594576038881,0.997682571953552,0.997702139460598,0.997713354687546,0.997717921354687,0.997772157505225,0.997785118203022,0.997794666507409,0.997800265077149,0.99781977745656,0.997828171878902,0.997875031103811,0.997904236179625,0.997992887685283,0.998008273471774,0.998053455231128,0.998060902356613,0.998093619791541,0.998104158301043,0.99817354677473,0.998178894629354,0.998203141997076,0.998213546134383,0.99823731991192,0.998246646993931,0.998288335515927,0.998292209139477,0.998297572953656,0.99830627979774,0.998311777929855,0.99831797841082,0.998326866108895,0.998329817064901,0.998342987579599,0.998345770784045,0.99835159025485,0.998368516418897,0.998378353687255,0.998378407503359,0.998398942197432,0.998399233147781,0.998428160715737,0.998437165917125,0.99844564882295,0.998449779922819,0.998482890507808,0.998490277470458,0.998512916585856,0.998542695430531,0.998553076203891,0.998562889640858,0.998576833943093,0.998581037173885,0.998590513405222,0.998593816468512,0.998607025791087,0.998611875598658,0.998632452829648,0.998640381334134,0.998656218290575,0.998671316148317,0.998685790254702,0.998695826657532,0.998699490842368,0.998705582469709,0.998716700858156,0.998725641638356,0.998730813706793,0.99873494859938,0.998741029990413,0.998744208401677,0.998752746057334,0.998753967887509,0.998766595881905,0.99877265303936,0.998781962684226,0.998785030706111,0.998789854110482,0.998796132638956,0.998802325005111,0.998805467026323,0.998809660732553,0.998811616339162,0.998818350974476,0.998821999203962,0.998829229489792,0.998833117134323,0.998838253720152,0.998841879288467,0.998850178299881,0.998856934923366,0.998866757704168,0.998869618321992,0.99887763443833,0.998880645876166,0.998886354963313,0.998890700724425,0.998893219752094,0.998894776996792,0.998896559866665,0.998897845149263,0.998899932307298,0.998905164681546,0.998908393231498,0.998910056184253,0.998914075854281,0.99891594733969,0.998919865110863,0.998922536552506,0.998930450260888,0.998934749265969,0.998937663561088,0.998942995346677,0.998947610670576,0.998948399120887,0.998958200469178,0.998960868094394,0.998966434731614,0.998967677863396,0.998973594824099,0.998975926739319,0.998978982205067,0.998979808806783,0.998982609818396,0.998987716558042,0.998990997101477,0.998993806100143,0.998996846162664,0.998998629780228,0.999001642477544,0.999004930600382,0.999008634115332,0.999011901152911,0.999018359060676,0.999021609032565,0.999024639238948,0.999026841219475,0.999029129709876,0.999029784885361,0.999033122099942,0.999035467147916,0.999040166610063,0.999044495421403,0.999046507501532,0.999047170475153,0.999050634023535,0.999056570892195,0.999058018834696,0.999060004046331,0.999062559714031,0.999063404209036,0.999066758767723,0.999069681798084,0.999072169208435,0.999073417526514,0.999075116567718,0.999077059485141,0.999080194626901,0.999081320052369,0.999084409308034,0.999087984876141,0.999089230073022,0.99909080828906,0.999091574742538,0.999092833224357,0.99909472962584,0.999096857178406,0.999098421041438,0.999099328676846,0.999102088033897,0.999102533693766,0.999103624615328,0.999104740194938,0.999106795688211,0.999107800727586,0.999109737296896,0.999110441132294,0.999111628082218,0.999112323089993,0.999114219268502,0.999116096749723,0.999119205998627,0.999120053168754,0.99912838660436,0.999129296053893,0.99913190925695,0.999134113620637,0.999136371831786,0.999138349660314,0.999141329262473,0.999142326818605,0.999144747088725,0.999146430020962,0.999149954716199,0.999153756417562,0.999157120028982,0.999159396579474,0.999161895972073,0.999164467482055,0.99916540659161,0.999166514173844,0.999169261317717,0.999169528547294,0.99917219885344,0.999172606735941,0.999173481933035,0.99917469705262,0.999175884950412,0.999176752895693,0.999178950631376,0.999180147027489,0.999182028656904,0.999184624451073,0.99918826550994,0.999189581489622,0.999191646635198,0.99919369315799,0.999195161913829,0.999197001814029,0.999197848333897,0.999198773684555,0.999200468554456,0.99920136760991,0.999203794463039,0.999204897042263,0.999206301549733,0.999206738564551,0.999207307099788,0.999208596517573,0.999210228069821,0.999212235416381,0.999213048615579,0.999214412780209,0.999215991080399,0.999216811864776,0.999218047658902,0.999219304176976,0.999220037028282,0.999220891979752,0.999222311960802,0.999225351763533,0.999226204805377,0.999226897107937,0.999228367113679,0.99923015276964,0.999231366495337,0.999232173141641,0.999234601750115,0.999235250296574,0.999236302887331,0.999236621520123,0.999237602317987,0.99923983894036,0.999240331709682,0.99924138579776,0.999245421529853,0.999246249998765,0.999248038717434,0.999248801790843,0.999249082462532,0.99925063905948,0.999251304155165,0.999252209437348,0.999254290165954,0.999255137511705,0.999256331160978,0.999256462383378,0.999257236000386,0.999258177832232,0.999260128120424,0.999260552051222,0.99926105138048,0.999261856133758,0.999262090091269,0.999262144306074,0.999263101933411,0.999264184390532,0.999266005451093,0.999266527350783,0.999268730434628,0.999269436884881,0.999271610923224,0.999272874536999,0.999273386678625,0.999274023564759,0.999276397645537,0.999277297420259,0.999278125108279,0.999278705528775,0.999279579864667,0.999280628386124,0.9992831273912,0.999284082790589,0.999285574639129,0.999285923450156,0.999286547066332,0.999287933563919,0.999288144225847,0.999288432239002,0.999289310015463,0.999290226883885,0.999290873801821,0.999291621121169,0.999292306235795,0.999292453868509,0.999293233633168,0.999293266522388,0.999294467812141,0.999295623476742,0.999297008697825,0.999297280089795,0.999298186906404,0.999299178659964,0.999300098777767,0.999300260115392,0.99930177825489,0.999302328674863,0.999303066438779,0.999303271207436,0.999304000876377,0.999304915153236,0.99930623585916,0.999307656236,0.999309335152726,0.999310562654744,0.999311840159779,0.999312291430617,0.999313226857204,0.999314814202951,0.999318047964493,0.999318411944285,0.999319226339247,0.999319678286683,0.999320268205399,0.999320829569332,0.999322068663381,0.999323338042738,0.999323537118992,0.999325130952914,0.999326218192298,0.999326682264259,0.999327714139858,0.999327906413035,0.999330232611538,0.999330524390457,0.999331647178456,0.999331808226242,0.999333075446437,0.999333951998233,0.999334674687363,0.999335464995369,0.999336468287618,0.999338289913184,0.99933913816746,0.999339460262152,0.999340559741343,0.999341639195816,0.99934268157932,0.999342892793445,0.999343265027414,0.999344116179488,0.999344891090591,0.99934562695181,0.999346259367539,0.99934673575784,0.999347303301275,0.999347711531215,0.999348671517143,0.999349807363372,0.999350207377293,0.999350526888167,0.999351534047895,0.999352701612109,0.999354348883192,0.999354679660487,0.999355133998619,0.999355771550803,0.999356260296565,0.999356929797427,0.999357564212611,0.99935843690564,0.999359575663005,0.999360376359109,0.999360771329032,0.999361019109525
0.726235152935556,0.847761395166046,0.887138812391697,0.896850340815588,0.914593606871126,0.920581171767039,0.932808135908029,0.939078770904012,0.944026917110075,0.954239188426062,0.961228681113515,0.962411871605468,0.963874291046448,0.964367161409463,0.965588831110977,0.966306076856249,0.968443156410085,0.968880917847033,0.969577576825997,0.969869839461482,0.970303921418358,0.970466547859842,0.970962675314749,0.971079854962027,0.971360337659821,0.971544213770219,0.971794333740361,0.971951191427699,0.974400744031395,0.974484682585178,0.974626776905447,0.974755945921661,0.974900887003478,0.974954749915472,0.975078434264381,0.975234016450191,0.97537658008871,0.975464044327811,0.975591008659808,0.97574663296683,0.975825970377797,0.97592076161701,0.975996070724061,0.976061683652948,0.97610752346206,0.976143826545786,0.976193512024238,0.976226374827434,0.976258917158625,0.976296726191436,0.97634001825117,0.981295134677264,0.981379556370645,0.981393334152765,0.981701889497722,0.981746134043911,0.981787312845732,0.981823572772712,0.981867277157715,0.98187699829016,0.982206871213298,0.982223698912421,0.982397155567987,0.982411143618153,0.982438689680996,0.982446219248065,0.982469450434972,0.982534120940785,0.982663794313744,0.982673632900612,0.982710454224436,0.982720469449407,0.983004098894037,0.98345716772024,0.983542799913082,0.983550172501734,0.983579357446599,0.983594805496374,0.983627542777146,0.983639470890807,0.983649884076167,0.983659053462373,0.983686163234598,0.983730980838956,0.983807511103095,0.983814872665249,0.983854280704275,0.983862855933692,0.983902311475862,0.983909144864599,0.983922531010471,0.983931750551322,0.983943773318225,0.983956430010625,0.983974031192753,0.983980414742476,0.983992917657377,0.984052227417234,0.984060290989136,0.984069283369737,0.984098601383569,0.984109604123067,0.984113871095843,0.98412417239585,0.984132934991947,0.984208113661036,0.984220492946433,0.984237579485527,0.984247803999625,0.984253010478772,0.984261174800302,0.984265642417273,0.984528105591384,0.984542932991581,0.984556968145155,0.984566519245395,0.984575767528614,0.984603701667012,0.984685190939831,0.984691009458204,0.984695541740233,0.984703326927572,0.984714191925421,0.984715675540954,0.98474796537614,0.984753152769364,0.984760614132647,0.984766021079538,0.984879240038062,0.984886624615984,0.984895943066911,0.984901345324903,0.984911115350062,0.984913462870687,0.984918999287041,0.984920441339756,0.98492557374128,0.98492589426551,0.984935317593428,0.984938029775312,0.984949710837996,0.984952321951698,0.98495829893111,0.984962089306061,0.984984511435673,0.984996931664063,0.985002903297766,0.985008769097731,0.985012806976079,0.985016555132777,0.98501940666295,0.985055607381805,0.985064335762686,0.985065633292405,0.985092098603605,0.985118874234658,0.985185728228188,0.985188305243973,0.985192799302241,0.985195850674968,0.985226396060793,0.985230829617708,0.985234005871332,0.985237031606897,0.985240574836704,0.98524381094345,0.98524905262142,0.985252248868499,0.98527331151772,0.985275035959884,0.985282881216964,0.985285426120223,0.985308138623945,0.985310629187547,0.985313833610717,0.985318541121755,0.985320786069151,0.98532170716646,0.985323514209922,0.985327335000973,0.985335251843202,0.985398648719536,0.985415284454791,0.985415407397356,0.985418699966357,0.985423494788114,0.985429804381583,0.985434289160944,0.985437737623912,0.985439633354017,0.985449142467408,0.985450684847294,0.985454301576255,0.985461942791218,0.985474354757933,0.985477809429568,0.985487416431264,0.985489166337656,0.985492018607516,0.985497052404716,0.985500685054222,0.985501229540349,0.985511391996734,0.985513117495755,0.985531496184044,0.98553370078045,0.985535524177186,0.985536716119016,0.985538773739672,0.985547639758959,0.985555281600413,0.985559015098484,0.985560922540393,0.985562727296502,0.98556649128369,0.985567001562605,0.985570557747341,0.985572409566515,0.985610675224159,0.985612759864937,0.985613737358231,0.98561533506327,0.985618682728644,0.985620291202356,0.98562405577106,0.985626875856581,0.985627956560836,0.985631014626098,0.985658111639233,0.985659779808188,0.985662038931856,0.985664229641146,0.985666304131029,0.985668001736031,0.985678358947334,0.985681726388403,0.985685588117078,0.985687154953439,0.985691453355265,0.985693339301906,0.985696289298858,0.985698953142907,0.98570587845829,0.985708281601445,0.985710899705738,0.985712473867267,0.985714932346246,0.985721021001068,0.985724930742462,0.985728623248594,0.985732067254376,0.985733676911322,0.985741296701306,0.985743495494679,0.985745878383595,0.985748777744781,0.985751768211246,0.985753061890284,0.985767791471572,0.98577020010514,0.985773006578263,0.985773878855343,0.985779041695966,0.985780423716585,0.985783934397194,0.985785342027094,0.985794144927922,0.985799319391079,0.985800433436189,0.985801715332297,0.985804530618411,0.985806741149535,0.985809959353768,0.98581141929831,0.98581294226915,0.985814424830508,0.985815217031932,0.985819083495688,0.985824505348587,0.985827480828534,0.985829511442976,0.985848348554361,0.985849931535898,0.985850659325322,0.985853598064216,0.985854504100323,0.985857046877398,0.98585850332603,0.985860395698931,0.98586137579478,0.985862280030114,0.985862941217702,0.985878318755489,0.985878481834701,0.985883919302728,0.985884668229476,0.985886919752476,0.985888150263279,0.985888712571334,0.985896368419786,0.98589923061427,0.985900123029748,0.98590224317322,0.985904720269766,0.985908558390719,0.985909148823643,0.985911525502166,0.985925158153503,0.985927545301136,0.985929327954789,0.985938698815325,0.985939773002768,0.985945628279043,0.985959386742177,0.985979572479994,0.985983420394701,0.985986982948744,0.985987383706149,0.98599102728194,0.985993398334346,0.985994055507405,0.985994268354259,0.985995972794732,0.985996665888271,0.985998088537822,0.985999298863342,0.986001701747547,0.986004844527962,0.986013027468934,0.986013417278452,0.986014792819628,0.986016010025828,0.986017569015761,0.986018836240638,0.986021130944996,0.986021982891627,0.986026094349013,0.986026777961968,0.986029893237743,0.986033141365873,0.986034729655975,0.986034876196944,0.986037018108023,0.986038161666798,0.986039009008334,0.98603941419471,0.986040673076824,0.986041703211524,0.986042865730403,0.986043744399104,0.986072261576378,0.986074018367935,0.986076602172019,0.98607717992282,0.986077802596472,0.986078432818495,0.986079895856335,0.98608062180072,0.98608375686916,0.986086176956667,0.986090092683903,0.986093831872348,0.986094428939944,0.986096112321609,0.986100989307894,0.986102074307782,0.986137235782534,0.986152184365149,0.986178280165649,0.986178886045312,0.986179555217076,0.986180662299726,0.986192341834802,0.986194977473973,0.986209245176884,0.986210050673765,0.986211534363035,0.986212323975124,0.986220435618822,0.98622247140208,0.986224419099046,0.986228518256583,0.98623014195608,0.986242328548824,0.986244653544124,0.986245528898158,0.986251103169976,0.986251917865404,0.986255885846449,0.986256240875291,0.986256839956779,0.986257838474042,0.98626129540002,0.986261423106562,0.986262854754714,0.986262922444691,0.986294139629992,0.986310574419474,0.986320380602073,0.986320781441416,0.986347123869555,0.986347583842139,0.986384433976075,0.986384954996407,0.986388798209843,0.986389262290192,0.9863926290476,0.986396488418398,0.986411756224502,0.986412196524063,0.986421103847614,0.986427273575101,0.986428305694641,0.986428730952686,0.986432291865531,0.986433581701823,0.986436592180068,0.986436705254151,0.98644018625497,0.986445164664792,0.986450664849724,0.986451016777156,0.9864546868568,0.986468662102107,0.986469659608463,0.986469997804949,0.986484362865867,0.986484523139217,0.986493216523233,0.986493835261556,0.986495148846626,0.986495389432305,0.9864987738198,0.986499002453589,0.986506209473372,0.986515775706469,0.986516692574457,0.986517415128514,0.98652087475814,0.986521625162057,0.986538901165784,0.986538934310107,0.986542374028732,0.986543005781799,0.986552721390249,0.986553235643029,0.98655356432408,0.986553949466939,0.986565543169749,0.986566637646978,0.986567442273045,0.986568015820477,0.986610882873549,0.986611093921867,0.986622909596351,0.986623060544461,0.986624656762649,0.986664775102323,0.986680590123981,0.986681572466168,0.986695763019503,0.986697215532954,0.986700858265959,0.986701322144393,0.986720445791699,0.986720568856093,0.986761581843251,0.986762658269435,0.986770397635237,0.986771006277892,0.986783698525788,0.986783849689724,0.986784553039229,0.986788813513191,0.986790545910725,0.986790762254459,0.986796800277774,0.986796872594429,0.986797063652567,0.98679730242091,0.986823597400824,0.986823926044407,0.986826525977126,0.986827269084067,0.986828637477779,0.986849560512358,0.986850775883237,0.986875144406016,0.986876309580636,0.986878546964337,0.986886134339121,0.986886643073154,0.986887333436713,0.986904015040509,0.986906002813874,0.986906631927718,0.986908718827773,0.986908729967584,0.986924514796743,0.986929008105907
0.771773205170593,0.783887629953239,0.802703386615807,0.819301916857335,0.869062226738792,0.875421883295287,0.889260129439279,0.922683538312392,0.954802248114596,0.95615831460851,0.96188852755875,0.962711146794947,0.967381198086,0.970734965278094,0.97254480967597,0.9735974770538,0.975602137292379,0.97645936411251,0.977697798591956,0.979365287413296,0.979752689098932,0.979996271651189,0.980604759182676,0.980757422273405,0.98130281414232,0.981402395526121,0.981705368373025,0.982086954241882,0.98222963874146,0.983977013737839,0.985119909066019,0.985191767170292,0.985332795395072,0.985396482924692,0.985561184320515,0.985603851175197,0.985692183306005,0.986058293335372,0.986171810485608,0.98622795184902,0.986340122241248,0.986373380548712,0.987303290594255,0.987897580875629,0.987948901520957,0.98800319483762,0.98812557157749,0.988162358358212,0.98822153739297,0.988271903283284,0.98831944459098,0.988439572467431,0.988498028372122,0.988580619752879,0.988710565182328,0.988742485116425,0.988937901022317,0.988949752587125,0.989153650914775,0.989206199484262,0.989228687105511,0.98924058421259,0.989291118144925,0.989305727694679,0.989329563874227,0.989360631102602,0.989386860074288,0.989427894226447,0.989742679160787,0.989764880275862,0.990036193249335,0.990061754692136,0.990098188507141,0.99012482079153,0.990156098604727,0.99016979666251,0.99022102488399,0.990236428862249,0.990257033305729,0.990294185262924,0.990438844848611,0.990481683566954,0.990691190030359,0.990711833668549,0.990752851290533,0.990771989510064,0.990797468690572,0.990842661367539,0.990858158396963,0.990871635326135,0.991277280130593,0.991305840057997,0.992491349877816,0.992501047413958,0.992521392919602,0.992527688024958,0.992911496327558,0.992931560174149,0.993422574282,0.993435470344535,0.993540164009835,0.993551673184314,0.993738377346164,0.993778945180843,0.993790730939623,0.993797517974649,0.993930620712984,0.993944471757771,0.99406264964971,0.994069048597621,0.994267163974129,0.99427494026673,0.994401053248637,0.994408291062923,0.994481823265631,0.994485629772936,0.994783607228672,0.994800824955026,0.99482613502534,0.994850699165816,0.994892425037313,0.994907816431162,0.994981648626632,0.99499438100799,0.995112681050613,0.995122045559339,0.995148623328063,0.995154918295791,0.995207881199475,0.995217999136671,0.995255795294407,0.99526691258246,0.99529743439435,0.995299085919729,0.995310292816595,0.995315687329701,0.996054983390181,0.996076357954183,0.997353671362709,0.997361661869889,0.997422711134018,0.997440094291759,0.997470597937647,0.997481409619736,0.997514275290462,0.997516593444418,0.997554928385535,0.997567831180269,0.997928545596387,0.997937586281602,0.997973035516525,0.997974362328026,0.997989036634125,0.997995554177682,0.998005379490607,0.998009456288821,0.998013589606897,0.998025303660202,0.99803488891996,0.998039398840777,0.998049469232432,0.998079655983648,0.998118293919377,0.998124083401271,0.998148493425694,0.998180165869255,0.998183152634855,0.998192513560912,0.998205092436525,0.99820833327561,0.998212734776064,0.998218449630201,0.998225521412043,0.998251837872926,0.998262920883918,0.998268512521157,0.998277991789807,0.998287303070439,0.998291313969695,0.998292285671522,0.998299433223257,0.998301471245689,0.998305974927554,0.998319907147957,0.9983317896768,0.998333559446402,0.998336495737477,0.998337701206992,0.998343525403431,0.998347891618609,0.998353448918787,0.998356888062487,0.998361786882596,0.998364089496737,0.998375134682473,0.998376297222472,0.998380607518946,0.998402247742553,0.998451793742309,0.998461597795872,0.99846962137761,0.99847181754955,0.998474215716528,0.998474558590698,0.998481062175145,0.998485332849103,0.998487815216112,0.998490972952289,0.998496010888991,0.998496757467807,0.998502041430972,0.99850912161742,0.998514379505437,0.998517516530375,0.998522704894502,0.998528512678317,0.998532390446957,0.998541471405208,0.998547244527263,0.998549696081358,0.99855188006509,0.998555536515358,0.998558020781983,0.998561401668079,0.998566813473456,0.998568231900336,0.998608656709352,0.998611452479968,0.998614680493235,0.998615034772685,0.998618723223532,0.998619959688842,0.998643865771735,0.998648882355759,0.998654899289676,0.998658262224106,0.998671998347141,0.998673256748102,0.998682073215711,0.998687563286476,0.998693505637304,0.99869458400251,0.998704391049629,0.998707482257014,0.998713669871229,0.998715327946757,0.998720865292441,0.998722834547145,0.998724552347078,0.998729501697356,0.998733769637362,0.998734192971592,0.99873709371484,0.998738637585499,0.99874038895268,0.998742341167934,0.998746463211957,0.998753044831917,0.998760035910506,0.998761184996606,0.998766198958671,0.998767213042126,0.998773342532247,0.998774412988338,0.998776137704008,0.998777427872491,0.998779468087087,0.998782608901911,0.998786148591647,0.998786720052918,0.998792896476362,0.998798733417113,0.998800635357113,0.998805487337303,0.998809000216439,0.998810394768869,0.998812442210436,0.998816270250744,0.998818796164998,0.998820876668996,0.998824796748592,0.99882841354182,0.998834704841948,0.998836177354686,0.998844216991468,0.998845880400389,0.998848439912891,0.998851281831228,0.998858766325499,0.998860413194057,0.998863928591633,0.998865929717526,0.998892608612742,0.998894760968638,0.99889856277481,0.998900591475786,0.99890491782033,0.998905479129081,0.998908581555278,0.998910694898571,0.998914141741799,0.998916235743445,0.998918478289726,0.998919747690997,0.998923946382992,0.998923987610655,0.998925707335647,0.9989260200266,0.998928313407806,0.998929385913809,0.998930879883836,0.99893480620609,0.998937062696513,0.99894034711764,0.998943489198486,0.998943890513972,0.998944992720149,0.998945341756048,0.999022590464289,0.999023561291129,0.999027398534047,0.999027596890012,0.999029652464161,0.999030156254184,0.999032917049374,0.999036122299803,0.999038989464399,0.999040257532713,0.999041840801419,0.999042381820318,0.999043319032198,0.999043948235159,0.999046384908972,0.999055848228279,0.999057543763666,0.999058200679537,0.999060699954145,0.999064955623989,0.999067979340075,0.999068620360551,0.999071598486814,0.999073277915301,0.999076915634209,0.999077455540924,0.999081413705141,0.999083521555545,0.999084375279597,0.999085460831579,0.999088195580076,0.999089063930082,0.999091457881541,0.999091766746157,0.999095480371403,0.999095959758451,0.999099779108918,0.999101194574058,0.999103891181296,0.999104507754779,0.999105505506107,0.999106353212566,0.999108651113997,0.999111664999305,0.999112769270875,0.999116332075212,0.99911717012599,0.999117643288982,0.999140920180509,0.999142062035992,0.999147547627172,0.999147843510006,0.99914976161076,0.999150345452269,0.999150989951425,0.99915147745005,0.999152790327912,0.99915509388372,0.99915810055382,0.9991591903505,0.999159902948198,0.999160192179323,0.999162250308427,0.999164077003099,0.999165243872894,0.999166158659045,0.999169096988704,0.999169275201314,0.999171198317616,0.999171920889903,0.999173207548151,0.999173955239835,0.999176938740422,0.999178271381948,0.999180897276612,0.999181244019159,0.999182550191567,0.999183782230728,0.999184925729716,0.999186638642133,0.999188144693597,0.999189666909939,0.999190443754085,0.999190734572469,0.999192826549858,0.999194934983285,0.999198904844958,0.999200908142148,0.999202905102496,0.99920376586577,0.99921898149002,0.999219839773559,0.99922194170817,0.999240107463237,0.999243162227224,0.999243476934814,0.999244457186321,0.999247316016479,0.999248844561815,0.999249833630572,0.999252750014576,0.999252973735215,0.999255140974708,0.999255431297534,0.999256729067469,0.999257059861394,0.99925926329873,0.999259416690398,0.999260820838078,0.999261177334436,0.999262363544652,0.999263431805515,0.999265409285363,0.999266481526143,0.999268537879881,0.999268782069789,0.999270092363973,0.999270472830465,0.999272378054376,0.999274213400136,0.999276517939554,0.999277998794544,0.999278719954699,0.99927891785963,0.999280178383417,0.99928184280575,0.999282640988178,0.999283186253037,0.999286177773381,0.999286205152591,0.999287848505833,0.999288532736388,0.999290389631481,0.999290891901552,0.999293089393593,0.999293458963093,0.999294150096789,0.999295346250317,0.999296462880894,0.999296842357037,0.999299037113902,0.999300030975289,0.999301645142061,0.999302717033602,0.999303378562181,0.999303889661468,0.999304284320061,0.999305842653051,0.999307261200783,0.999308183202941,0.999309219000632,0.999309738872695,0.999310528073751,0.999311949294762,0.999314089785494,0.999315100553964,0.999316183271344,0.999316936938445,0.999317376656118,0.999317851972598,0.999318575677347,0.99931934120468,0.999320569904018,0.999320687661896,0.999321036875876,0.999321625323397,0.999322854476996,0.999324062591422,0.999324543395204,0.999325027679623,0.999325916520124,0.999326696075875,0.999327613897469,0.999328834597913,0.999329570129056,0.999329984169222,0.999330289743547,0.99933134561222,0.999333017133891,0.999333799866779,0.999334184555381,0.999334811524048
0.824218834750399,0.863151685496393,0.869030825885376,0.884569755979025,0.900740034711026,0.917265831517135,0.936893024682677,0.949491621255356,0.954900525848112,0.957019980250636,0.959909697729443,0.961499891602233,0.965005419333636,0.970285592877637,0.973218283731568,0.976799815116031,0.978858550140294,0.979243474492841,0.980421619168158,0.980793002932366,0.983380628975208,0.985298710430842,0.986059404176356,0.986486706173503,0.98688683827226,0.987539930443703,0.988015631214215,0.98810486684804,0.988431973211087,0.988631397818906,0.988825719773637,0.988963174995211,0.989207083497103,0.989285073625045,0.989379064325912,0.989439573055378,0.989783352063483,0.989864319296116,0.990122863202291,0.990150321814736,0.990350272259987,0.991058284764076,0.991449604388871,0.991489856728165,0.991543748334853,0.991575237824546,0.992000714863965,0.992033078692366,0.992153251029825,0.992210687246454,0.992690017313105,0.992709685338899,0.992837118104926,0.992859523753926,0.992915618506634,0.99293284952118,0.992985653091221,0.993039210039387,0.993104340194453,0.993155663688965,0.993253383393442,0.993266480006667,0.993299596328459,0.99332128172297,0.993458574927812,0.993481420412755,0.993636338321203,0.993731665990546,0.994230864234401,0.994241970144595,0.994268943897677,0.994303645907296,0.994342311779369,0.994352760944828,0.99449298334251,0.994555617774656,0.994695828156645,0.994716285182373,0.994853170952455,0.994880121844423,0.995042118543245,0.995055952816815,0.995087525044516,0.995362675059897,0.995469251401155,0.995655083054543,0.995696321640367,0.995727870364806,0.995848154466767,0.996089917834339,0.996268218582082,0.996303643759771,0.996329134645731,0.996349969273954,0.996483425250607,0.996491544989797,0.99659897519682,0.996660152624927,0.996804583857271,0.996857679294214,0.996870826445596,0.996875206425576,0.996915285278524,0.996937656560508,0.997028622612736,0.997046272297891,0.997077789993949,0.997085368479109,0.997123126337001,0.997138568131396,0.997212916467088,0.997225460507853,0.997289790007774,0.997294209207397,0.997388046505076,0.997396449303611,0.997425399997478,0.99743856441241,0.997465740429538,0.997505365638466,0.997540889754442,0.997573957768656,0.997602356087718,0.997630100822724,0.997644364717209,0.997658955323087,0.997696432716628,0.997702712280494,0.9977086603492,0.997718949952408,0.997743010050973,0.997752899382405,0.997770721193997,0.997777542745782,0.997825254066409,0.997837591708016,0.99785695345721,0.997877221214792,0.997894777773213,0.997911896736153,0.997918929742757,0.997950892201854,0.997963136256553,0.997974268780476,0.998004703632276,0.998008583030436,0.998016146443616,0.998024719973795,0.998031057759541,0.998043411729111,0.99807012697634,0.998074544027506,0.99808076837217,0.998103993911965,0.998113616957149,0.9981277573397,0.998139554314066,0.998151554390558,0.998160061932777,0.998171845723265,0.998187704757278,0.998194728377118,0.99821059682723,0.998223734914491,0.998235472611868,0.998238574186635,0.998268009211194,0.998274767084086,0.998287941536708,0.998299833573297,0.998318208736064,0.998327062727493,0.998334430912101,0.998340898610568,0.998362285329666,0.998367055885112,0.99838686563691,0.998393665577814,0.998401420705414,0.998406891488864,0.998429381692829,0.998435352296807,0.998446662594088,0.99846039825232,0.998471555460089,0.998475278841477,0.998488405213924,0.998490410127346,0.998498528670615,0.998505858822393,0.998511368727521,0.998515634237646,0.998524531568804,0.998530920359507,0.99854049740597,0.998553304357195,0.998567012447936,0.998570863210797,0.998588121972334,0.99859186403414,0.998604768897757,0.998609450874351,0.99862355241253,0.998631526482881,0.998632981871138,0.99864041170066,0.998649683664091,0.998657122909866,0.998664614781805,0.998670290623933,0.998673563503976,0.998680267406318,0.998687812926087,0.998693005929955,0.998700786972038,0.998705694757428,0.998711585591895,0.998713497647955,0.998728123785988,0.998731365500676,0.998737939552826,0.998739765544278,0.998752100299442,0.99875648096288,0.998765127406797,0.998765694321297,0.998770875878106,0.998775884264929,0.998785595741504,0.998786568506679,0.998792969134891,0.998797230392654,0.998801647865084,0.998804978545111,0.998811387522399,0.998816742590621,0.998823381601636,0.998824214763963,0.9988279937515,0.998836191094729,0.998842281028654,0.99884592674596,0.998848034444156,0.998851353076269,0.998860550426851,0.998863474728208,0.998868721865174,0.998871013489731,0.998875823502432,0.998881297922785,0.998883952371635,0.99888893658899,0.998895030617886,0.998895966511282,0.998905924404364,0.998908231525749,0.998911150311272,0.99891386987177,0.998918249074953,0.998921183823257,0.99892795079534,0.998933157888906,0.998940784718894,0.998941336800297,0.998947691983492,0.998950554073994,0.998954149934263,0.998956377994064,0.998963103947745,0.998964225195554,0.998971070994063,0.998974695704786,0.99897577339447,0.998976573569285,0.998978755198335,0.99897945132064,0.998983738209231,0.998985168918329,0.998987836496142,0.99898997160454,0.998992281982237,0.998995159558994,0.998997935200034,0.999003708727842,0.999006968902798,0.999007374085321,0.999010740688369,0.99901245636605,0.999017788016313,0.999018348359932,0.999022548813185,0.99902488790565,0.999027786429758,0.999028721327674,0.999031335962751,0.999033098153511,0.999036351096582,0.999037350612176,0.999041411152849,0.99904425257231,0.999048114071191,0.999049863939712,0.999054937176649,0.999056968339922,0.99906053202078,0.999061465031037,0.999066123072437,0.999070081379319,0.999075561153675,0.999075982470526,0.999077670466922,0.999079301610882,0.999082830509871,0.999084149373902,0.999087647910482,0.999090915224316,0.999093088761372,0.999094496308103,0.999096369478351,0.999098211523273,0.999102017355074,0.999105027860772,0.999106540410324,0.999110241694807,0.99911198282768,0.999112969424449,0.999118091358192,0.99911855326015,0.999123122922437,0.999124038874674,0.999125266699411,0.999127576869737,0.999128979086503,0.99913020096173,0.999133086665086,0.999134150899269,0.999137584609678,0.999138139033476,0.999139960911115,0.999140670305795,0.999143751421937,0.999143777532164,0.999146312466255,0.999147959247318,0.999149883470061,0.999150272625921,0.999152215239153,0.999153338583587,0.999155257912627,0.999158560614839,0.999159920140765,0.999162472316552,0.999165246177208,0.999165639860501,0.999167755027787,0.999169115410619,0.999170593840795,0.999170835752048,0.999171694337161,0.9991718780495,0.999174943284053,0.999175460414277,0.999176283602703,0.999179206763388,0.999180727956069,0.999181375713221,0.999183788383128,0.999184438869197,0.999189242556623,0.999189762007995,0.999190641721105,0.9991921774041,0.999194754677859,0.999195432076853,0.999196901372245,0.999198215249807,0.999202209017934,0.999202346049385,0.999203161564254,0.999203875452023,0.999205325277893,0.999206216652956,0.999206917790871,0.999208157611622,0.999209715241553,0.999211004213655,0.999212144159469,0.999213465336534,0.999215939127804,0.999216053168877,0.999219277836007,0.999220540680509,0.999221455039564,0.999222397521385,0.9992237440038,0.999224614700943,0.999226202067976,0.9992266456318,0.999229580216252,0.999230297105771,0.999232324531095,0.999232689345939,0.999235072141529,0.99923561795906,0.999236956903187,0.999237423075554,0.999237772058248,0.999239393446358,0.999240449662065,0.999240876486525,0.999243917027954,0.999247273154731,0.999247787300758,0.999248114013896,0.999248530181858,0.999248770291257,0.999249755564156,0.999250761288318,0.999252579796774,0.999253200543389,0.999254221175009,0.999254401691061,0.999255578596517,0.999256835670649,0.999257428598246,0.999258038057822,0.999258865913145,0.999260858541748,0.999261599478557,0.999263121157557,0.999263544241795,0.999264258607355,0.999265049043051,0.999265140458391,0.999265932492272,0.999266711113089,0.999268374177887,0.999268677222454,0.999269844443615,0.999271112014981,0.999271960183402,0.999273691967016,0.999273927629053,0.999275241103424,0.999275826834398,0.999276320369196,0.999277381937284,0.999277669685127,0.999278730936128,0.999279729439549,0.999280965193449,0.999281189499631,0.999281704093168,0.999281994286537,0.9992831510882,0.999283791415248,0.999285412278136,0.999285522705971,0.999286145838297,0.999288325423233,0.999289738975868,0.999290618440743,0.999291274736395,0.999291930082311,0.999293911253344,0.999294245598836,0.999295330265354,0.999296182567826,0.999296981744962,0.99929701742337,0.999297295349469,0.999297805214935,0.999298850626416,0.99929975867669,0.999300055629307,0.999300226946988,0.999301435376996,0.999302090937124,0.999303760197869,0.999304206601385,0.99930603005422,0.999306737759009,0.999308073879837,0.999309394122888,0.999310612982083,0.999311109480052,0.999312500491122,0.999314924811315,0.999316249518083,0.999316537951153,0.999317652163542,0.999317787298039,0.99931860264977,0.999319168863515,0.999320598046852,0.999321590919965,0.999322217725917,0.999322620986086,0.999323539137937,0.999324606938351
0.766077470475917,0.856685351832952,0.863967917377864,0.902980027172345,0.908653606299631,0.920164514011782,0.925597013066874,0.927637627682569,0.958458433154174,0.960403940087209,0.964239869322776,0.965087646043326,0.966603365252782,0.967552562568988,0.974376098746721,0.97474729696221,0.975489434760423,0.976261950367223,0.976881231952844,0.977290065582888,0.977657546204976,0.978079748060209,0.978623956059109,0.979270100373959,0.979555170690258,0.980551307979324,0.980832728899033,0.983823508478472,0.983965104973446,0.984019480570084,0.984259390293612,0.984875473783921,0.985197737027319,0.985267475149645,0.985578260170654,0.985657757788817,0.985953636590916,0.986023785271671,0.986155585866343,0.986237434987244,0.986312123590096,0.986367453066554,0.987026930283939,0.987079112224734,0.987265641594926,0.987293783451314,0.987366091877747,0.987830793800033,0.988029388901037,0.988059217339491,0.98833712085513,0.988364003046622,0.988415695430505,0.988534151014941,0.98875530401301,0.988799273373191,0.988882513292284,0.988919333910941,0.988961190040039,0.988977429097892,0.989069962963614,0.989121121949926,0.989190961578872,0.989214999564034,0.989414481493034,0.989432651345716,0.989506054730601,0.989522702080335,0.989558601130562,0.98956585238009,0.989592463778016,0.989653928589485,0.989681173718393,0.989708991340499,0.989744149994534,0.989773855566435,0.989847561843833,0.989861488696921,0.98991131568944,0.989933447131759,0.989981685563639,0.990030723513281,0.990060167087113,0.99007984827044,0.990108585149535,0.990135214447565,0.990182031846892,0.990198999951615,0.990296379035798,0.990341112701179,0.990385251879814,0.990453439837326,0.990481826903344,0.990522431985458,0.990607395018058,0.99060970052085,0.990691127318876,0.990704588281608,0.990730889515499,0.990736723010606,0.990807976997103,0.990837178867295,0.99087787383933,0.990886773066355,0.99093029521904,0.990934578622235,0.990962472032585,0.990978685391039,0.990987587434615,0.991000106544297,0.991042113983114,0.991049161881051,0.991071328399648,0.991088117821352,0.991096348907931,0.99111526033215,0.991137011487916,0.991149448252048,0.991164448112433,0.991177875299796,0.99119148772943,0.991205789691985,0.991215853993834,0.99122499964076,0.991239573072593,0.991252100387781,0.991263268054442,0.99126989253966,0.991278091686769,0.991281013728291,0.991300387376778,0.99130612044087,0.991319361242069,0.991322014379075,0.991339525791334,0.991346670873328,0.99135891057747,0.991362613337548,0.991375380307758,0.991380769708179,0.99139133177042,0.991395767225293,0.991401710522202,0.991407001700347,0.991411177639534,0.991416372187736,0.991428520173377,0.991434598270351,0.991446046334866,0.991452665248685,0.991459736043254,0.991462237415242,0.991466171170945,0.991469583950665,0.991474635633665,0.991478758382758,0.991484466394548,0.991487561474454,0.991494286201569,0.991495472994273,0.991500016868498,0.991503227084775,0.991508509341902,0.991510352898695,0.9915160963733,0.991521127105127,0.991526704793808,0.991528990933107,0.991535075066736,0.991536778561271,0.991542908782451,0.991544861616773,0.991547575176692,0.991553250107954,0.991561338142999,0.991564835631582,0.991566734104242,0.991569084887973,0.99157348092012,0.991576136996909,0.991582260048444,0.991585025250234,0.991588643099875,0.991591156629908,0.991601189275576,0.991602133518207,0.991603607508902,0.991604368569911,0.991612959173479,0.991613493570588,0.991623970948411,0.99162496534924,0.991629391758964,0.991630732145798,0.991635254455798,0.991639140540865,0.991641242661258,0.991643385367946,0.991648129469227,0.991650048534763,0.991651411856018,0.991653733171199,0.991656368814509,0.991658907424562,0.991662144684062,0.991664247539832,0.991668908253728,0.991669719678304,0.991676077940423,0.991682415748356,0.991685566670698,0.991686022148939,0.991690527084636,0.991692007460362,0.99169402018575,0.991696517671934,0.991699849298154,0.991701320236406,0.99170260511954,0.991703441970782,0.991705205959099,0.991707287631175,0.991709128300652,0.991710504516602,0.991715069452987,0.991715749124113,0.991717159817466,0.991719874294003,0.991724139528651,0.991728060689862,0.991731582441567,0.99173520672392,0.991740546485544,0.991743169879684,0.991745397585807,0.991746480802421,0.991748876165877,0.991750138634644,0.991754347838458,0.991756685447212,0.991757751959642,0.991759508046855,0.991761269344448,0.991765860268265,0.991766595871384,0.991768526047392,0.991771260144658,0.991772210097243,0.991772975657388,0.991774215103831,0.991775616807903,0.991777109060166,0.991779131289029,0.991779737576243,0.991781971184193,0.991784472009728,0.991785412589522,0.991786785571553,0.991790643462396,0.991792231636936,0.991794122191709,0.991795216774767,0.991796725522097,0.991797993207558,0.991799121371456,0.991799530037273,0.991802253185174,0.991803443816325,0.991805398235166,0.991806915665022,0.991808663202823,0.991809772308769,0.991813691497419,0.991816243483954,0.991819169482155,0.991820663394962,0.991821875512237,0.991823361000728,0.991826250835742,0.991829025471344,0.991833179350582,0.991833316582807,0.991834565606824,0.991835506565378,0.99183732667358,0.991838231540662,0.99184148599442,0.991843989124742,0.991845945077677,0.991846552588709,0.991848292822587,0.991850553365705,0.991852371437958,0.991853211859337,0.991854518764126,0.991856413427114,0.991857499870058,0.991858475955461,0.991859835263159,0.99186220657713,0.991864830865664,0.99186558014575,0.991868297852382,0.991869985450315,0.991872306191446,0.991873206930828,0.991876330272549,0.991878308234273,0.991879654945258,0.991880564031703,0.991882174187304,0.991885519100539,0.991887543987219,0.991889035629166,0.991890512584799,0.991891573318639,0.991892914104285,0.991893910175561,0.991894852161551,0.991895968529544,0.991898135190131,0.99190090478126,0.991903803862612,0.991904958497561,0.991906068916624,0.991908552297944,0.991910526675856,0.991911906813631,0.991913400809397,0.991913781702088,0.991914976073782,0.991915466261351,0.991917298625708,0.991918602471593,0.991920848467048,0.991922127556612,0.991924218800603,0.991925005033339,0.991927125430972,0.991928248366443,0.991930722639814,0.991931454595679,0.991933525499283,0.99193569313567,0.991935991750331,0.991936357590149,0.991937796837659,0.991938691524521,0.991941344541783,0.991943621765986,0.991944615907515,0.991945054100114,0.991945759369547,0.991946972850105,0.991950637864907,0.991951998243028,0.991955234887185,0.991955578412941,0.991956997510494,0.99195848907683,0.991959857187761,0.991960516163615,0.991961824279466,0.991962487265357,0.99196449605432,0.9919648132205,0.991966066707114,0.991967554598946,0.991968234601946,0.991969159330168,0.991970735002432,0.991971246384196,0.991973291007025,0.991973871697935,0.991974588516132,0.99197581783065,0.991977153333686,0.991977771748192,0.991979545356132,0.991979880541482,0.991981678205181,0.991983197436074,0.991985363032666,0.991986457710294,0.991987955615477,0.991990448301352,0.991991897901635,0.991993119857538,0.991994059233331,0.991994775714594,0.991995080884266,0.991995618289714,0.991998395969411,0.991998480222764,0.991999730051247,0.992000255267739,0.992002557316902,0.992003623245854,0.99200459153215,0.992005105546252,0.992006644941985,0.992008793931118,0.992009707138721,0.992011214536685,0.992013263336253,0.992013704656997,0.992014760338188,0.992015277442247,0.992016515169424,0.992017302333073,0.992017538597358,0.992017980440676,0.992019231776479,0.992019735711113,0.992020532200602,0.99202076691195,0.99202166010366,0.992021920573433,0.992022208428672,0.992022445496463,0.992024642236534,0.992025114552625,0.992025934035593,0.992026411778098,0.992027521738655,0.992027713898772,0.992029798222469,0.992030368437797,0.992031253629815,0.992031787777987,0.992032106873625,0.992032768048594,0.992033798894236,0.992034382430513,0.992035363685105,0.992036385508184,0.992036938764231,0.99203859405996,0.99203922888201,0.99203979306334,0.992040752629646,0.992040960870156,0.992041787143229,0.99204238463266,0.992043377006128,0.992043877605191,0.992044427767616,0.992045850854632,0.992046933089278,0.992047114103419,0.992047630230906,0.992048327427905,0.992049419947818,0.992049566445055,0.992050748596099,0.992051139769133,0.992051713436299,0.992051857534199,0.992052965409562,0.992054514230988,0.992056137093992,0.992056356871203,0.992057727531382,0.992058169304144,0.992058985514018,0.992059522234961,0.992060299694673,0.992060817645188,0.992061530686429,0.992062772191888,0.992064730255652,0.992065581603396,0.992065876291028,0.992066758476139,0.99206710647043,0.992067860479207,0.992069402437775,0.992069550190472,0.992070832768735,0.992071488923429,0.992072449519877,0.992073069417633,0.992073898434839,0.992074768943964,0.992075771186769,0.992075782563304,0.992076680191034,0.99207772533195,0.992078831209014,0.992079488309924,0.992079565474045,0.992080688496889,0.992082110609516,0.992082342383562,0.992083231998934,0.992084270112346,0.992085461395303,0.992085972614708,0.992086845066675,0.992087450993429
0.797730952703502,0.819475606912992,0.829447221107649,0.846521101311207,0.855210298084987,0.897936668888701,0.912008795203572,0.915906053243117,0.921964652287391,0.928045964337462,0.935113706968547,0.938701894974931,0.947050668935676,0.950008208157621,0.958391536908162,0.958925385195184,0.964372753120538,0.966166403673638,0.969106852870303,0.969793861398673,0.972651086024006,0.973386656917045,0.976721229303482,0.977243283381329,0.97790761361176,0.981022305446752,0.981451723067984,0.982169416090207,0.982915801862407,0.983147631824412,0.983483621265068,0.983577176750951,0.983803773306028,0.98413233758797,0.984525001650072,0.984633398700942,0.984764138898563,0.984843258059605,0.984973107693181,0.98502330605549,0.988452647662851,0.98916052305382,0.98945842338376,0.989521452350465,0.989764659575232,0.989891136443402,0.990414464143327,0.990446236682393,0.990703130498426,0.990834088587429,0.991396968790241,0.991660691816293,0.991814103875419,0.991871852034715,0.992170399765397,0.992204757904863,0.992272932467057,0.99247555821915,0.992623874387681,0.99265432961882,0.992693042614197,0.992745884532809,0.992780767262656,0.992900478534114,0.99300391223114,0.993036155709854,0.993329206306835,0.993340923584587,0.993479040386315,0.993518724123679,0.99359807950386,0.993611584785221,0.993642427390405,0.993780783362715,0.993819654232553,0.993887403469906,0.993994281000399,0.994047249041287,0.994353111307092,0.994369381523808,0.995169487790719,0.995177963983656,0.995191121075033,0.995330135568605,0.99539766781597,0.99541367290158,0.995546623586677,0.995560901896864,0.995587738137144,0.995597875406244,0.995921628821719,0.995932835859387,0.995949127288621,0.996104814090104,0.996183616669093,0.996328250493998,0.996421068233406,0.996430127042322,0.996454975429517,0.996460116589897,0.996629058217921,0.996676141699211,0.996820580290521,0.996878016372918,0.996975545290718,0.996982177698325,0.997072283646288,0.997126648712047,0.99728690668488,0.997301851295581,0.997358770405942,0.997362119800767,0.997442145412968,0.997471999884212,0.997508951729339,0.997523877150791,0.997595161999621,0.997623167298,0.997628579519956,0.997669237368016,0.997718035388576,0.997730069336095,0.997745367439978,0.997750517709956,0.997775092421712,0.997782482741521,0.99782334162703,0.997845787645965,0.997859863093144,0.997876231875471,0.997930971900365,0.997934946015549,0.997947477040498,0.997952250084837,0.997995262159345,0.998002734582816,0.998020208931958,0.998032204784581,0.998052579511651,0.998056928954725,0.998083884588256,0.998084957330027,0.998102768688789,0.998111578375108,0.998126630594354,0.998170295490816,0.998180816699859,0.998182917625528,0.998191658111647,0.998201876010726,0.998208714289164,0.998211489064446,0.998261008852328,0.998288721456559,0.998332086135748,0.998334040888864,0.998341803559187,0.998374883612073,0.99838672905007,0.998389720846447,0.998409172677512,0.998421252850263,0.99845050125954,0.998454128727192,0.998465112764681,0.998468301598169,0.998502335907652,0.998514781315637,0.998534303236782,0.998538940243646,0.998556037442487,0.998559406315961,0.998568383597165,0.998570566990775,0.998584688258172,0.998588113041928,0.998594455536554,0.998600008920811,0.998612228020771,0.99861976734372,0.998632074631301,0.998636634506349,0.998643490980005,0.9986483988704,0.998661394696944,0.998667735558777,0.998673812554412,0.99867692768766,0.998683726309328,0.99869234388177,0.998707239372666,0.998710214962596,0.998715715207033,0.998716579076436,0.998724446575921,0.99872651376801,0.998731745871814,0.998732878084489,0.998743112804603,0.998745586591574,0.99875286318947,0.998756203371486,0.998766642670753,0.998771057432777,0.998775424663899,0.998779096490865,0.998784106197414,0.998787768635405,0.998793177237688,0.998794705897405,0.998797039696618,0.998799081227751,0.998805846113633,0.998811609503163,0.998814355206348,0.99881635927789,0.998822427454969,0.998826824356864,0.998839412217136,0.998847782668431,0.998859008065486,0.998863931229623,0.998868752705199,0.998875202320722,0.998880531788659,0.998881461281155,0.998888962566056,0.998891094833453,0.998894697802156,0.998899610975938,0.998904586843016,0.998908053403777,0.998915472840086,0.998918192092844,0.99892966803957,0.998931864612241,0.998937102355016,0.998940161410973,0.998944202510465,0.998948895860855,0.998951344177724,0.998952120361107,0.998958548963524,0.99896008743132,0.99896340714693,0.998965456601171,0.998969877567897,0.998971806107516,0.998976663439286,0.998978207337069,0.998982318079516,0.998986557903448,0.998988878571625,0.998990459272737,0.999001706116933,0.999003954558536,0.999021476058074,0.999024044219096,0.999025409142986,0.999027403609201,0.99903302902304,0.999036360720148,0.999040576255722,0.99904172970803,0.99904281393139,0.999043213009692,0.999044984597688,0.99904816044109,0.99905545661164,0.999057849729908,0.999060577548857,0.999061231595387,0.999063139912752,0.999063935703964,0.999067463300433,0.999069665864162,0.999074108223037,0.999074382697866,0.999077518832951,0.999078388814341,0.999081306142537,0.999082669667918,0.99908510625064,0.999087936503835,0.999093571114698,0.999094397571403,0.999098133724567,0.999099544587137,0.999103360662487,0.999105644413565,0.999110699294949,0.99911152609845,0.999115285471869,0.999115732285958,0.999117343195895,0.999118817799339,0.999121247300217,0.999123187288022,0.999126104951039,0.999128504330259,0.999133119194901,0.999134307730615,0.999137464709021,0.999138210710801,0.999140613547872,0.999141971275352,0.999144548112598,0.999145831468742,0.999147161121679,0.999147982035492,0.999150961979027,0.999152730449613,0.999154582046913,0.999155521021574,0.999157715701622,0.999160367894451,0.999164805064148,0.999165999096288,0.999169151902099,0.999170185374979,0.99917284867202,0.999176074111448,0.999177826369993,0.999179112162996,0.999182673534654,0.999183906799998,0.999184993593769,0.999186146375521,0.999186705554252,0.999187472405226,0.999189058755908,0.999189850548083,0.999190689015089,0.999191650491281,0.999192624818341,0.999193492133391,0.999195657691315,0.999196073172445,0.999196835107358,0.999197772651939,0.99920002848007,0.999200914965332,0.999202914129912,0.999204288605409,0.999204475101762,0.999205202234822,0.999205928190223,0.999208236527933,0.999210718749056,0.999211577119473,0.999214418188998,0.999215215529832,0.999217236076002,0.999217908191551,0.999220345723378,0.99922132402667,0.999222402199533,0.999223773678411,0.99922511193918,0.999226305072111,0.999228108316599,0.999228658346889,0.999231437922388,0.99923192650185,0.999233742094116,0.999234629168791,0.999236946509295,0.999237967158606,0.999241753251897,0.999243245510042,0.999244156942949,0.999245777494758,0.999247016691731,0.999248209975079,0.999248468507876,0.999249043503831,0.999251116486008,0.999252538314807,0.999253073185917,0.999254231001727,0.999256043756795,0.999256416210379,0.99925781646862,0.999258637653969,0.999258969066052,0.999259535982776,0.999259976085456,0.999260452680231,0.999260805261979,0.999261092523924,0.999261353905489,0.999262707816,0.999264224646008,0.999264785172704,0.99926505588936,0.999266302630424,0.999268764381397,0.999268980380833,0.999269428976978,0.999269946310031,0.999271206688497,0.99927172778109,0.9992726167219,0.99927335320384,0.999274522931413,0.999276555115073,0.999277133592871,0.999277663252332,0.99927833473005,0.999279766007468,0.999280147415458,0.999282262578019,0.999284870657433,0.99928572476156,0.999286828730806,0.999287951852377,0.999289012460622,0.999290020471039,0.999290837080206,0.999291848343079,0.999292222895203,0.999292656164922,0.99929449413739,0.999295520437128,0.999296205040616,0.999296661717653,0.999297998025322,0.999298918386995,0.999299269902149,0.999300352426419,0.999301205296908,0.999302745649377,0.999303175401938,0.999303457953154,0.999305048941464,0.999306132806405,0.999307511645646,0.999308138662914,0.999309251492862,0.999309796851767,0.999311389998885,0.999312046554255,0.999314119555636,0.999315228137079,0.999316573537925,0.999316970326824,0.999318475029732,0.999319266876357,0.999319537413854,0.999320224151009,0.999320654375704,0.999321873698242,0.999322848383981,0.999323104599524,0.999323424129184,0.999324906849739,0.999325244169823,0.999325912437849,0.999326299078422,0.999327207094192,0.999328059943017,0.999328463173953,0.999329344693247,0.999330297089515,0.999331015096353,0.999332004359383,0.99933258043121,0.999332775047425,0.999333162401987,0.999333162484206,0.999334002474449,0.999335985363782,0.999336956808619,0.999337660605059,0.999338553964556,0.999338978748342,0.999339674750212,0.999339842420706,0.999340547905156,0.999341383549358,0.999342483362889,0.999343469553759,0.999343907637248,0.999345175035967,0.999346461970891,0.999346872042298,0.999347688631741,0.999348902311034,0.999349660382897,0.999349726589753,0.999350787958427,0.99935216603882,0.999352903506705,0.999354102171303,0.999354830338708,0.999355594484837,0.999356055642735,0.999356418517429,0.999358066844188,0.999358501738206
0.766285241571211,0.865327831895693,0.867591213102504,0.870197039151373,0.88427878965999,0.914797889149941,0.916464630098064,0.923139722592134,0.933528056333057,0.934936661420233,0.949451445184641,0.952971303047594,0.957185779301158,0.959762556047781,0.965527601323557,0.966429331932811,0.969585330224293,0.971373765097189,0.975782916116125,0.977289229058699,0.978721211494039,0.979405213878458,0.980161313017296,0.980382675986885,0.983252504808147,0.983404956767634,0.983829630004783,0.984065605457567,0.984334099641277,0.984556828953686,0.984871622408799,0.985097466319812,0.985298936578458,0.986212275475755,0.987058923694626,0.987189821813011,0.987786783101162,0.987851343733991,0.987979460421361,0.988064811041494,0.988291258575078,0.98833699063585,0.988425015220831,0.988478717640406,0.988698502078352,0.989064028993609,0.989160274575578,0.989257244845872,0.989326753760939,0.989359418192661,0.989411534355998,0.989452922477298,0.98952661105652,0.989605542840219,0.989648256176063,0.989682537967958,0.98973023503767,0.989778321459893,0.98986007961476,0.989888834098203,0.989948387688614,0.989966744653365,0.990063801436001,0.990093940184006,0.990162487068905,0.990183172302051,0.990205068626203,0.990232372580843,0.990357468725345,0.990363344624086,0.990403677944208,0.990452280184102,0.990488334526337,0.991039843708394,0.992174158935216,0.992186745820067,0.992222703093747,0.992232526828937,0.992350287587129,0.992354715104666,0.992420129858755,0.992465785873539,0.992482882641213,0.992534432914908,0.992559567684054,0.992564984555468,0.992576188878031,0.992585223348584,0.992651847457964,0.992655869651198,0.99268514386064,0.992695238355662,0.992709950796542,0.992810647510967,0.992816545204723,0.992820069078269,0.99282495312446,0.992829107523589,0.992845317629511,0.992849750339426,0.992862031390225,0.992930944601477,0.993469254817353,0.993481680352666,0.993530405571435,0.99353357615591,0.993553833989421,0.993554973071716,0.993596130733168,0.993604391775688,0.993831761806488,0.993835994441549,0.993907489800076,0.99401309390587,0.99402121049233,0.994026243494453,0.994039690487258,0.99404512968503,0.994062315148423,0.994066832761613,0.994091182736699,0.994095056142554,0.994126009244577,0.994136400940249,0.994164547294141,0.994167328277771,0.994175900585463,0.994187692056454,0.994195479980824,0.994200016158952,0.994261795586619,0.994286357833297,0.994293199180906,0.994295843412335,0.994311771478777,0.994316693896073,0.994327863992072,0.994332964615073,0.994346925942947,0.994350480119705,0.994922582676591,0.994926518688256,0.99494212830061,0.994946386007157,0.995027151508939,0.995107967621351,0.995116159739647,0.995119087827646,0.995123149831856,0.995168080935,0.995288912976958,0.995295285203287,0.995314538157212,0.995537767874146,0.995541085491303,0.995553320958146,0.995564679626951,0.99557165258521,0.995587966773578,0.995599672566571,0.995607633369915,0.995632369239422,0.99563946668312,0.995643911674575,0.995645103769282,0.995645405603514,0.995648886919303,0.995653227493059,0.995667124538723,0.995673212905126,0.995677101695369,0.995680130075089,0.99568409487985,0.995685644388918,0.995691545445674,0.995695806350879,0.995704261724714,0.99570771648466,0.995714786125622,0.995715860928494,0.995841967603411,0.995849462333442,0.995856332657771,0.995870709042564,0.995879847349742,0.995881379937265,0.995886104531788,0.995886754410634,0.99591466782542,0.99591550352014,0.996125614812743,0.996128970247722,0.996141161485971,0.996141769409187,0.996484178305095,0.996485705052658,0.996578804153308,0.996580870473321,0.996584486700882,0.996591783370068,0.996609837384295,0.996610338902063,0.99690873787391,0.996910866587795,0.996974567979464,0.996982035588013,0.996983773616985,0.996992546011286,0.997188438683083,0.997189577109998,0.997282164331385,0.997284329719059,0.997293196355684,0.997356826508636,0.997479066209556,0.997482074661754,0.997500370256635,0.997590969740348,0.997670364258553,0.997681653194724,0.997713952202731,0.99771601289562,0.997753103675836,0.99776519822897,0.997835144441763,0.997870792312274,0.997967409658937,0.997980984944856,0.997999890876883,0.998027732898709,0.998034194636229,0.998035485402215,0.998036708802374,0.998086548187038,0.998105425156159,0.998152223632269,0.998160838975535,0.998196173202951,0.998232585714019,0.998238016689822,0.998256029059457,0.99827298969557,0.998282510979945,0.998304435081717,0.998335732743987,0.998342618016025,0.998365528001034,0.998368639277628,0.99839072559239,0.998397291416701,0.998433724578926,0.998435206220049,0.998463846749869,0.998468865028112,0.998494140217312,0.99849587431047,0.9985071781877,0.998513408214423,0.998521394298832,0.9985223308123,0.998551390893309,0.998555372986902,0.998575401922589,0.998590562706084,0.998602746023831,0.998603520670028,0.998619627707546,0.99863438471766,0.998668310389479,0.998677392445489,0.998680560130271,0.99868428157508,0.99868677671638,0.998689048900748,0.998708557373561,0.99871047476814,0.998717898736802,0.998729330814139,0.998734252468511,0.998738891583322,0.998754931717929,0.998755824361119,0.998768294304239,0.998772411994175,0.998779317686105,0.998781827196736,0.998794671539404,0.998796375221103,0.998802029215431,0.998804972556246,0.998816282116382,0.998821400635498,0.998828249288473,0.99882923889083,0.998842047933308,0.998843022366426,0.99886278096765,0.998867653882561,0.998872612321444,0.998881875111327,0.998895891219042,0.998898623774343,0.998911664890199,0.998912017668784,0.99892471266371,0.998930605006427,0.998937675245964,0.998941396509278,0.998945855908867,0.998947215481079,0.99895029903302,0.99895337776058,0.99895755527484,0.998966322742301,0.998969437570172,0.998974005255251,0.998977288769114,0.998986831975402,0.99899002994971,0.998996719401894,0.998997684822033,0.999002143442923,0.999004686038676,0.999005105749779,0.999009484960391,0.999012900256336,0.999021751986083,0.999022709205504,0.999026379483488,0.999031524824632,0.999033878785619,0.999036728251949,0.999038531490765,0.99904453742518,0.999048101327505,0.999049720207006,0.999052568067207,0.999054354572145,0.999055743670419,0.999055980837656,0.999058234675886,0.999062032595689,0.999065376460801,0.999066967995328,0.999071004634168,0.99907175538003,0.999073117693405,0.999075483368628,0.999078739490104,0.999079510962474,0.999085233693747,0.999087827643966,0.999095585931665,0.99909607169562,0.999101192575091,0.999103365603223,0.999105629246952,0.999107699882392,0.999112922203178,0.999114358730537,0.999116129844478,0.999116388072648,0.999118334577109,0.999120716208113,0.999128124566338,0.9991331946985,0.999136725438241,0.999137804036723,0.999139159323016,0.999140807995344,0.999146954153685,0.999150733307655,0.999152835482847,0.999155173071915,0.99916023791196,0.999161867394981,0.999166545846282,0.99916813099538,0.999172749798761,0.999175080370046,0.999176868794858,0.999177578159211,0.999179139180387,0.999181507107531,0.999184231748508,0.999185292618602,0.999187144849976,0.999190217129351,0.999191949874929,0.99919299826143,0.999194379231236,0.999197000937148,0.999199178922888,0.999201148738111,0.99920387009132,0.999205699350559,0.999208209393118,0.99920902699846,0.999212151290959,0.999214352594309,0.999217045632078,0.999218231627655,0.999220836425858,0.999223277193538,0.99922531731494,0.999226004736356,0.999227501533118,0.999228638101329,0.999231145208704,0.999232631706962,0.999232864034148,0.99923424230075,0.99923954159661,0.999241442698791,0.999242691120927,0.999244438862024,0.999246730332706,0.999247370307541,0.999248926641091,0.999250255960488,0.999251748459903,0.999252997857465,0.999253352487713,0.999254135750926,0.999256858930902,0.999257370549189,0.999257923689162,0.999258458174312,0.999259999007714,0.999260163230493,0.999262464737009,0.999262927823782,0.99926375551662,0.999264515578892,0.999265103883384,0.999265800008087,0.999268158427285,0.999271341122822,0.999271972937442,0.999273742808674,0.99927686292145,0.999278218455253,0.999280245679623,0.99928230604723,0.999284010684442,0.999284132834792,0.999286096973696,0.999287733058348,0.999289639755141,0.999290212423991,0.999291211078418,0.999292696016677,0.999293942782688,0.999294389712209,0.999296574076696,0.999298248414291,0.999300653449636,0.999301059300386,0.999301781620378,0.999302724577923,0.999303512662623,0.999303966305224,0.999304804378826,0.999305644559041,0.999306559089481,0.999308241412959,0.999309783724143,0.999311117212029,0.999312150160406,0.999312900582768,0.999313548100629,0.999314244026176,0.999316358927299,0.999317169932378,0.999318695169654,0.999318879418407,0.999320441391786,0.999321906218456,0.999322744520308,0.999323665004285,0.999324371516033,0.999324626929746,0.999325615939862,0.99932675226931,0.999328049901393,0.999328853750147,0.999329315451922,0.999331209051565,0.999331992776931,0.999332269754658,0.999334538359883,0.999334948998835,0.999335891088967,0.999336008908014,0.999336730836637,0.999337036766615,0.99933732116275,0.999337771358513,0.999340298761192,0.999340386677829
0.802010908868228,0.82096280330928,0.873878122013352,0.885290249446362,0.899146968386102,0.90234826112027,0.927878859240279,0.945806425643988,0.960660922592924,0.961898428719457,0.966435797842024,0.970290407193475,0.972160783197162,0.973731573561665,0.97653015001096,0.977238866325748,0.981388507828998,0.981835090247521,0.982683367304237,0.983161955456876,0.984134447658559,0.984498602041175,0.98511538836684,0.98532957093504,0.985719136108142,0.9859124483698,0.986260994885633,0.986321073055798,0.986467875986537,0.986565669837403,0.986952620665524,0.987032751215423,0.987160908705346,0.98765177675409,0.987800083598147,0.987851952227063,0.988231144906721,0.988758382726008,0.988838622680442,0.988944341206623,0.989100776648833,0.989128669117984,0.99001959928659,0.990518250643377,0.9909084399406,0.990939721812366,0.99112951300278,0.991193854451146,0.991312288067895,0.991373065051553,0.991455718092254,0.991469349959362,0.99152080552944,0.991706816173425,0.991801459983403,0.992041703912144,0.992340188669898,0.992479181459435,0.992522463698634,0.992584818479457,0.992637730445168,0.992654968484229,0.992697876196065,0.992845843428712,0.992934265458562,0.992955627901641,0.992987677055413,0.993020010271556,0.993049651025677,0.99307362162387,0.993174754684751,0.993197193368786,0.993256241134807,0.99330422531791,0.993385054024117,0.993392410915079,0.99342422827023,0.993445085638068,0.993527449734351,0.993531888501023,0.993660942801469,0.993677703916934,0.993773171007398,0.993780747376285,0.99380859784579,0.993860851327339,0.994390465713605,0.994406444822575,0.994521108064884,0.994537780571919,0.994597974971012,0.994615968942219,0.994769698950319,0.994876286839853,0.994944259957812,0.994954508697582,0.994975975467712,0.994979522678051,0.995088877299821,0.995216283268788,0.995237647853925,0.995244385001845,0.995262971650681,0.995767448670313,0.995826641689819,0.995846201893645,0.99598202426396,0.995988336638616,0.996168105402909,0.996369463312869,0.996408738590698,0.996490642751631,0.996553366507302,0.996558459790475,0.996584583882605,0.996602699908662,0.996704361857884,0.996706214475071,0.996870695650891,0.996931300926754,0.996998382168185,0.997055836413504,0.997265149880534,0.997278630188339,0.997381928217586,0.997403139348015,0.997428460092364,0.997428748862819,0.99747184798681,0.997483431323327,0.997513539053407,0.997516867608711,0.997605813678721,0.997614530404854,0.997631634576533,0.997635818226625,0.997680690976191,0.997685971004069,0.997732570765819,0.997738961272725,0.997900949042707,0.997916072862992,0.997949271284075,0.997951191461041,0.997954126948593,0.997960044785811,0.99799029735321,0.997992265872837,0.998026378424365,0.998043224049295,0.998113702525832,0.998116909292195,0.998146849408725,0.998197209813493,0.998226286938549,0.998261336934423,0.998271505402855,0.998274609743262,0.99831066089513,0.998319251080723,0.998328613392661,0.998355157434445,0.998417690016307,0.998442022411066,0.99846873081896,0.998487243132512,0.99849868571702,0.99851570256633,0.998530509413598,0.998547005064806,0.998561802423418,0.998564746291182,0.998602188991562,0.998606704691859,0.998652489899884,0.998667152203166,0.998685009821829,0.998690277676021,0.998702927043738,0.998705939600846,0.998714007057203,0.998736838776408,0.998757425751025,0.998769135232065,0.998787363104431,0.998791409455121,0.998800933032984,0.998806403804639,0.998811013640015,0.998813940274203,0.998821670190364,0.998821858804947,0.998836815128702,0.998837674839553,0.998844589100466,0.998852163274858,0.998860507591356,0.9988623381948,0.998866654922497,0.998870464122973,0.998884227794746,0.998884574416516,0.998890080651624,0.998893749015038,0.998898619203124,0.998902963695608,0.99892375280186,0.998928913492947,0.998931799319132,0.998939242865263,0.998941234128166,0.998943172488097,0.998952183642776,0.998954872899854,0.998961832578551,0.99896600426126,0.998969077723053,0.998973055860767,0.99898071812123,0.998982336758937,0.998984971886362,0.998999418337606,0.999004060197274,0.999006917567482,0.999010518524371,0.999011762134709,0.999015210172916,0.99901848086291,0.999023177888188,0.999024614715809,0.999025387969093,0.999026757583496,0.999036526308937,0.999040647896257,0.999048257669166,0.999049944241788,0.999050829601102,0.999053411856734,0.999055809673866,0.999057295747769,0.999060101849374,0.999062008132385,0.999064775305252,0.999067492190757,0.999070703942261,0.999070861161417,0.999075592447054,0.99907726165689,0.999079869623538,0.999081382759023,0.999086914101065,0.999088663660167,0.999093646289948,0.999095765281962,0.999096319605779,0.999099648519566,0.999103819636347,0.999104385334024,0.999109295446349,0.999111261063683,0.999114837637273,0.999115296470616,0.999116616008184,0.999117946811716,0.999120383158432,0.999121646625686,0.99912698292797,0.99912741405672,0.99913326891625,0.999133882996351,0.999135984819152,0.999137896745043,0.999140721199344,0.999141156399995,0.999142518708521,0.999145166416817,0.999147150304978,0.999149352877228,0.999151280774816,0.999154002223342,0.99915822632338,0.999161105325792,0.999165325553499,0.999165951556806,0.999170162332718,0.99917143564476,0.999173363027438,0.999174721688247,0.999176309103779,0.999177414589682,0.999180267791397,0.999182301299592,0.999188192769998,0.999188989679566,0.999191061994077,0.999192180442792,0.999193186900576,0.999194035533959,0.999197052949021,0.999198674101782,0.999203540849531,0.999204338789702,0.99920516617697,0.999208452072375,0.99921119998479,0.999213077823024,0.999216495520386,0.999216787167579,0.999218734437433,0.999219095737156,0.999220664357941,0.999221371640846,0.999222720972262,0.999223846360983,0.999224725416296,0.999226936333167,0.999228047987833,0.999229305840067,0.999230364885661,0.999231633493032,0.999233402981545,0.999234332969177,0.999235292947988,0.999236442492023,0.999236922059397,0.999239060176612,0.999240107160533,0.999241000053528,0.99924292863031,0.999243518848392,0.999244127075754,0.999246068573939,0.999248252867212,0.999249124428128,0.999250323839964,0.999250976546183,0.999254549057324,0.999254584022865,0.999255035208855,0.999257044052893,0.999259618254404,0.999259952309679,0.999260436213486,0.999261266739148,0.999262490905792,0.999262791512363,0.999263932356247,0.999264763200494,0.999267112970014,0.9992686475831,0.99926961201423,0.999271020527626,0.999274898812277,0.999275287929645,0.999277329186511,0.99927867816436,0.999281112850876,0.999282047249803,0.999283449212457,0.999284664697285,0.999286743194361,0.999287166241711,0.999288810216358,0.999289320145601,0.99929005433064,0.99929051473093,0.999292803126884,0.999293654698162,0.999294838385172,0.999295279070608,0.999296049380727,0.999297103332219,0.999299595985203,0.999299799382164,0.999300749052239,0.999302897631121,0.999303577370546,0.999303892360366,0.999304928200583,0.999305355291431,0.999305764142836,0.99930655651886,0.999306895198203,0.999308953153654,0.999309631890092,0.999309904213028,0.999311518253138,0.999312743391276,0.999314128605266,0.999314291273839,0.999315453966938,0.999315952971131,0.999317834785957,0.999317992315609,0.999318414622889,0.999318947760651,0.999319884328105,0.999320249014775,0.999320925837191,0.999322045339291,0.999323129316224,0.999324493833978,0.999325476790823,0.999327067642898,0.999328467643477,0.999328824281741,0.999330820960111,0.999331949994526,0.9993326992276,0.999332949578547,0.999334367405072,0.999334949889757,0.999335776283239,0.999335808239132,0.999336755580988,0.999337599819218,0.999338649278184,0.999339147973218,0.999339774134926,0.999340142683086,0.999341822703337,0.999342123462638,0.999342668937281,0.999344332344933,0.99934531124292,0.999346142442041,0.999346918412659,0.999347456219192,0.999347986976641,0.999348872168894,0.999350031319224,0.999350674557326,0.999351522268789,0.999351522269575,0.999351759024714,0.999352551567655,0.999354558222292,0.999355531456504,0.999356531399937,0.999357218134409,0.999357536784836,0.999358752725375,0.99935954810437,0.999359923929929,0.999361026586005,0.999362544193334,0.999363274754268,0.999364338201905,0.999364982363989,0.999365107868283,0.999366149881654,0.999366943719243,0.999367956885488,0.999367990891205,0.999368730674578,0.999368963682659,0.999369963137414,0.999371012051963,0.999371684689129,0.999372173610849,0.99937345338793,0.999374268181206,0.999375343039388,0.999375896783473,0.999376413990012,0.99937714571487,0.999377563872289,0.999378298157108,0.999378655055359,0.999378924703573,0.99937967048629,0.999380364987722,0.999381196489863,0.999381365588081,0.999381841944068,0.999382706358943,0.999384217290266,0.999384688890641,0.999385678371345,0.999385996442682,0.999387042673554,0.999387782362098,0.999388409872669,0.999388966296819,0.999389576292857,0.99938977802536,0.999390701370876,0.999391086282663,0.999391463835469,0.999391594437027,0.999392080098969,0.999393021396884,0.999393743682352,0.999394487132639,0.999394921374456,0.99939587418626,0.999397403883567,0.999398074942646,0.999398761350154,0.999398926961871
0.791758527236679,0.845271780478292,0.882016892870514,0.882024811882345,0.89765802571598,0.907871873081402,0.91721826146548,0.921986997607081,0.932369235336467,0.940559411777811,0.947018114953674,0.949611166647099,0.956910534577607,0.961553190690342,0.967192748686704,0.968436937040301,0.972595035587314,0.974228631632046,0.976210306504825,0.977530503867294,0.979709238941097,0.982216555240017,0.984605171177207,0.984804032130085,0.985333918074652,0.985585470394061,0.986523911427147,0.987265248067707,0.98801527769072,0.988466508139027,0.988945580577368,0.989353613461395,0.989625811000685,0.989737298027363,0.990006736704359,0.99012819458206,0.991345957864048,0.991423795486194,0.991744530858664,0.991780973377106,0.99234223004694,0.992641467867073,0.992705614192777,0.992751447983874,0.99280320804701,0.993011344595879,0.993117503168837,0.993132686033318,0.993360560148595,0.993566292240515,0.993656766246493,0.993668157250967,0.99379607291463,0.99381661536086,0.993989618540951,0.9940623842751,0.994266588296195,0.994317720791299,0.994599134368467,0.99463594244502,0.995230769773875,0.995249666633234,0.99541290109569,0.995488710081323,0.995846410679172,0.99594034332855,0.996117219944675,0.996232360069909,0.99637044943646,0.996374593758599,0.996576257306145,0.996618538411704,0.996671289213772,0.996674868184254,0.996733618611787,0.996782283090582,0.996853826221252,0.996913408270292,0.997002967522789,0.99700907572224,0.997055225323577,0.997117249929438,0.99714678015891,0.997157018761731,0.997206148809604,0.997249898675283,0.99731893890858,0.99732878450995,0.997378969537075,0.997384015386877,0.997424681310187,0.997443442594724,0.997475410300826,0.997486031407525,0.997554029457187,0.997564851459925,0.997581898856776,0.997631521491985,0.997663582022366,0.997682120421676,0.99769493317904,0.997711067187357,0.997760615192584,0.99779835748328,0.99790817301089,0.997915485811143,0.997930635720368,0.997942494839865,0.997994518553037,0.998019042861789,0.998050370659005,0.998055608459686,0.998072654660885,0.998086385822438,0.998105247443518,0.998117543958711,0.998135335986873,0.998138789532947,0.998153554477791,0.998158742681058,0.998168992928408,0.998180343695685,0.998190840402824,0.998196953451372,0.998214734476863,0.99821876761852,0.998238145885828,0.99829699686867,0.998315615864984,0.998324622442447,0.998334384696743,0.998336931000896,0.99835152725665,0.99835872281595,0.99837126577726,0.998373741065164,0.998393264527116,0.998398068038088,0.998404930859276,0.998407909312925,0.998413787350497,0.998420137673295,0.998429547215505,0.998433579118789,0.99844147854254,0.9984451348181,0.998454407614257,0.998459736908317,0.998468708790384,0.998473405447988,0.99848662841446,0.998489711516142,0.998493258403259,0.998500453085573,0.998516217679719,0.998518106719342,0.998526616392188,0.998532217474296,0.998538799732524,0.998546826015244,0.998553002830519,0.998557109526287,0.998563906259123,0.998566792787877,0.998576214136601,0.998581472558838,0.998594054350546,0.998598320143032,0.998609262967309,0.998611860910803,0.998619702607053,0.998623419967643,0.998629430826483,0.998632104462741,0.9986402478479,0.998649601731204,0.998655335552378,0.998665367351214,0.998671632380058,0.998675600875756,0.998683296937535,0.99869322679885,0.998697661059988,0.998699314538925,0.998706454391196,0.998708198991094,0.998712894540855,0.998716486793619,0.998721617334676,0.99872363827616,0.998730729615804,0.998733594724935,0.998736082476313,0.998737920560931,0.998740435771289,0.9987431987304,0.998749706854684,0.998752678935958,0.998762516799753,0.998763501237708,0.998772085728964,0.998779104337303,0.998783140786991,0.998784332561877,0.998788251900855,0.998789920566202,0.998798001226135,0.998802913084229,0.998809818024253,0.998814012956385,0.998818885512715,0.998820070870112,0.998824413497373,0.998827181066291,0.998832611831756,0.998834997440211,0.998841313775242,0.998841978226449,0.998845111514995,0.998850038239996,0.998860449393531,0.998862147960459,0.998865089280623,0.998869156881351,0.998875426984307,0.998879081809312,0.998883430583903,0.998886687520066,0.998895992944228,0.998899973984268,0.998904507402437,0.998906189789641,0.998909855003208,0.998911195298186,0.998912243068247,0.998913546480122,0.998922468763427,0.9989238900661,0.998926151297291,0.998927256601483,0.998928762060773,0.998931257792305,0.99893495477626,0.998937522942833,0.998940727892474,0.998943446757423,0.998949499578173,0.998952159271436,0.998956298447978,0.998957878556361,0.998958779954849,0.998963516456787,0.998967925638852,0.998968200821897,0.998973516468797,0.998978241186,0.99898350358623,0.998984114594914,0.998988966231806,0.998991248926051,0.99899599129987,0.998997952578402,0.999001477251012,0.999005243006787,0.999007399850321,0.999007577535406,0.999011068366253,0.999014681245363,0.999018952573154,0.999020987510225,0.999023292746743,0.999024929585779,0.999026666910504,0.999028250185139,0.999029410613772,0.999033166098764,0.999036290628818,0.999037693300741,0.999039588664226,0.999042874011032,0.999044895714794,0.999046051155773,0.999046916452778,0.999048245112199,0.999049852787173,0.999050181100478,0.999051489127019,0.999053661828318,0.999055855755539,0.999055975646472,0.999062221586663,0.999062737984581,0.999069177833436,0.999069683078463,0.9990723145265,0.99907452291526,0.999077327899281,0.999078002759803,0.999079660685689,0.999082481202415,0.999084084616368,0.999085532513336,0.9990883043886,0.999088557006469,0.999090224635469,0.999090551701099,0.999093953835596,0.999094335894646,0.999099753189901,0.999099900927296,0.999101887352262,0.999103273547832,0.99910591817983,0.99910797376355,0.999112223201913,0.999113525752401,0.999114987554111,0.999117241239339,0.999118464652208,0.999119463375975,0.999124199893538,0.999125419395731,0.999128064960451,0.99912888740344,0.999131105219951,0.999131111893814,0.999133237142795,0.999134617800081,0.999136870171099,0.999137203223881,0.999138243521669,0.999139820335579,0.999141906426001,0.999142409185047,0.999143149346433,0.999144757861498,0.999146865756269,0.999147375313712,0.999149911938857,0.999152497459112,0.999155061592094,0.999156910677301,0.999158808303661,0.999159255148794,0.999159770162185,0.999160207705832,0.999162096874403,0.999164322673508,0.999166204464674,0.999166458048421,0.999168247246777,0.999169310238555,0.999170846472902,0.999171233320348,0.999175567620323,0.999177367904226,0.999179286680625,0.999179895598197,0.999181926748776,0.999183174417828,0.999186207818666,0.999187827440243,0.999189515690158,0.999190680783614,0.999191997695958,0.999192973346956,0.999194667340576,0.999196594285943,0.999198142008597,0.999199081914959,0.999200095230901,0.999201591357761,0.999202865786822,0.999203514877704,0.999205468883519,0.999205871981323,0.99920728062203,0.999207707285417,0.999209193560731,0.999210179047154,0.999211328955327,0.999212050425366,0.999214997088606,0.999215911679096,0.999216593535753,0.999217242577489,0.999220075736365,0.999220772306437,0.999222659660191,0.999223066418248,0.999224261623535,0.999225789341842,0.999227052432633,0.999227352432714,0.999228581286796,0.999231077820893,0.99923353637367,0.99923398094345,0.999236367519918,0.999236733087818,0.999240135691786,0.999240476893526,0.999242657078245,0.999242883240902,0.999243427106043,0.999243984299409,0.999245624876116,0.999247078694369,0.999247418613788,0.99924787951657,0.99924839712137,0.999250454141362,0.999251366884842,0.999251497618815,0.999252440379833,0.999252653117885,0.999254048481244,0.999254195094423,0.999255904913895,0.999257077539225,0.999257614581379,0.999258025310326,0.999259547019941,0.999260024856744,0.999264326804326,0.999264501937295,0.999265163049612,0.999265504099556,0.999267587179438,0.999267813375455,0.999269015599468,0.99927154344248,0.999272803349419,0.999275769795248,0.999277834776493,0.999278303054525,0.999279169644143,0.999279301662557,0.999280867394595,0.999281281577007,0.999282303393222,0.999282728297405,0.999284644386265,0.999284925918564,0.999285320999518,0.999286170683821,0.999287523248065,0.999288650618486,0.999290195102989,0.999290610685243,0.999292023033423,0.999292407867277,0.999294266983172,0.999294419107368,0.99929452231525,0.999295474494307,0.9992974394409,0.999297921736364,0.999300033572365,0.999301898530249,0.999302331749318,0.999302746505858,0.999305332231919,0.999306092232881,0.999306671579376,0.999306976548965,0.999308820571093,0.999309697919913,0.999310852728647,0.99931246776836,0.999312596248231,0.999314599654928,0.999314920549846,0.999315057065664,0.999316443362897,0.999316962550379,0.999319132528722,0.999320416860178,0.999321112889252,0.999321968755788,0.99932288292221,0.999322990207888,0.999324556044716,0.999325105360636,0.999325670679557,0.999326327212685,0.99932708120357,0.999327543706684,0.999327660328575,0.999327676981667,0.999327958192377,0.999328837574179,0.999330200673023,0.999330474724621,0.999331806896364,0.99933282930616,0.999333557308872,0.999334120789234,0.999335442061412,0.999335821810983
0.807321329691951,0.83869449856538,0.847026352756359,0.849706732705243,0.865506213462102,0.890226048137661,0.894842032150854,0.907342419172716,0.920568241639081,0.923449880168931,0.937621853741007,0.945017269811455,0.949669664220136,0.953786203838347,0.961382134030163,0.963004321100537,0.969747449022326,0.97176835961421,0.97421215705804,0.974652444471468,0.976541219011343,0.977060823993535,0.980616061562797,0.981257856458074,0.984733266554337,0.985212898625794,0.985957548924866,0.986512046931616,0.986933844268687,0.987138590754203,0.987626774975933,0.987753503802156,0.988002177505301,0.98812644240359,0.98900474951409,0.989153240841806,0.989385008024875,0.989520634891024,0.989790107179725,0.990105525020436,0.990806642153704,0.990898989673108,0.991505623823327,0.99154833581936,0.99185753284216,0.992115154504268,0.993058485658411,0.993125465624968,0.993308616730654,0.993356701016664,0.993448750106269,0.993487418090078,0.993601387781226,0.994034083340195,0.994209756569063,0.994217195012781,0.994365653848786,0.994386785829715,0.994464743254135,0.994616621226729,0.994710916557067,0.994827055494051,0.994894686559954,0.994916928442835,0.995118483285116,0.995164716677271,0.995367966343555,0.995397767562992,0.995599805463126,0.996050115186427,0.996224327717789,0.996242353274134,0.996333922986412,0.996361574901896,0.996508763366838,0.996549751593474,0.996626004705884,0.996658144594078,0.99669748829192,0.996722591762189,0.996784959065534,0.996820801047794,0.996941999479994,0.996968035466198,0.997023645807614,0.997067178874989,0.997169208614122,0.997204273473011,0.997252071342139,0.997280952108201,0.997307471686234,0.997335959245062,0.997370580815587,0.997400433898638,0.997413806519733,0.997432140662471,0.997451039317542,0.997468612007971,0.997508111654827,0.997512656214247,0.997560814442756,0.997581735232998,0.99762506552697,0.997626037925755,0.997641478351872,0.997663120547824,0.997684626855869,0.997693742745748,0.997716873116122,0.997744122280666,0.997758403226243,0.997780401510178,0.997815939739172,0.9978326681708,0.997851984710162,0.997866230823268,0.99789400768014,0.997903610905008,0.997912331636936,0.997917420490227,0.99793057125398,0.997931784597806,0.997954794503999,0.997964962007286,0.99799149636375,0.998003998660653,0.998023388911115,0.998026693851748,0.998032079749655,0.998036452036757,0.998045887437885,0.998049133039671,0.998060383272387,0.998066939021225,0.99808075198697,0.998086833474867,0.998095266022944,0.998096316704658,0.998108619971878,0.998118208218532,0.998125703409831,0.998131313800344,0.998140564964802,0.998148025187679,0.998167051270732,0.998237794129271,0.998247695929581,0.998267941702949,0.998277177308044,0.998289432327413,0.998297465603097,0.998304553098263,0.998311390120029,0.998313542942689,0.998325780182522,0.998331419459494,0.99833739358734,0.998345887502714,0.998352804953031,0.998358239378253,0.998366332816175,0.99837569285297,0.998385739656812,0.99838738560535,0.99839143260192,0.998401447110487,0.998405415568542,0.998408422350823,0.998415710493666,0.998421346989673,0.998431795276432,0.998435052549257,0.998439308562344,0.998440311432852,0.99844302217343,0.998454294735001,0.998464483677905,0.998469639141992,0.998475356667131,0.998479886998627,0.998485655957934,0.998489286988601,0.998491670700572,0.998497784008493,0.998503087110748,0.99850496470701,0.99850834399209,0.998510303120257,0.998516561926159,0.998522313976202,0.998528731296239,0.998530907476569,0.998569831389227,0.998572623966838,0.998576775393036,0.998582066079237,0.998586090510819,0.998593017699888,0.998596533038728,0.998598057986188,0.998600321809246,0.998605918805884,0.998616085687538,0.998621096731962,0.998623733750227,0.998626386373177,0.998630493990649,0.998633487549351,0.998635041892483,0.998636223292858,0.998637273695685,0.998640601990036,0.998646743920045,0.998647040416853,0.998656772069129,0.998660727638946,0.998667532277314,0.998667983485867,0.998673616700381,0.998675290010028,0.99868166710593,0.998683624315614,0.998684527660289,0.998688520089101,0.998689964063844,0.998692144468588,0.998696233406325,0.998698429272113,0.998701071639354,0.998702809859125,0.998707248140172,0.998713245045141,0.998717988848369,0.998719016672844,0.998732722034069,0.998737738668472,0.998743234052087,0.998745262274377,0.998751079294816,0.998753771001733,0.99875598331305,0.998757739841858,0.998762588041654,0.998765834432287,0.998768646059889,0.998772030584155,0.998774500078077,0.998781794260486,0.998788798271406,0.998791079473779,0.998795761701589,0.99879857798079,0.998802134143897,0.998805675101744,0.998807528784432,0.998809166987205,0.998812885197759,0.998814782010509,0.998822157313077,0.998826800718113,0.99882839273778,0.998830946667196,0.998835536293842,0.998837938971343,0.998840334226977,0.998840341144371,0.998844363964728,0.998845688360451,0.998848195460019,0.998849699759839,0.99885188187245,0.998854411575812,0.998881975678401,0.998883600877188,0.998934765425651,0.998937806466049,0.998939869864326,0.998940425745823,0.998942475462825,0.998944030488234,0.998947616726813,0.998949262087822,0.998952716363241,0.99895675454199,0.998960092017932,0.998962112624305,0.998966098068413,0.998968395687256,0.998972563837196,0.998972765344947,0.99897415512488,0.998977694342713,0.998979461162716,0.998980616178971,0.998982453495613,0.998984353271858,0.998987790806953,0.998990821540869,0.998993977306076,0.998995185875174,0.998997841378779,0.998999508995852,0.999002238972099,0.99900647413102,0.999010241710814,0.999022429782955,0.999024352373244,0.999025901976468,0.999082577169521,0.999083083708347,0.999083949282984,0.999085016928484,0.999087769408291,0.999088389902856,0.999090928116032,0.999092860208332,0.99909461107594,0.999100794851199,0.999102645948825,0.99910326531373,0.999104340045583,0.999105223396366,0.999107681081448,0.999111144602339,0.999112947662817,0.999114544740023,0.999125631238695,0.999126502758826,0.999127541513778,0.999127615184513,0.999130163545183,0.999131025144838,0.99913381762218,0.999134380291206,0.999135207076541,0.999136868391559,0.999138562478843,0.999139675565723,0.999140781921579,0.999143258776012,0.999144627873757,0.999145647087222,0.999147444109795,0.999148626493516,0.999150595741659,0.999150976027458,0.999152352208316,0.999154621941896,0.99915780043237,0.999157850062474,0.999159186323862,0.999160937931217,0.999163229233221,0.999164040630901,0.999166176643545,0.999166985996434,0.999168060318839,0.999168212386352,0.999172393698694,0.999173474614316,0.999173962563956,0.999175716906954,0.999176939429011,0.999178009194678,0.999182925927681,0.999183406786248,0.999185023271802,0.999186298988426,0.999188193460764,0.999189615031778,0.999191657862769,0.999193107267966,0.999194380085203,0.999194721488611,0.999196260784014,0.999201362361449,0.999203445200843,0.999204637213434,0.999205254693,0.99920665664025,0.999208904688596,0.999209612880339,0.999212898885662,0.999216545120525,0.999218901365825,0.999219711098495,0.999221967838804,0.999222632565393,0.999223136898767,0.999223691719705,0.999224271276635,0.999225388289488,0.999228132344732,0.999228564058891,0.999230383785496,0.999233911482951,0.999236589451052,0.999237033865009,0.999239942401621,0.999240973261037,0.999241886505723,0.999242784619884,0.999243247327003,0.999243533337808,0.999244761446314,0.999244784620622,0.999246398340775,0.999247117577788,0.999248444962487,0.999249573073019,0.999250293837527,0.999251192029631,0.999254963323057,0.999255393814542,0.999255679992839,0.999257204174817,0.999259516503944,0.999259557374345,0.999260669275022,0.999261556453918,0.999263758476151,0.999264754411845,0.999265889557374,0.999266262647014,0.999268967373494,0.999269207106659,0.999269739344332,0.999270188546143,0.999270891607034,0.999271044692651,0.999272613651683,0.999273566952453,0.999274894423529,0.999275548896462,0.99927693814415,0.999277192120039,0.999280648691481,0.999280809524799,0.999282281188056,0.99928279282354,0.999283867929285,0.999285634005023,0.999286915889204,0.999287845388208,0.999289274696169,0.999289425531762,0.99929010611513,0.999291973144345,0.999295132620546,0.999296139439747,0.999297875949576,0.999299186544533,0.999301984992499,0.999303335705271,0.999306424578458,0.999307260502497,0.999308160498283,0.999308930200215,0.999310639378492,0.999311251798128,0.999312432165673,0.999314804309176,0.999315474921774,0.999315959291214,0.999317719292763,0.999318380549679,0.99931872025327,0.999319409515264,0.99932136050361,0.99932174805007,0.999322366039075,0.999323813913198,0.999324548659344,0.999324781183944,0.99932580432048,0.99932632943335,0.999327241241866,0.99932775789194,0.999330129421074,0.999330854622661,0.999332696976613,0.999333320308783,0.999339393475365,0.999340460522823,0.999340953787445,0.999341161297038,0.999342507376829,0.999344036559031,0.99934541337394,0.999346946739935,0.999347823235948,0.999348019880552,0.99934925873181,0.999349869955518,0.999350909208894,0.999351393299113,0.999353203439576,0.999353756875547,0.999354281251033,0.999354872406863
0.749501338239714,0.804451064997342,0.843194954086394,0.874126317617468,0.885780121322327,0.914888162873205,0.921147464768608,0.929553470924092,0.94557833171052,0.957843946243046,0.966714702261622,0.970320529365002,0.973995071437956,0.977030854574604,0.979108237111112,0.979850212056478,0.983782565279521,0.984339992629992,0.985027216838713,0.987776394895218,0.988318830609271,0.988605816002527,0.989288939903282,0.989493304727013,0.989860619903018,0.989969658577765,0.990155880687478,0.990266765310428,0.991396899746772,0.991476823292457,0.991955046659985,0.992138838075656,0.992266190512769,0.992670409370346,0.993112713052688,0.993292003630969,0.993430174309808,0.993537562774772,0.993753862969022,0.993775923552777,0.993984839335264,0.994100043485153,0.994305268700263,0.994340472729003,0.994499793828345,0.99451622692785,0.99487053046037,0.994901703892357,0.995041399147751,0.995164630676869,0.995197584726813,0.995342080866,0.995612513998508,0.995623223249,0.995693312161569,0.995706785435,0.995873696619482,0.995913826950726,0.996031495470006,0.996055990881139,0.996134717304337,0.99614771322657,0.996572470061015,0.996609517084688,0.996659011660497,0.996676530452171,0.996787107513724,0.996790970855833,0.996897562515613,0.996917942137459,0.996974793426509,0.996982961650862,0.99704449623349,0.997069107469294,0.99718846427605,0.997198130960191,0.997224154314927,0.997224930833473,0.997261017804203,0.997266495838667,0.997304794634402,0.997326496195348,0.997356632059184,0.997386893670025,0.997413152948796,0.997422688147706,0.99750028366154,0.997546081357091,0.99756419447833,0.997578633429632,0.99759052157701,0.997593845638726,0.997625252265955,0.997664884127282,0.997702002838806,0.997724652603282,0.997747814260642,0.997767793940538,0.997807578012654,0.997810797011238,0.997823653311085,0.997834577703617,0.997848197505428,0.997856977820359,0.997891543981205,0.997895231151156,0.997902572787361,0.997927019306699,0.997942214491233,0.997955771309209,0.998001769544351,0.998009692196349,0.998044614913482,0.998051602548512,0.998076689625647,0.998091608512254,0.998130532588818,0.99814412530417,0.998155206321657,0.998165601760086,0.99818257368043,0.998193923139439,0.998207542141496,0.998212609889552,0.99823191702373,0.998237650672932,0.998251233721727,0.998257278799619,0.998279146303294,0.998282047018219,0.998292918726538,0.998299653606537,0.99830859596298,0.998316158538223,0.998326394918432,0.998331745315625,0.998340689629506,0.998348580981086,0.998365505319674,0.99837176571091,0.998387973303361,0.998400761452626,0.998406642701501,0.998417082837461,0.998424855529968,0.998430239398562,0.998438668502784,0.998445441488707,0.998451184410987,0.998456026770337,0.998458910869943,0.998464742500037,0.998472778178398,0.998478215748809,0.998482694412611,0.998490722890258,0.998494783610853,0.998502212362628,0.998507696212086,0.998510586885257,0.998518084897283,0.99851893624559,0.99852711043202,0.998530955366615,0.998533144249029,0.99853415953606,0.99854306449216,0.998550343786179,0.998557510159742,0.998562733626545,0.99856851221454,0.998571477060169,0.998581439458686,0.998588424578944,0.998590913944336,0.998594305220319,0.99859858551588,0.998607476448003,0.998611613073049,0.998615316548957,0.998635766414721,0.998642662524557,0.998644948038393,0.998649237340783,0.998656403866493,0.99866103593167,0.998664760640274,0.998667637933969,0.998669614990305,0.99867282384886,0.998677802402657,0.99868011853016,0.998681663309344,0.99868433635326,0.998686808018638,0.998690572905003,0.998693284284303,0.998696797654389,0.99870163456228,0.998704074815643,0.998705517390494,0.998706919794164,0.998708574393718,0.998710739045271,0.998713060975517,0.99871602067848,0.998718284873433,0.998721317138298,0.998725723229444,0.998727977523255,0.998731736461043,0.99873316843818,0.998736170978102,0.998736766056818,0.998741432961177,0.998747105805164,0.99875391538861,0.998757246120036,0.998763408106519,0.998765179069776,0.998768285769453,0.998769550722878,0.998772207819722,0.998777151472389,0.998782102939786,0.998784679639113,0.998788495312789,0.998790611358465,0.998793966129726,0.998796816460874,0.99880003222757,0.998801745125113,0.998808090957626,0.998808643507982,0.998814425623803,0.998816780901007,0.998818243364304,0.998818482261072,0.998821485587925,0.998822772632676,0.998921068346109,0.998922185058972,0.998932976284823,0.99893418026812,0.998939082056013,0.998940008841861,0.998943358608637,0.99894426659343,0.998955219778468,0.998956306068996,0.998960113844427,0.998964291905025,0.998967274531259,0.998969932555118,0.998973794162461,0.998976559751937,0.998980443888384,0.998981450180625,0.998984061721413,0.998984974643335,0.998987007859779,0.998988402163667,0.998991746879228,0.998992791375592,0.998996688105568,0.998998425457583,0.998999889210048,0.9990006727151,0.999003431102408,0.999004148463814,0.999006932230354,0.999010313439744,0.999012631564142,0.999016139400219,0.99901756922423,0.999018954591235,0.999022616173566,0.999023471179684,0.999026521621378,0.999027816781194,0.999029712756322,0.999030687134642,0.999034913455467,0.999066044824008,0.99906788845138,0.999069682513508,0.999072468357231,0.999073552654678,0.999075019011475,0.999076263152277,0.999081336498994,0.999084136023373,0.999088339442528,0.999088430767561,0.999090793543445,0.999091477365402,0.999093474157706,0.999094540969262,0.9990959810281,0.999097102721993,0.999098558915528,0.999099256494579,0.999101008761948,0.999102230749343,0.999104314025613,0.999105049860338,0.999107154894185,0.999108479051467,0.999110080915922,0.9991110725981,0.999113871744928,0.999115168235991,0.999118019335357,0.99911814134268,0.99912094806993,0.99912126933733,0.999123554669861,0.999124101087788,0.999125587167396,0.999129142435097,0.999132203770506,0.999133293368415,0.999134541074564,0.999138082781764,0.999140421746201,0.999141803662136,0.999142984658005,0.999143554773858,0.999148377077629,0.999152234233967,0.999155461350516,0.999156914484402,0.999158398318039,0.999159224936869,0.999161110240281,0.999161637598152,0.999162425587129,0.999163269846779,0.999165479584561,0.999166925029066,0.999168546655031,0.999170008003069,0.99918180981443,0.999182911225681,0.99919415230288,0.999194732462426,0.999195878931519,0.999197802643252,0.999198574783796,0.99920081291934,0.999204924706441,0.999205888431563,0.999208070019666,0.999209509950496,0.999212165573084,0.9992141148996,0.999216513286733,0.999217100128643,0.999218268494403,0.999220721359145,0.999222251861992,0.999223139850764,0.999223827481603,0.999224457326181,0.999225393681619,0.999226253548343,0.999226574717453,0.999227683981339,0.999228287412618,0.999229326349496,0.9992322655955,0.999233113094547,0.999234292202017,0.999234525692419,0.999235435398818,0.999237356864249,0.999242305530327,0.999242398586243,0.999243611535589,0.999243831508869,0.999247080726137,0.999247894405022,0.999249751372154,0.999249989500262,0.999250857871656,0.99925102412022,0.999251891771411,0.999253029428747,0.999253183753977,0.999253397904133,0.999255574715622,0.999256168844544,0.999258979646196,0.999259903672193,0.99926009337989,0.999260473552389,0.999261757146083,0.999262378186446,0.999263314786565,0.999265043447467,0.999265369536805,0.999265428974898,0.999266386142448,0.99926950326717,0.999269742458645,0.999271619536495,0.999272006558457,0.999274577304072,0.999275717463304,0.999276309494273,0.999277125611803,0.999277520312732,0.999277973119033,0.999277996731518,0.999279286398008,0.999280712344081,0.999282144214553,0.999282820736001,0.999283570551858,0.999284985070779,0.999285509466712,0.999285969614161,0.999286177107489,0.999287391953107,0.999288291912625,0.999288526637957,0.999289107688922,0.999290997519042,0.999291329924839,0.999292297556411,0.999294066643646,0.999294611808992,0.999296406561229,0.99929840506095,0.999298832679256,0.999299430987484,0.999299919228208,0.999300424047661,0.999301516658796,0.999303885655138,0.999304421524766,0.99930495938732,0.999305412016377,0.999305646612684,0.999306751563477,0.999307443021346,0.999309443705683,0.999310167492256,0.999312904401015,0.999313505169678,0.999314271269087,0.999314722826717,0.999315790777297,0.999316207854895,0.999317773543354,0.999318121374118,0.999318862421911,0.999319313664733,0.999319889625285,0.99932041515993,0.999321100303141,0.999322439239101,0.9993231549617,0.999324180369899,0.999327062125408,0.999327663863446,0.999328965405038,0.999329784766563,0.999330122236209,0.999330352917241,0.999331164015765,0.999332434901922,0.999333015341119,0.99933325636028,0.999334178660567,0.999335351229905,0.999336031443752,0.999337503619515,0.999337942347886,0.999338656643762,0.999339377031113,0.999339532424947,0.999340640482136,0.999340910642291,0.999341502181393,0.999343208869009,0.999343412294981,0.999344327659633,0.999345417860341,0.999345624211667,0.999346918233971,0.999347124230234,0.999348040101882,0.99934864385447,0.999349588647465,0.999349848193694,0.999350978817973,0.99935148109693,0.999352145320409,0.999352747155397
0.787382545931075,0.804027922997244,0.847840586375476,0.875918377650536,0.906245560906053,0.923118341693338,0.936451741995929,0.943283632961972,0.950571322010382,0.958416217759078,0.963942305260666,0.967362525670115,0.97076725229213,0.973958664159703,0.976809661452072,0.979057565680707,0.980214647201055,0.981376871760145,0.983753526997864,0.983942773822147,0.986384561481338,0.986654462600505,0.987164617986668,0.987515933217564,0.987988880430189,0.988207609040237,0.989710003631618,0.989819270753236,0.990652023080487,0.990765034721541,0.991798010540282,0.992166219473392,0.992495631909859,0.992589325455286,0.99300502526865,0.993129003503932,0.993210071419764,0.993329798670032,0.993434196548195,0.993484634487389,0.99375675764726,0.993880963887534,0.994254747359339,0.994487442871797,0.994879088344589,0.994939710755314,0.995111150804439,0.995165961627253,0.995254187130504,0.995478767868267,0.995761332566666,0.996013404659608,0.996114614903262,0.996169605310265,0.996254695110633,0.996286023404345,0.996322846218175,0.996348210645179,0.996554374272734,0.99662839069191,0.996711368259599,0.996777342349142,0.996822678867501,0.996851459308725,0.996949854036521,0.996967046039617,0.997010545649714,0.997026274231703,0.997099764066431,0.997114593632159,0.997161466203269,0.997188821441941,0.997249047330751,0.997278333292995,0.997309391107443,0.997312332322189,0.997402726076809,0.997413850963334,0.997433659233596,0.997440221141935,0.997458722366877,0.997487821406138,0.997499509899009,0.997542391239287,0.997551891658037,0.997561114778647,0.99757396596699,0.997583991828603,0.997612326082589,0.997655801373389,0.997684905259546,0.997702845855383,0.997776025833392,0.997786799702355,0.997799493940455,0.997804127571999,0.997840679353693,0.997855167278723,0.997871784517162,0.997877947232571,0.997985724451186,0.997994614100897,0.998017537547278,0.99802291798628,0.998058931691529,0.99806748948517,0.998090285280135,0.998093451885998,0.998122113619721,0.998125616572754,0.998148435275588,0.998163823341107,0.998190622894541,0.998193924023071,0.998217288084175,0.998224291329653,0.998239392108113,0.998249950729346,0.99826508249624,0.998272632767602,0.998286237800693,0.998301824574525,0.998316343807631,0.99833321868359,0.998343963047499,0.998352604910813,0.998363249519699,0.998366796061748,0.998372921686761,0.998378017581588,0.998389592597929,0.998395236394854,0.998407927167209,0.998408713207399,0.998419098974137,0.998436404807045,0.998443463787021,0.998447353169245,0.998457507253072,0.998463259428117,0.99847459230714,0.998482241167771,0.99849798610544,0.998500502830237,0.998519575075758,0.998529777004931,0.998540781622571,0.998545515189558,0.998560925979622,0.998564141406399,0.998571548940148,0.998577435268466,0.998588437462225,0.998594309294508,0.998601374379329,0.998606962672181,0.998617735973932,0.998620892014773,0.99862455487157,0.998626953273626,0.998631875318508,0.998634401856159,0.99864276547935,0.998645429146437,0.99864818682111,0.998655410162468,0.998663938610062,0.998673973724147,0.998683996219217,0.998689664428184,0.998697546589788,0.998701200692701,0.998706616836186,0.998710889184441,0.998717576543536,0.998723560263509,0.998728862934054,0.998733616929776,0.998742856782969,0.998746376422625,0.998752168566837,0.99875387031085,0.998762008970403,0.998766315767556,0.998769274083852,0.998771822659059,0.998774974619229,0.998777350416424,0.998805044099399,0.99880914767382,0.99881454761768,0.998815179923149,0.998822977596011,0.998825641764016,0.998828035888094,0.998831242782163,0.998838607946945,0.998840291912831,0.998843550764382,0.998845297384536,0.9988520199585,0.998852459531499,0.998859312404021,0.99886107763185,0.998863930283064,0.998867427924177,0.998871534075706,0.998872857684962,0.998876869247973,0.998878297764004,0.998903361575288,0.998905651106027,0.998910855898408,0.998914685087461,0.998916430987369,0.998917902969727,0.99892145352668,0.998923005555699,0.998927373644142,0.998928696017608,0.99893089705564,0.998933357678284,0.998939354924933,0.998940694135629,0.998944985032694,0.998946481357672,0.998947877348473,0.998951489688941,0.998954948805541,0.998956254397778,0.998958801034752,0.998960774645046,0.998966893491766,0.998967946055383,0.998970843545543,0.998972874677272,0.998975792715579,0.998977302036685,0.998982229998253,0.99898474725914,0.998986222648186,0.998987164917333,0.998993326896064,0.99899520471512,0.998996769288107,0.998996932094284,0.9989990096209,0.999000930444625,0.999003467432772,0.99900479225813,0.999010718690105,0.999014490622575,0.999017124912553,0.999019669387718,0.999022372334079,0.99902595003262,0.999027565896621,0.99902844930966,0.999032666335654,0.999034543580046,0.999036451995818,0.999036926660441,0.999038614981179,0.999039880334139,0.999043228368155,0.999045287765571,0.999046813137659,0.999049186884798,0.99905292422494,0.999053402059531,0.99905784721998,0.999060678993565,0.99906217815431,0.999064384125224,0.999066950730528,0.999070224050413,0.999073029356344,0.999074879285318,0.999077485235473,0.999080355846515,0.999083160892676,0.999084524213661,0.999085666694257,0.999086898827452,0.999089041389627,0.99908980727387,0.999091381766594,0.999093294210618,0.99909504013391,0.999097157159143,0.999102988173536,0.999104142372418,0.999108030571388,0.999110453290457,0.99911320888362,0.999113964487126,0.999115470364333,0.999118088335886,0.999121099405538,0.999124021961594,0.999127066612614,0.999127309717202,0.999128104490651,0.999128547950738,0.999129924082949,0.999130516600549,0.999132664438915,0.999134885236652,0.999136141659331,0.999138475470907,0.999139613733368,0.999141186497264,0.999144910826769,0.999145348897736,0.999146334798519,0.999147535520056,0.999148303821738,0.999150547836028,0.99915155100378,0.999152471071833,0.999154915174023,0.999154948792276,0.999156500922332,0.99915823203318,0.999161091044415,0.999161503713339,0.999164450291855,0.999164945923174,0.999167619881028,0.999167902634079,0.99916942401346,0.999170196578672,0.99917110377924,0.999171607567483,0.999172283253869,0.999173877650382,0.99917470007239,0.999176450064399,0.999180721493933,0.99918367332131,0.999184945657279,0.999185713302557,0.999187402357842,0.999188918606448,0.999190179463178,0.999190243584972,0.99919082159722,0.999191540014908,0.999192121175647,0.999193286142251,0.999193951180322,0.999203941037102,0.999207362661156,0.999208017424733,0.999210706561798,0.999211484032285,0.999212636179472,0.999213784182141,0.999214414190504,0.999215726553316,0.999216588168234,0.999217075720104,0.999217808384639,0.999218096948733,0.999218509277821,0.999218707587183,0.999221530305473,0.999222644233776,0.999223541795349,0.99922466065542,0.999228026018965,0.99922936479281,0.999231519387064,0.999231748784985,0.999232616707004,0.999232727036963,0.999234700713251,0.999234966027758,0.999236665220144,0.9992373872863,0.999238594457178,0.999238870726207,0.999239410653361,0.999239916236305,0.999241451366699,0.999241895511035,0.999242690942053,0.999243335603761,0.999244407740642,0.999245281359653,0.9992463227179,0.999248308819415,0.999249807659378,0.999250968715733,0.999252478834197,0.999254609919706,0.999257699896652,0.999258049884238,0.999258940027394,0.999259882439748,0.999262221160059,0.999263019330043,0.999263380130537,0.999264255016196,0.999264669298283,0.999265275096011,0.99926633340745,0.999267182435198,0.999267779370604,0.99926801839586,0.99926841585546,0.999269268167278,0.999271069105116,0.999271865801377,0.999273428478739,0.999274490246276,0.999275837263801,0.9992767156098,0.999277918421687,0.999278443122809,0.999280475948599,0.99928124825131,0.999282064029061,0.999282735566872,0.999283697182087,0.999284121472038,0.999286671187862,0.999287346842938,0.999290037555193,0.999290746585332,0.999292427893046,0.999294346338194,0.99929533884137,0.999295369014076,0.999296452088734,0.999297006770558,0.999298234230597,0.999298445002863,0.999300148159052,0.999301551839529,0.999302397198243,0.999302581085282,0.999303663766962,0.999304381802156,0.999306776231211,0.999307409114265,0.999309128450407,0.999309231655429,0.999310042216468,0.999310180289412,0.999311084674321,0.999311531877577,0.999312023874964,0.999312026490986,0.999313997872158,0.999316087372437,0.999317955075386,0.999318332585624,0.999319509127822,0.999320445028278,0.999321522431869,0.999322097902301,0.999322422844413,0.99932355738932,0.999324766823193,0.999325004996914,0.999326312483947,0.999327014511211,0.999328574221884,0.999329554131545,0.99933037761341,0.999330917796567,0.999331855249434,0.999332284917219,0.999332780486441,0.999333447885359,0.999333988891155,0.999334768361041,0.999336085791043,0.999336183527548,0.999337042086656,0.999337751304589,0.999338666466028,0.999339277274908,0.999339791440645,0.99934052341271,0.999341230817839,0.999341875628826,0.999342797448105,0.999343310008701,0.999344066151393,0.999344818273001,0.99934630406886,0.999346739478998,0.9993469180529,0.999347812028241,0.999348176005171,0.99934820139096,0.999349405341825,0.999349920584028
