0.597934621168004,0.65303484343508,0.694860210715747,0.706781168721055,0.738437026302882,0.750755257249241,0.776385948033684,0.795782259664119,0.80567800813685,0.822977369737223,0.840098158255202,0.848447979797572,0.850565423414071,0.854499078261856,0.860601813593751,0.865219293071241,0.881622787881614,0.882900483671876,0.892423264785936,0.894569301050845,0.899025588780285,0.90300827064193,0.904790825574194,0.906773954246763,0.910159891151249,0.912584929555034,0.915962982626834,0.917339251678238,0.920447713867608,0.923893400517067,0.925029275827228,0.927398212611692,0.928987619725651,0.930878285853893,0.932075081165951,0.933379100333068,0.935863965134136,0.937403491532365,0.938168861701917,0.939316009420059,0.943010205140499,0.943905740780471,0.944660339937899,0.945407426531459,0.947041260253016,0.948341347394985,0.948633623175478,0.949358840188784,0.950363867268402,0.951476280299374,0.951976406271095,0.954299996627845,0.955608591410265,0.956119128131294,0.956477266772172,0.95694253575445,0.95714088041342,0.957492151463623,0.958268215102276,0.958407800281559,0.958850148366685,0.959162226925694,0.959617557219196,0.959983977790666,0.960212538720139,0.960520600467849,0.960881351563109,0.961236914242653,0.961460196765959,0.961624935292611,0.961779776948281,0.962020998752892,0.962213811014215,0.962250667940929,0.962539673176143,0.962631132396871,0.962766840874077,0.962902283229332,0.962949820069424,0.963119917545898,0.963221522246888,0.963420159580566,0.964040396959554,0.964134056635683,0.964291465291738,0.964352780933623,0.964409708687802,0.964449281007134,0.964536389481755,0.964589121414444,0.96464599092557,0.964748511655076,0.964780707469771,0.964841957675313,0.964892964340927,0.964904699926272,0.964963321715725,0.965063772674219,0.965114488154346,0.965171700653869,0.965196536685699,0.965244180172708,0.965273896965126,0.965320043381115,0.965387005252774,0.965454350719979,0.965492886531769,0.965557257316761,0.965653413061867,0.965686347261562,0.965739193620795,0.965796204770979,0.965847616766812,0.965888436908912,0.965913881992625,0.965963941321513,0.965996819024816,0.966027363326157,0.966108324588409,0.966179483710098,0.966365272842738,0.966412179950966,0.96647420828393,0.96655449353388,0.966660741424602,0.966690247552748,0.966729496781833,0.966751425414486,0.966801466421007,0.966829529677226,0.966874024262653,0.966962756384207,0.966984594797663,0.966995709991331,0.967009564900826,0.967045163585679,0.96707043820852,0.967122421759471,0.967137261169161,0.96718814171136,0.967233694211177,0.967262509268999,0.967297490605899,0.967309068140878,0.967341443449321,0.967375625957129,0.967395122457234,0.967404314489432,0.967434798782226,0.967457637647001,0.967479235698871,0.967506317038542,0.967524537325255,0.967549578876167,0.967553899426201,0.967596265436656,0.967607548390814,0.967643572602969,0.967676561946401,0.967698933770969,0.967762283599753,0.967784202343035,0.96780417540164,0.967852592339141,0.967875802794719,0.967912551028936,0.967943119260497,0.967948892367551,0.967966253204831,0.967986724781773,0.967992662861253,0.968006975672015,0.968027506952329,0.968050572572058,0.968068331224182,0.968096411727181,0.96810414775361,0.968118546121112,0.968142219911511,0.968155894484241,0.968167916639811,0.968184244808538,0.968205344172952,0.968226588048296,0.968240999493595,0.968249944435074,0.968257086571525,0.968270059854082,0.968280450848265,0.96829828630243,0.968320260343113,0.968340548818601,0.968361620248088,0.968373699289984,0.968382268668126,0.968414612162267,0.969174655322532,0.969180108996567,0.969194058901243,0.969201505518245,0.969215442438889,0.969229074474473,0.969656855862922,0.969667510072867,0.96968066680029,0.969690598256302,0.970010465133202,0.970016291641179,0.970046950539529,0.970051622802528,0.970062201786938,0.970073443091686,0.970084928289486,0.970102874042456,0.970111763979342,0.970122801401919,0.970129569522988,0.970133738968295,0.970149254970943,0.970158464760304,0.970177037068604,0.970191185732864,0.970194161808903,0.970208898251427,0.970214389282788,0.970233697112697,0.970242128704487,0.970259650684518,0.970270802404305,0.970276601456081,0.970282218529706,0.970289480246632,0.970303680277385,0.97030841040725,0.970313932904372,0.970321305100484,0.970323699219942,0.970335400923876,0.97033958811825,0.970342878510665,0.970352408857571,0.97035579494021,0.970459627385535,0.970462165191408,0.970465942178776,0.970471430916838,0.970472639923761,0.970476652549811,0.970479149155804,0.970481394077889,0.970491284290615,0.970501747229411,0.970516820437595,0.97052267966781,0.97052405752597,0.97052675878055,0.970529894847035,0.970533138654634,0.97053865501811,0.970554112655559,0.970557759999519,0.970558979526252,0.970560572707695,0.970567843729317,0.970572799562509,0.970575382701008,0.970577218101424,0.970578001109276,0.970585621161228,0.970592879253907,0.970606474274229,0.970614060785393,0.970625424927992,0.970627171551078,0.970629019527836,0.970673474188036,0.970683812133527,0.970690222782288,0.970695846638141,0.970708649558096,0.97072063139314,0.970727528533902,0.970730433801196,0.970737497064079,0.970741748152108,0.970747858423252,0.970755627277817,0.970767685467314,0.970777720773192,0.970788552025602,0.970804615901726,0.97080840071736,0.970813247901165,0.970814487092909,0.970819513423622,0.970825806637717,0.970836146691725,0.970844354028059,0.970860839520198,0.970861967776639,0.970862863172053,0.970867119436954,0.970879257968402,0.970886404209288,0.970894571233505,0.970899693320182,0.970900437328389,0.970906887515428,0.970907569382023,0.970921296987182,0.970926376146509,0.970929838479507,0.970932635092255,0.970933823898924,0.970940098125884,0.970949562835706,0.970952972594799,0.970953505217531,0.970958976522849,0.970963182723841,0.970970161254072,0.970971423718434,0.970977379829991,0.970983404811446,0.970991626723441,0.970998926989705,0.971001971381006,0.971004841708866,0.971008894408848,0.971017507048675,0.971020314437852,0.971023289113831,0.97102483190326,0.971027735435394,0.971031710350692,0.97103555503845,0.971038046383505,0.971042456156471,0.971046569157502,0.971052362637189,0.971054936867368,0.971064220511588,0.971066519453016,0.97106823617548,0.971068559640607,0.971082414904688,0.971084666493207,0.971085930777838,0.971087648744642,0.971090324658849,0.971092503124169,0.971095148039126,0.971099719670686,0.971100745965855,0.971104995701304,0.97111078922754,0.971115556850821,0.971116955706896,0.97111760992156,0.971174812323539,0.971333340942968,0.971335191993242,0.97133654744719,0.97134192944234,0.971342634248504,0.971346193436709,0.97135220184815,0.971352972086286,0.97135480807907,0.971358928750644,0.971361869180695,0.971366792773975,0.971375770870261,0.971379002615933,0.971382915321124,0.97138375971103,0.971387239243944,0.971391112032049,0.971394315603178,0.971395913523142,0.971399882651996,0.97140308973803,0.971408333403656,0.971411433269657,0.971415400226684,0.971417563178983,0.97142114044773,0.971426818199511,0.971429776085289,0.971433941896457,0.971435084564669,0.971436154119941,0.971444017666515,0.971447043324257,0.97144957697972,0.971452475688884,0.971455781963025,0.971457499401503,0.971460833709533,0.971462798124035,0.971464833416301,0.971468633226166,0.971473992032953,0.971477173095537,0.971480090623881,0.971482585689913,0.971486908965784,0.971492916861732,0.971494336653997,0.971495236194475,0.971500710754201,0.971504358778633,0.971507392010548,0.971511136665577,0.97151503261071,0.971519872102758,0.971521412304384,0.971529460041564,0.971531563684279,0.971532786749349,0.971535689245269,0.971538178806013,0.971540483371835,0.971542320207871,0.971543571570219,0.971545887190984,0.971551955468469,0.971555142803026,0.971558484074647,0.971566829193958,0.97156731918269,0.971569499540398,0.97157020038954,0.971571349778336,0.971572457738699,0.971575163732733,0.971579437682871,0.971580655076432,0.971586696351789,0.971588432606896,0.971590794563812,0.971591421354623,0.971597623642421,0.971602838156463,0.971603932449404,0.971605870761462,0.971607156856894,0.97161016943301,0.971613197433782,0.971613300390743,0.97161576508182,0.971616766461018,0.97161792838338,0.971619193559662,0.971621916728303,0.971625227799909,0.971628834913724,0.971629732989437,0.971631465458614,0.971632003388563,0.971633123867256,0.971634543743658,0.971636496073572,0.971639250105065,0.971639978980414,0.971640350920092,0.971641031609338,0.97165154716508,0.971652464230468,0.971653052045054,0.971655498263996,0.971657952493522,0.97166210666529,0.971666721750319,0.971682973041647,0.971684785234793,0.97168820171713,0.97168971158917,0.971690044095941,0.971691615460779,0.971694041572119,0.971696431987601,0.97169765287214,0.971699341592942,0.9717000758711,0.971701281190452,0.971702739197896,0.971704987485526,0.971707199742398,0.971708082284029,0.971709160860321,0.971710453868101,0.971711924065162,0.971715487781285,0.971716198168915,0.971719408537136,0.971723524895016,0.971724431058062,0.971725101596999,0.971730415262397
0.490545027620639,0.556124960842503,0.560802835018245,0.617104984432441,0.693352632957821,0.714586127304653,0.72247998864489,0.729695435129031,0.735570269090273,0.743825075612837,0.761085588642547,0.807784271900907,0.811745056790578,0.820113182499068,0.829566219306494,0.832578289736985,0.835496363008536,0.839737064919175,0.84251163538681,0.847197366364272,0.849784422754001,0.852825235371305,0.855048344610334,0.858669501595635,0.866132940238425,0.86735424420582,0.869088578962992,0.870532326320906,0.872016177734855,0.874400251056572,0.876580835276736,0.87742161396267,0.878586003704394,0.879363671101984,0.880117757018517,0.880645110564627,0.88623227895406,0.886885673479608,0.892695158943032,0.892985860548912,0.893551104361958,0.893917308885617,0.894252644422788,0.894587609065638,0.895148337149054,0.895342182518774,0.895600257837363,0.895815719023856,0.896728083171993,0.89684987712541,0.897143256122523,0.897349434657318,0.897498871025385,0.897602084616332,0.897707202385491,0.897845788752841,0.898010912887712,0.898239788175848,0.898378372892595,0.89847674565033,0.898595268437199,0.898810113167689,0.898934452839889,0.899008800239962,0.899158500681124,0.899239495953317,0.899330046117552,0.899422589358263,0.899494551484286,0.89951902734639,0.899639886761379,0.899743397806442,0.899849518022017,0.899941047833228,0.89999522669144,0.90008583743199,0.900204806564623,0.900277755998955,0.900354117091653,0.90038970684163,0.900431799074561,0.900530949333789,0.900577042371578,0.900617466852531,0.900698210165516,0.90077925310605,0.900810204765024,0.900874513240649,0.900902828989455,0.900935778599339,0.900959051169054,0.900979343903878,0.901018937944896,0.901043595813574,0.902551072548347,0.902578108079898,0.902602806237178,0.902647359101072,0.902681825802927,0.902710360663608,0.902744540259211,0.902767949305719,0.902816682723236,0.902841417387191,0.902867348188119,0.902882517015837,0.902913632808595,0.90294219320906,0.902965116007617,0.902988102311604,0.90301136873261,0.903041960618391,0.903078131288947,0.903115466167567,0.90314815603549,0.903172562394189,0.903186982642405,0.903206120977141,0.903232502127974,0.903286881263231,0.903315022585569,0.903329997181044,0.903352967638662,0.903379628283521,0.903409312624203,0.903436593762057,0.903455451053207,0.903470350165788,0.903482444124417,0.903495737207515,0.903510957672418,0.903522570531929,0.903540295891121,0.903554597057747,0.90357857341086,0.903593963630106,0.903612747638408,0.903723693495578,0.90374235460405,0.903752310595873,0.903766856618393,0.903776442164897,0.90379695859707,0.903806792901961,0.90381191986166,0.903821415983238,0.903827362150672,0.90383366006129,0.903846199368782,0.903865424513812,0.90388093873884,0.903892430688098,0.903906199527862,0.903922822871706,0.903932260587984,0.903946943822565,0.903956743856092,0.903967377333715,0.903977737706726,0.90398566261414,0.903991949691336,0.90400097440118,0.904009273300332,0.904016708980556,0.904027206778718,0.904038571738846,0.904045656121134,0.904056126725179,0.904063048080299,0.904074291608764,0.904089867940481,0.904096033250934,0.904107861760013,0.904115161477514,0.904129268217492,0.904135071928512,0.904143327178506,0.904154890047268,0.904157940048353,0.904164587551745,0.904173493212422,0.904182906301987,0.904189909665789,0.904200658931147,0.90420472513151,0.904211592003474,0.90421504360817,0.904225418051974,0.904230244380925,0.904236467853447,0.90424107119763,0.904246987059695,0.904256504452333,0.904260588458076,0.904265345545223,0.904270442789805,0.904279403618534,0.904286767223015,0.904296941324922,0.904301683467044,0.904307323423893,0.904309437158151,0.904312416488928,0.90431867603609,0.904327222763337,0.904330570316844,0.904337771004893,0.904350720331313,0.904355549840112,0.904362793629757,0.904366974115925,0.904370496895808,0.904374461461238,0.904386231984028,0.904390174507975,0.904395323288822,0.904399683276959,0.904404104560948,0.90440722555227,0.904411522940785,0.904415370803117,0.904422472660971,0.904427490330463,0.904431955465994,0.904435728305602,0.904440918145642,0.904445217314158,0.904452447233202,0.904457430422657,0.90446141833228,0.904464502002308,0.904469957540868,0.904475022054527,0.904479217420447,0.90448216542737,0.904484388307276,0.904492364165781,0.90449740219992,0.904502612327148,0.904506071607984,0.904506603360369,0.904511902897158,0.90453558142088,0.90453620345811,0.904541824584754,0.904544576824167,0.904547702395516,0.904551955097969,0.904554570573818,0.904557619411186,0.90456690189539,0.904569842326189,0.904574267466446,0.904581748494223,0.904583928523983,0.90458589764201,0.904590439014852,0.904596365084654,0.904603193256931,0.904605795744237,0.904608763975165,0.904612916200432,0.904619821561922,0.904622925264805,0.904625116057589,0.904629053304032,0.904634489756961,0.904637442030998,0.904641829458553,0.904645603113351,0.904650426488042,0.90465217398328,0.904656377207442,0.904659683705634,0.904665046134383,0.904668612930722,0.904672241936047,0.904676243309193,0.90468226350921,0.904686630015333,0.904691160267008,0.904695960196484,0.904699602954686,0.904705524217219,0.90470622875557,0.904708898658944,0.904710956502444,0.904711649953154,0.904714341454772,0.904718134917336,0.904722327891617,0.904725599671782,0.904727639272234,0.904730137659768,0.904736695641492,0.904740689109623,0.904742886772347,0.904744280543365,0.90475174638294,0.904756016762823,0.904758595447874,0.904762258293063,0.904764642005199,0.904765683900046,0.90476740359986,0.904768551947124,0.904770619077105,0.904773130112332,0.90477537297804,0.904777591092278,0.904779828025865,0.90478427766885,0.904786758815511,0.904787545071238,0.904789953059933,0.904793721119457,0.904795280408003,0.90479709460391,0.904800560767477,0.904802224415263,0.904803263365669,0.904804993103592,0.904807457700544,0.904808576169031,0.904810692519012,0.904815486994408,0.904819800896215,0.904823658083699,0.904826499621352,0.904827696778981,0.904829614056951,0.904830591101971,0.904834277102076,0.904837590312479,0.904842658144134,0.904844325220586,0.904847614762571,0.904849682317862,0.904851522818302,0.904868800013196,0.904869479556805,0.904869884372435,0.904873098802444,0.904875620565966,0.90487743920911,0.904879287682495,0.904879580610155,0.904881956168273,0.90488492222251,0.904885153767523,0.904887584167106,0.904889275984522,0.904893152787486,0.904896297006738,0.904898436891514,0.904901377004702,0.904904008048788,0.904905843871241,0.904906780942767,0.904907963875299,0.904910873771433,0.904911768706131,0.904913497655888,0.904916582685581,0.904917978046914,0.904918453530526,0.90491905809505,0.90492033825363,0.904921230456944,0.904923325732269,0.904926005697779,0.904927239090692,0.904930332154775,0.904930840216647,0.904936019908752,0.904936465190182,0.904936853213161,0.904937748580378,0.904939598208924,0.904941434021681,0.904941797477095,0.904946203467311,0.90494864197111,0.904951210502804,0.904952561848085,0.904954681752929,0.904957376707384,0.904958437264502,0.904961504898319,0.90496234957003,0.904963861001895,0.904966107620273,0.904966824738283,0.904967724431613,0.904968698147964,0.9049704810079,0.904971036272165,0.904971752782608,0.904973917472729,0.904975198618972,0.904975892850424,0.904976570244337,0.904977806261515,0.904978679624772,0.904979434631303,0.904980649785067,0.904982018933617,0.904982414683649,0.90498346528171,0.90498425887672,0.904984587250082,0.904985267508438,0.904985969352795,0.904986449771836,0.90498683984261,0.904988087023919,0.904990275483454,0.904991333900872,0.904991433175616,0.904992044899989,0.904993739362477,0.90499388531377,0.904994718012564,0.904995168855183,0.904996422883066,0.904997254579305,0.904999084501145,0.904999631390356,0.905000814233131,0.905001040694216,0.905001788763881,0.905002065463677,0.9050024185243,0.905002782123266,0.905003571576081,0.905004499347738,0.905005246331399,0.905005488896404,0.905007049751156,0.905007609122959,0.905008012692055,0.905008984558614,0.90501057894069,0.905011052919372,0.905011711086891,0.905013110251679,0.905014475882642,0.90501590444222,0.905017771904094,0.90501848219881,0.905019019226488,0.905019596709666,0.905021008090964,0.905022291379316,0.905022749974688,0.905023485808201,0.905024622822448,0.905025588278716,0.905026660925504,0.905027855999573,0.905029386926351,0.905030906636949,0.905032249782271,0.905033076141857,0.905034249187273,0.905035301510022,0.905035746229541,0.905036578887565,0.905037290918178,0.905037585070475,0.905038920492063,0.9050394808804,0.905041161698472,0.905042126187137,0.905043019140855,0.90504435527784,0.905045936661846,0.905046679827827,0.90504762779694,0.90504832171282,0.905049648951605,0.905050166993179,0.905051505743088,0.905052001594654,0.905052811117174,0.905054139644237,0.905054463387388,0.9050545225374,0.90505498931701,0.905056746834661,0.905057269094334,0.905057724868613,0.905058732287724,0.905059586242706,0.905060368500968,0.905060815365613,0.905061688861793,0.905062561951039,0.905064394707924,0.905064488513797
0.487684448908296,0.542197488507518,0.622333189254692,0.629607709811319,0.658764512232637,0.665267218697684,0.698856581126173,0.702345157983874,0.705277443207024,0.707857203707713,0.748487695752378,0.754719170018277,0.765231009683691,0.766623002998636,0.771619165035046,0.783265891208923,0.825469898736273,0.829782749333685,0.835949564207225,0.839097862898738,0.84488368999786,0.85084787194101,0.860659395616473,0.872540738846538,0.884338196170292,0.885524486948763,0.89331595225363,0.895057531289049,0.898193068619446,0.899218355428652,0.902087704058842,0.903960806267113,0.906874061007235,0.907808277340265,0.909557498603945,0.910543338673997,0.912387944568576,0.913494597166405,0.914419087600349,0.915187887862169,0.916206593899704,0.917043827675286,0.917831783930205,0.918320182397423,0.918820883766779,0.919240126363039,0.919681933915021,0.920572310209662,0.920872639851612,0.921095814980036,0.921422960347337,0.921670453338576,0.921920005154171,0.922156543288661,0.92236113983934,0.92252789512455,0.922770462685136,0.922908190686874,0.923115255875606,0.923309012968547,0.923478558531119,0.923621065701405,0.923786895499718,0.923939852116707,0.924099327610465,0.924385894566827,0.924463805745113,0.924509851305107,0.9255492429899,0.92561913855146,0.92569120141097,0.925846589143952,0.925981226579173,0.926110021082229,0.92618728176441,0.926355269004919,0.926465549164331,0.926543588469247,0.926617758572781,0.926697028160226,0.926756770070221,0.928932299574967,0.929115259530201,0.929192230919736,0.929232479834844,0.929278408893249,0.929359518276053,0.929412093360694,0.929522651682943,0.929672573250354,0.929733954193733,0.931920536945787,0.931968942235116,0.932085345190939,0.93214175176164,0.932198158840562,0.932283783463086,0.932325430415391,0.932354926608395,0.932410628523863,0.932451541636702,0.932527173291557,0.93255514936834,0.93262838510969,0.932725634532869,0.932757316830281,0.932831149066863,0.932862946824473,0.932897105391541,0.932933824736415,0.93299678226913,0.933035251001416,0.933108204626426,0.933151713202688,0.933197433040308,0.933238182710547,0.933311058452038,0.933327319520198,0.933358079255173,0.933546836180164,0.933570498799764,0.933588028093045,0.933621437203208,0.933826026376313,0.933855614609938,0.933887780827797,0.933955781486821,0.933970012057242,0.933992727608273,0.934024587116117,0.934048592690512,0.934084546855436,0.93412651071359,0.93423374454138,0.935183986051016,0.935232342489513,0.935549929682848,0.936914489807955,0.937084697126015,0.938461489930353,0.938696285953799,0.938943999549413,0.945255543695713,0.945883171501822,0.946245728917412,0.947693612246629,0.947806007125608,0.948586949135803,0.949465871440038,0.949867890219919,0.949996946542424,0.95046768780981,0.950781806291336,0.951062239051765,0.951164872400109,0.951452206563359,0.951498347420712,0.951569150872714,0.95165058730211,0.951790401246185,0.951871706449111,0.952045169556642,0.952131080698417,0.952161262687565,0.952204390664498,0.952268885282054,0.952317415429589,0.952380571253418,0.952431875377871,0.952459259129485,0.952511773793986,0.952575234550012,0.952685494635348,0.952750374555924,0.952778235509941,0.952799661490048,0.952821674991434,0.952890115950262,0.9529478890871,0.95297556156806,0.952998641922997,0.953046648043486,0.953143324643459,0.953195371600742,0.953254954906834,0.953313869219673,0.953336266823914,0.953374057011523,0.953470042611054,0.953483408683242,0.953549632385923,0.953576461859904,0.953590807420929,0.953600491675223,0.953610944084066,0.953641123852515,0.953678410586422,0.953747954558523,0.953786207750796,0.953802054070527,0.953824464951512,0.953832896848899,0.953858886391818,0.953885004223211,0.953903150813165,0.953937876726227,0.953969563194559,0.953976792192876,0.953999228410741,0.954013916863105,0.954017220790059,0.954033134929657,0.954055492051503,0.954057622432229,0.954067508915668,0.954084672467103,0.954116878669295,0.954150783185809,0.954163478086351,0.954179519142178,0.954189186075604,0.954218057918177,0.95423290387725,0.954258960059121,0.954271558221015,0.954282584443471,0.954294064643488,0.954304581862453,0.954321094363097,0.95433347704286,0.95434542025777,0.954351017082465,0.954360365237822,0.95438362842319,0.954390994078594,0.954415808936969,0.954422009638417,0.954437569382287,0.954454400419069,0.954464982022984,0.954478677766203,0.954488258290995,0.954491247490045,0.954501896756713,0.954514055876835,0.954519280392785,0.954525320327544,0.954528627275926,0.954532259924302,0.954539983314924,0.954547526087154,0.954553286873096,0.954557873105979,0.954562770137544,0.954572910009181,0.954589718512104,0.954603712843585,0.954610283010968,0.95461683581464,0.954627258722768,0.954637350177135,0.954643978947189,0.954654018673893,0.954666909796724,0.954679096906294,0.954683416928017,0.954705358641719,0.954717966541479,0.95472107106196,0.954724549958394,0.954730234451241,0.954745842480847,0.954749648123524,0.954759019001301,0.954766934689238,0.954779448322531,0.954788953561359,0.954792781563703,0.954801639875633,0.954809171970263,0.954820798193452,0.954830993963106,0.954832922928041,0.954841106458577,0.954846288135715,0.954852581169176,0.95486054838245,0.954868618080662,0.954876891139003,0.954883449628421,0.954886716855775,0.954891703843707,0.954897511530459,0.95490416573415,0.954910212956819,0.954918763742342,0.954925066356861,0.954929714719134,0.954933461146638,0.954939432626676,0.954949692733974,0.954952940770894,0.954963246323113,0.954964594070008,0.954967322148878,0.954970841200217,0.954975443606176,0.954982930354859,0.954989418290402,0.954992665822674,0.954997748598872,0.955002178735719,0.955006307353864,0.955009117205997,0.955014436517247,0.955018673303746,0.955026157248741,0.955029879650081,0.95503939618062,0.955046237559911,0.955051503136152,0.95505708688566,0.955060084094263,0.955063889041036,0.955068590784039,0.955072628985704,0.955074845866892,0.955077799171831,0.955084197026626,0.955087943703917,0.955090531207903,0.955094133132166,0.955102677871286,0.955108267580895,0.955113742357371,0.955119491753051,0.955122353613414,0.955130062531015,0.955130748123631,0.955135455816772,0.955140812737795,0.955148055076247,0.955151374060814,0.955153395433685,0.955158015837585,0.955164597007554,0.955174900717264,0.955178311171794,0.955181112999635,0.955185730073628,0.955189955929406,0.955194497569677,0.955199103753368,0.95520452596754,0.955207664618872,0.955210262932639,0.955218250459837,0.955225777415872,0.955229116934313,0.955234212642707,0.955238160056943,0.955245140109107,0.955247194408794,0.955254961860816,0.955261125734753,0.955264530585049,0.955273600940127,0.955275292115606,0.955282319766971,0.955290331650409,0.955291829016996,0.955298168851561,0.955301472879507,0.955307450792468,0.955310474001641,0.955315339904018,0.955317578821117,0.955321433906671,0.95532319823151,0.955329172654894,0.955330466834898,0.955331678026509,0.955335363961526,0.955336570812115,0.95533820135556,0.955340952841332,0.95534655169725,0.955354133974326,0.955359554484901,0.955360874979164,0.955361436208535,0.9553623108944,0.955365812445657,0.955367681688171,0.955368968595898,0.955371257988836,0.955374383782564,0.955376165891453,0.955377610450382,0.955379141990144,0.955380845412861,0.955383041893528,0.955385585479494,0.955389511812006,0.955393835787082,0.955396009039263,0.955400166225755,0.955401357226553,0.95540516688851,0.955406273535257,0.955407934940764,0.955409724688521,0.955413283406095,0.955414862355994,0.955415136974292,0.955415718231929,0.955418440151927,0.955419647048178,0.955423307365261,0.955425220405783,0.955429624191498,0.955431175798702,0.955437474628049,0.955438772407172,0.95544053451399,0.955441809641731,0.955442428554628,0.955444666620711,0.955445246913818,0.955445957412563,0.955446662161287,0.955449821800906,0.95545443267543,0.9554585457901,0.955460152956156,0.955462297031721,0.955463718014577,0.955465638460684,0.955467002114647,0.955472358315226,0.955474231445447,0.955477370717297,0.955478068475355,0.955478674173075,0.955479753820914,0.955481204220348,0.955483871193377,0.955484591541159,0.955485328984642,0.95548875636699,0.955490791015771,0.955493837775168,0.955494213468603,0.955496049741212,0.955496939218673,0.955498472247772,0.955498873300086,0.955500278631842,0.955501788175754,0.955502340765835,0.955503635590489,0.955507525808129,0.955508013022885,0.9555096582695,0.95551178892166,0.955512049468329,0.955514934355024,0.955516150706664,0.955517869037424,0.955518805237345,0.955524692352115,0.955525660502992,0.955543605932519,0.955545191421011,0.955545884214772,0.955550467737001,0.955554844307864,0.955556004942462,0.955557512597856,0.955558488618727,0.955560462620777,0.95556529655633,0.955568468670755,0.955569457969586,0.955569996806195,0.955571323573431,0.95557289499412,0.955573738960706,0.955576357635266,0.955577849655117,0.95557946681818,0.95558047032723,0.955582968632928,0.955583406014065,0.955584733657586,0.95558495093665,0.95558569985935,0.955586638743288,0.955588137156069,0.955590126538612
0.602229131828565,0.613211738789372,0.614511057625293,0.637231567081606,0.638537412048554,0.649172885071889,0.653570490647696,0.712278525847513,0.719183344093491,0.726279991810173,0.732706249995527,0.733033933974876,0.73517340971054,0.737766851279262,0.777732544689983,0.815208869776977,0.850615728002321,0.854826670828787,0.857763811736065,0.875742836668784,0.878150726139675,0.88264221519225,0.888370109175936,0.894718332474691,0.901347253305325,0.903620801127054,0.905713461550377,0.907742670369471,0.908849637338877,0.910078182942897,0.910801492839056,0.912454531746124,0.915039795003683,0.917155211897712,0.918767178302174,0.919733241138737,0.920705991013317,0.931713163427093,0.932925929296977,0.934422075240025,0.935546872068783,0.937203184578447,0.938294428597956,0.939419595427467,0.940745831883975,0.94172876547197,0.942372906291705,0.943092669511657,0.945273055174379,0.945948332577691,0.946574347787747,0.947096088049445,0.947458112289786,0.948824579808068,0.949260583890868,0.950096599203009,0.950533147142797,0.950923766120262,0.951474673807355,0.951583678813074,0.951726214985892,0.951952061293217,0.952335349571846,0.952722924899512,0.953168290080708,0.953652371917004,0.954099768908792,0.954772196171538,0.955116315395613,0.955203051507504,0.955781928198735,0.955943221463646,0.956222265674196,0.956441540077491,0.956705209791456,0.95680523980641,0.957408520534279,0.957536481230844,0.957698914930353,0.957810565758118,0.958102726230392,0.95818544764445,0.958340545312709,0.958416462985119,0.958564635732024,0.95863764259111,0.958682156890205,0.958746723971504,0.958813402308083,0.958918164642274,0.958984999090794,0.959060101339373,0.959231029060193,0.959350574184089,0.959412497409836,0.959478908127822,0.959572162139017,0.959745313889562,0.959790639910567,0.959962985078721,0.960054565476558,0.960129429399721,0.960213846034883,0.960383704815886,0.960415362280901,0.960450346118944,0.960506420023543,0.960531286461256,0.960594190668528,0.960656438792022,0.960681166384009,0.960743455683281,0.960788375774396,0.960847958665139,0.960884502028006,0.960931156861023,0.961018219746023,0.961062667497083,0.961116809244884,0.961654791658356,0.961721736294327,0.961769033504188,0.961791755811748,0.961815038494637,0.961840096081257,0.961878302612103,0.961947691898181,0.962023148533058,0.962034753701081,0.96205922964957,0.96207374222157,0.962119108066583,0.962136397084631,0.962160485219718,0.962179653311478,0.962184146095624,0.962233712344899,0.962268023351225,0.96229551166356,0.962356459659111,0.962370988390434,0.962425840626585,0.962472364479413,0.962520742745204,0.962562121086436,0.962605625081072,0.962648431200662,0.962667271991582,0.96269534036453,0.962733735498674,0.962769679787842,0.962789450218882,0.96280616774172,0.962812579372579,0.962844280857066,0.962895287815735,0.962922075420874,0.962939009975464,0.962960979220538,0.962971052191224,0.962984278025694,0.96301706103696,0.963036497862626,0.963057546351547,0.963194273456382,0.963217683457478,0.963224401839166,0.963246675998512,0.963284197225601,0.963294103635863,0.963302170728249,0.963338317868471,0.96335245390316,0.96336767150276,0.963383589760906,0.963440488825914,0.96347121864203,0.963488907484247,0.963533065255925,0.963537053148712,0.963556731364492,0.963591519295303,0.963604530469257,0.963622331850398,0.963631989093103,0.963675537814583,0.9637269362503,0.963739141782633,0.963758310763961,0.963783189321606,0.963801280455601,0.963806782179609,0.963823894107131,0.963836910065474,0.963843515984779,0.963852514026732,0.963876719113705,0.963899603570978,0.963924609104756,0.963933940134763,0.963941543483122,0.963959161682828,0.963966286816161,0.964006533466036,0.964014934304171,0.964021314104751,0.964028623717871,0.964036199739738,0.964060378117128,0.964063658826785,0.964075749263849,0.96408202005771,0.964090709269739,0.964105189567328,0.964111091876185,0.964123975810152,0.964127983953504,0.964132181813271,0.964139021143053,0.964152505018017,0.964160771062171,0.964165242143141,0.964175155722792,0.964178530439761,0.964187303570667,0.964188164157965,0.96419433543062,0.964200717795447,0.96421404300053,0.964225664912901,0.964228824014656,0.964230569304266,0.964231940688203,0.96423623980108,0.96424290671493,0.964248387472701,0.964254338803241,0.96426217602013,0.964270461933104,0.964276838362999,0.964294458778478,0.964299363211658,0.964309984173278,0.964325401818495,0.96433389939473,0.964339037075362,0.9643394627316,0.964342202373929,0.964344409184369,0.96435117738435,0.964351899494707,0.964354945167368,0.964360914703098,0.964391642929461,0.964396397183685,0.964402175066921,0.964409311746925,0.964422236371323,0.964429666271595,0.964444440680205,0.96446514177028,0.964465879384962,0.96447113910103,0.964480734303393,0.964494047577829,0.964497971694551,0.964505129255534,0.964512860969504,0.964517909388117,0.964529343752883,0.964535307893947,0.964552676832067,0.964554136208019,0.964560336624387,0.964570761973593,0.964577807013134,0.964584417824304,0.964588151518779,0.964590291207594,0.964600271189306,0.964603311394314,0.964608072293602,0.964618280473716,0.964628947206887,0.964649202168812,0.964662534177653,0.96466626791603,0.964671795653252,0.964675047809605,0.96468405463931,0.964703280114515,0.964707739728427,0.964720635405161,0.964730033975682,0.964739431214683,0.96474241810978,0.964744776000393,0.964751855043394,0.964757700820042,0.964765116225789,0.964771074023371,0.964778004075692,0.964780115224141,0.964790317291932,0.964796828478892,0.964803676770679,0.964805324153966,0.9648146580122,0.964821316355333,0.964826067423889,0.964830727800182,0.96488541464218,0.964893531664775,0.964896606696535,0.96490535017315,0.964914539223468,0.964917447051408,0.964918251373585,0.964919610029703,0.964922129218809,0.964925448455581,0.964929162042068,0.964932641706676,0.964938473094891,0.964946063413289,0.964947820846522,0.964950552720999,0.964956872607866,0.964958505838394,0.96496095653096,0.964967145742911,0.964969556324397,0.964970853507027,0.964971515040532,0.964978595429532,0.964982360641649,0.964987548877258,0.964991380727764,0.964993985626787,0.964999778500888,0.965002503649605,0.965006788217117,0.965015152294563,0.965018452207701,0.965026295286535,0.965029404133609,0.965036537232771,0.96503711885804,0.965044181791857,0.965045323926725,0.965047444864863,0.965051771253274,0.9650530798457,0.965055490152315,0.965059999127673,0.965073255251335,0.965075333196787,0.965078215674315,0.965078966128729,0.965085451153085,0.965090736814462,0.965098279577154,0.9651013960158,0.96510269737755,0.965103556543632,0.965109614783406,0.965110756250873,0.965112679945135,0.965115540732468,0.965122016792195,0.965131216454579,0.96513354252167,0.965136013669258,0.965136920123884,0.965141392531983,0.9651607119255,0.965162132004909,0.965166127146928,0.965171960844708,0.965175867723566,0.965180018346471,0.965182840736866,0.965187778005402,0.965190700006668,0.965197797802436,0.965199375753699,0.965203250407639,0.965204819412837,0.965208560486646,0.965215754590953,0.965219216193009,0.965222766726722,0.965228996563301,0.965230881953898,0.965233727658154,0.965240412656486,0.965242093524182,0.965247705518738,0.965252556855897,0.9652559568763,0.965257418578435,0.965260503370555,0.965261958064867,0.96526780742469,0.965269689608392,0.965272344467956,0.965273838037061,0.965276409469969,0.965280581540882,0.965285101790029,0.965287041620871,0.965288918949176,0.965297620831863,0.965300659710069,0.965304297931021,0.965310198400138,0.965314529920157,0.965316270204711,0.965324267621342,0.965327983222206,0.965332172903879,0.965334397022228,0.965337631681227,0.965340457448795,0.965342485715845,0.965423176173541,0.965426385189653,0.965429970219823,0.965433664114991,0.96543567605491,0.965436430682336,0.965443972714157,0.965444105186519,0.965446527151876,0.965447860667894,0.965451862302342,0.965452774915494,0.96546138319584,0.965461936477136,0.965464068261732,0.965464976454205,0.965466811324363,0.965469445686265,0.965473493529104,0.965477020505352,0.965479419000949,0.965480090663897,0.965481393268099,0.965487434490113,0.965489824071782,0.965491465832267,0.965492803811061,0.965495105565254,0.965495215493393,0.965497200178447,0.965500412014813,0.965502989312542,0.965503698964479,0.965511424860938,0.965512092840817,0.965514836715482,0.96551795488445,0.965524577031683,0.965530134733087,0.965530820258796,0.965531819144782,0.965534271825282,0.965535689332974,0.965536156369516,0.965536615610989,0.965541707885021,0.965543220459735,0.965547487505629,0.965547670540607,0.965549762452175,0.965552171615894,0.96555426746404,0.965557036104891,0.965566907547336,0.965570007346359,0.96557428596081,0.96557698611137,0.965580227509016,0.965582530120811,0.965587218740755,0.965590038626414,0.965593060039078,0.965596660749191,0.965600850556392,0.965602006129831,0.965604692515344,0.965605742810476,0.965606316759183,0.96560748786107,0.965607650694379,0.965608563593237,0.965611514644749,0.965617733842602,0.965618940362354,0.965619393340578
0.459768585584359,0.626603155582378,0.638226909962613,0.665589186625834,0.683738607624101,0.687857084551403,0.705593157977761,0.729396559824791,0.740893921492505,0.741915349695278,0.755428045661304,0.771678049421745,0.774333547582487,0.80553524470905,0.816468086800372,0.82035038621814,0.830836412293012,0.834273549539079,0.846375265396074,0.851362553651108,0.85459908701112,0.858032085185196,0.862178879302349,0.875268824112682,0.882008608241555,0.88565436783875,0.887773819813967,0.890657191257351,0.893160721985499,0.895813227098297,0.897420950091124,0.898361773470236,0.899256053632206,0.901604502268872,0.902034804918716,0.903773930331313,0.905842568953565,0.906268101181025,0.907418860993156,0.908074726517475,0.908849184423152,0.909994462041199,0.911094134923589,0.911537870113753,0.912601094377623,0.912747969463255,0.913379653368985,0.913746083667804,0.915761685739542,0.920567708881201,0.921551279908562,0.922222429710308,0.922500346934034,0.922887110733641,0.923381503834435,0.924256703961447,0.924791062990004,0.925187608739126,0.926979859446639,0.92735975247003,0.92772263670273,0.928570719225239,0.928694876072574,0.929280303604223,0.930475207405635,0.930709495395495,0.930923911722849,0.930987896207227,0.931176767663999,0.931936817090038,0.932193237762181,0.932339743452031,0.932593710703338,0.93276902460499,0.933039091024963,0.933104007158257,0.933276964434983,0.933388159372195,0.933638406669378,0.933993981563962,0.934115735367667,0.934213113244152,0.934375615012681,0.934549756408103,0.934691781849367,0.934885715266007,0.935015376958062,0.935245831032028,0.93529846070327,0.935511266803005,0.93575215551107,0.93753949151115,0.937591520279619,0.93761723351063,0.937728808220948,0.937959056362209,0.938108388104524,0.938147554003031,0.938267784716579,0.938306372990092,0.938355984636755,0.938406665426745,0.938480288077867,0.93853442818131,0.938585947143311,0.93861820533575,0.938672212358803,0.938737799174151,0.938786745251052,0.93881270340384,0.938857732368416,0.938880406935566,0.938917674759923,0.93894480069164,0.939008722128907,0.939023648858024,0.939085605469803,0.939108776692332,0.939137788671712,0.939159862571959,0.939193943025524,0.939251729028363,0.939303625855825,0.939338406827157,0.939541689381994,0.939565751617907,0.93959643558335,0.939662414671876,0.939682558861004,0.939982746936968,0.940021149554759,0.940067427175982,0.94029422001206,0.940347501141628,0.940362700626454,0.940377403569003,0.940576817546357,0.940591073891563,0.940719006084609,0.940751411548102,0.940762122982488,0.941559833262147,0.941579864730879,0.941595929546006,0.94160443719771,0.941624763974454,0.941657634265491,0.941686303425405,0.941715088572571,0.942030101918195,0.942046207647699,0.942057075694806,0.942072101170408,0.942095283529024,0.942106081474955,0.942128839538985,0.942153475157416,0.942161105377588,0.942182467421163,0.942201337506084,0.942213414091981,0.942225637859906,0.942239096120917,0.942245189030715,0.94224705588917,0.942263058577731,0.942293656496395,0.94230234828088,0.942315766372333,0.942326445154021,0.942332343131,0.942341389105327,0.942347996281106,0.942352578028615,0.942359423356379,0.942366242848608,0.942374201073223,0.94239291487384,0.942413701794255,0.942437055511568,0.942445228086844,0.942454286038852,0.942459633209107,0.942479461924953,0.94249668263464,0.942507234354994,0.942524379680839,0.942530963027653,0.942565704721292,0.942592281839387,0.942601926048411,0.942607720578298,0.942616906167943,0.942619509391435,0.942630440187703,0.942640020497336,0.942652214885264,0.942660961171387,0.942665313850708,0.942680792240831,0.9427212616797,0.942730777011257,0.94273493291189,0.942740145469426,0.942748368854225,0.942766511887681,0.942792146596817,0.942805333075209,0.942816458206514,0.942841318127246,0.942854830009235,0.942856357079176,0.942864321085805,0.942878874337924,0.94289080166492,0.942906560422724,0.942918089506398,0.942921343402213,0.942924369844057,0.94297456434715,0.942980444413491,0.942985149099152,0.942997842978907,0.942999473145958,0.943001392723564,0.943013548176877,0.94301641351448,0.943018589332851,0.943025479059447,0.943030061426116,0.94304281900008,0.943053482188957,0.943064701553523,0.943067229706228,0.943079772812254,0.943082337917939,0.943085476171537,0.943088307544788,0.943093048573415,0.943101123804672,0.943113754951627,0.943124914671771,0.943131509473176,0.943136122685871,0.943137954621902,0.943142637278713,0.943144935853438,0.943152788712698,0.943156667516758,0.943162434115628,0.943165582445332,0.943167324881592,0.943169032334127,0.943181828049889,0.943188390915508,0.943193670970595,0.94319893538215,0.943203199252548,0.943204809448649,0.943208018482938,0.943216628621206,0.943224941566372,0.943226202228376,0.943227634136603,0.943227883846139,0.943228026805737,0.943236888635989,0.943243163281572,0.943250636079634,0.943252515327706,0.943264949499292,0.943269529678604,0.94328144153359,0.943288889716762,0.943293350562572,0.943298437712065,0.943310401828486,0.943312028535,0.943316630208875,0.943317420959238,0.943321197032997,0.943323573181657,0.943327688285391,0.943330798427664,0.943334799904589,0.943337872010926,0.943341784264433,0.943346794998006,0.943353775201067,0.943354050583733,0.94335972114342,0.943362207229041,0.943362978171272,0.94336755046451,0.943375403193368,0.943378705833854,0.943383509657078,0.943384453135036,0.943387025722014,0.943389782522618,0.943397772076063,0.943404308720406,0.943408236709471,0.943411099289179,0.943414854139184,0.9434164500199,0.943422934330786,0.943427536899351,0.943441760932446,0.943452801831662,0.943453119776812,0.943456853835854,0.943460426248777,0.94346225531265,0.943464405395437,0.943470226265506,0.943475515789424,0.943482127930563,0.943483148387266,0.943484690181755,0.94348861481181,0.943491437772336,0.943493078838443,0.943497407063691,0.943498649075258,0.943499837561181,0.943501195150809,0.943501735746771,0.943503713030837,0.943506666182999,0.943508845981688,0.943516001154782,0.943519387945154,0.943521989342704,0.943526975291816,0.943527587536934,0.943528861190084,0.943533666024661,0.943535852684288,0.943538645137464,0.943549872970516,0.943550279859148,0.943553200809772,0.943556866494951,0.943558794402157,0.9435604995855,0.943565191513606,0.943569720296762,0.943581791712226,0.943588353134392,0.943591006376874,0.94359538491446,0.943600892580987,0.943603598690119,0.943607026466272,0.943607404681265,0.943608153905502,0.9436109280676,0.943612785517573,0.943614236810612,0.943614434397126,0.943616545883255,0.943617281339891,0.943619213730283,0.943620464939069,0.943623050128726,0.943623265475866,0.94362442791699,0.943627618047434,0.943629306509236,0.943634033301694,0.943639224362915,0.943640492886791,0.943641021437823,0.943641611821745,0.943647965669215,0.943650837772581,0.943651606618448,0.94365240953212,0.943652663557859,0.943655116960495,0.943656905681108,0.943659542069152,0.943660529251613,0.943661446079926,0.94366437801276,0.943667658152153,0.943671713931313,0.943674086694631,0.943675778574171,0.943678107244991,0.943678587401531,0.943679664896065,0.943682268858521,0.943687872730664,0.943695477525371,0.943698654692211,0.943700927956242,0.943701192039866,0.943703205356065,0.943705799694038,0.943708475505557,0.943712672460716,0.943714433771858,0.94371671580994,0.943717905687069,0.943721700832584,0.943723295499885,0.94373128824647,0.943734246399798,0.943735677679246,0.943735859414662,0.943741238637483,0.943743734604843,0.943745263256172,0.943748383070646,0.943749535712529,0.943751167141857,0.943751232639821,0.943752791306602,0.943754473686379,0.94375677538582,0.943759561699826,0.94376196564866,0.943763557973078,0.943771668614009,0.943772817438506,0.943780479709426,0.943780940739675,0.943782846635215,0.943783750466052,0.943785328774655,0.943786224383977,0.943791137481772,0.943792577638235,0.943794764391503,0.943795988521692,0.943797315003631,0.943802605657754,0.943803050449636,0.943803801751825,0.943807933325299,0.943808557546633,0.943809122083395,0.94381013057948,0.943811737200872,0.943812073044821,0.943814100059461,0.943817425998302,0.943821617161559,0.943822714171642,0.943823109036672,0.943827089419846,0.943830893167123,0.943836704315625,0.943840843947339,0.943842563135198,0.943846478971514,0.943852674471662,0.943854251126201,0.943856655491297,0.943861457498054,0.943864043875269,0.943867312659583,0.943870301052325,0.94387146248016,0.943873999408001,0.943875432636354,0.943881197514207,0.943881892770376,0.943884186414323,0.943884442920867,0.943885266025536,0.943890385578737,0.943892507009684,0.943895182443078,0.943895393268216,0.943901461815707,0.943903467909883,0.943904326913493,0.943905796844688,0.943908132552838,0.943910569102521,0.943912159153111,0.94391448853216,0.943918428047298,0.943920490962346,0.943922626268191,0.943926278042388,0.943928030628195,0.943932805153705,0.943934732931281,0.943934869979858,0.943936936931984,0.943939097636429,0.943941774953703,0.943942775353945,0.943944380377237,0.943945030120704,0.943946093065532
0.474848649087044,0.568762257724208,0.584206047021395,0.623031130628578,0.627813440861232,0.63676986166301,0.650866814511403,0.668211101280929,0.759945177480272,0.780573329116772,0.783915548100412,0.803594007854524,0.809180871909368,0.812376925645567,0.821705310407802,0.828654664493856,0.837813803613966,0.862036009576861,0.864220632151474,0.871922655107173,0.877178441825135,0.882322063329268,0.888784673378617,0.891379403517877,0.901954032259706,0.904632298966942,0.906707587081768,0.9105682548229,0.913598804359418,0.915437486265329,0.921576532005312,0.923959102871857,0.926146308971822,0.927679372357486,0.929745880065157,0.932372145323139,0.933062942403677,0.934664294921777,0.936036917434421,0.939180495830179,0.941147793397949,0.94162697339228,0.943580097313112,0.944130775913973,0.944588320716687,0.944999188691188,0.946796206591036,0.947427944559957,0.948706140369939,0.950136559481098,0.951124766198689,0.951461185904354,0.953318752766397,0.95408399417109,0.954919008329774,0.957316009969488,0.959047496791618,0.959477819054075,0.95986395988994,0.960853007589626,0.961826979100453,0.962953837249891,0.964306914755641,0.964829109791427,0.965434872714863,0.966368523606506,0.967023588804505,0.967315586717332,0.969624060330524,0.970006546117855,0.970771549263322,0.972019632484335,0.972570237130547,0.972840321078166,0.973929991663121,0.974092366339284,0.975326241446745,0.975491557235817,0.97671093658572,0.977779953802286,0.978509734617013,0.979064316605101,0.979497256909017,0.979949394377694,0.980163749623639,0.980262016701682,0.980528772289808,0.980711309101464,0.980859080599509,0.981015784109505,0.981368571574328,0.981761319895849,0.981898284084308,0.981963213031459,0.982064733904303,0.982219142526394,0.982316919668762,0.982430823667896,0.982514028329041,0.982637380554468,0.982705571859928,0.982814366581117,0.982893406373491,0.983045981866826,0.983137587241469,0.983220081245008,0.983268770174886,0.983350626335996,0.983468816952578,0.983499197817315,0.983546625437177,0.983569526111911,0.983622225802499,0.983672590010493,0.983735142978796,0.983766282580771,0.983812316171535,0.983865931754955,0.984009534166737,0.98459996807939,0.984661464496368,0.984700176824042,0.984768497401037,0.984817337574642,0.984856475472257,0.98489182793539,0.985101194082399,0.985124636161746,0.985182761851828,0.985196657036494,0.985231813505024,0.985258290382735,0.985273668066241,0.985333281017066,0.985352679389673,0.985395458979983,0.985674670233864,0.985685694404137,0.985713612129943,0.985754806078382,0.98578909500738,0.98584135173288,0.985857366910042,0.985874486282761,0.985910811354853,0.985941610355945,0.98598802646398,0.986155057074198,0.986185471081831,0.986204100581628,0.986222784707149,0.986252017295799,0.986286741298798,0.986302564612452,0.986325131526382,0.986382766454152,0.986406350920479,0.986427906708998,0.98645286128046,0.986460591938312,0.986651490988953,0.986726755630272,0.986818653574129,0.986840549265499,0.986855390687821,0.986885545375951,0.986912814834413,0.986936771208579,0.986948722520311,0.98698624335121,0.987003947778754,0.987011776756493,0.987031558778025,0.987045323945705,0.987059140824402,0.987074637847553,0.987083516108519,0.987114971663121,0.987134024059083,0.987143170872373,0.987155614701826,0.987183043752642,0.987199571007303,0.987212798262194,0.987229663738019,0.987239876474649,0.987246804469162,0.987253454357701,0.987270984776803,0.987285615688205,0.987312307200862,0.987316713777543,0.987344478305472,0.987355941205952,0.987374453480399,0.987381354600444,0.987402303670608,0.9874094899271,0.98742341634317,0.987424956730705,0.987438156763693,0.987460054727479,0.987484795087208,0.98750918593196,0.987522024906102,0.987533490003208,0.987544264987367,0.987552889780331,0.987560144977771,0.987586696057834,0.98760709946403,0.987616324485894,0.987633109980395,0.9878286952382,0.98784408837747,0.987849354281689,0.987869966584243,0.98787691332008,0.987897156038911,0.987923238749422,0.987937879302127,0.987955353904559,0.988010084420131,0.988028459368747,0.988041829324023,0.988047728867846,0.98806104624164,0.988067812193688,0.98807457476237,0.988080256473305,0.988091997963192,0.988100876764226,0.988118097857309,0.988124320463116,0.988134897772113,0.988141560517226,0.988146713628033,0.988152754639363,0.988163582601561,0.98817357764922,0.988183663580763,0.988190344978812,0.988200085517958,0.988205517060474,0.988210995830055,0.988228172010254,0.988234326457404,0.988237027563843,0.988249367265743,0.988256764532398,0.988259915254144,0.988272761147107,0.988279346422794,0.988295455562783,0.988301072298013,0.98831984282883,0.988329582257327,0.988338024174517,0.988341066016355,0.988350571944575,0.988365713586912,0.988373750106398,0.988459166383137,0.988463685263397,0.988472952428129,0.988478409839895,0.988480420363163,0.988480778640772,0.988491321171701,0.988495404898261,0.988503524495205,0.988517449294649,0.988520569480505,0.98852853552468,0.988535534434054,0.988545367078145,0.988560251075322,0.988565637056954,0.988569490992923,0.988578281263886,0.988586531167372,0.988595743918928,0.988601163096171,0.988610557091291,0.98862718353182,0.988629359080221,0.988634517861426,0.988640795216434,0.988645878997031,0.988652972078394,0.9886590208123,0.988666955621607,0.988671839765481,0.988687230125638,0.988691066616018,0.988696772409775,0.988698619224685,0.988704236381564,0.98871556829104,0.988718459690327,0.988726163827947,0.988733932546797,0.988738356396972,0.988752732795372,0.988754414011756,0.988760102394728,0.988770575229798,0.988781544067428,0.988784959685878,0.988787089112665,0.988802954023263,0.988811387229998,0.988815732538215,0.988820886765137,0.988827063676311,0.988829917199138,0.9888303802705,0.988835584727492,0.988848285002759,0.988853481539625,0.988862198176689,0.988866563193003,0.988871918329818,0.988880325922083,0.988884211232661,0.988888399002381,0.988897535441674,0.988904235815897,0.988908142335131,0.988915183099816,0.988924132233556,0.98892829973817,0.988931996209658,0.988935644336566,0.98894390386894,0.988949207204716,0.988953644204494,0.988954632057555,0.988957932073163,0.988965141389992,0.988965646639718,0.988971237861919,0.988976828371995,0.9889797588485,0.988982780277257,0.988984552846351,0.988985437282553,0.98899173530714,0.988995661279606,0.988999791628346,0.98900389135423,0.989005518602047,0.989014259894632,0.989015461537636,0.98901728043163,0.989018137766102,0.989019530190853,0.989022833704311,0.989026322513252,0.989027377567004,0.989029796506221,0.98903147760124,0.989034371995741,0.989037047481273,0.989039940271021,0.989042759336631,0.989045385963279,0.989048311181886,0.989049310029001,0.989055912912506,0.989058536732826,0.989062616121982,0.989066403945588,0.98906942745332,0.989070269587591,0.989072737577857,0.989077742248195,0.989078197021014,0.98908186438544,0.989082850797066,0.989088714919027,0.98909160473089,0.989093637672692,0.989096948826727,0.98910182849377,0.989103793892035,0.989104159278233,0.989106537028624,0.989108473136025,0.989109650209017,0.98911386426984,0.98912007903647,0.989122148159532,0.989124746296326,0.989127509987797,0.989128967298627,0.989132389442297,0.989134248066344,0.98913829372038,0.98914019223757,0.989140741301751,0.989147721310793,0.989151742561886,0.989155377155473,0.989156499783745,0.989157771595867,0.989162039108148,0.989165427722466,0.989167273754157,0.98916764531623,0.989174322648657,0.989182419025511,0.989183602984472,0.989185721408723,0.989189234281166,0.989191851722098,0.989192483730572,0.989194720462697,0.989198538542182,0.989198677911502,0.989200272843592,0.989201349870411,0.989204295989432,0.98920575225563,0.989208463573832,0.989212035616093,0.989212437906305,0.989213950871454,0.989221692504868,0.989224979809769,0.989228726519859,0.989229201021081,0.989236699040166,0.989237819774712,0.989242101597504,0.989244846238514,0.989246861173996,0.989248222568929,0.989251178856136,0.989254357544997,0.989257461704345,0.989261416700406,0.989265058188304,0.989267408592022,0.989267839093133,0.989268720960452,0.989269750555103,0.98927467325911,0.989278728754717,0.989281445580248,0.989284932402899,0.989289691080042,0.989292253418512,0.989293547704593,0.989295768368004,0.989300015793016,0.989303403028018,0.989307516818162,0.989311175355532,0.989317035450007,0.989319746548207,0.989321743519228,0.989325482898555,0.989327588176946,0.989328308823872,0.989331754024047,0.989335102987324,0.989335834368257,0.98933968365148,0.98934204461329,0.989344176499427,0.989345690398252,0.989348012570743,0.989350380674971,0.989352875352306,0.989356957099044,0.989359767668363,0.989361679655692,0.989362690202391,0.989364841945139,0.989369002810533,0.989369751101275,0.989371474545786,0.989373470146177,0.989374469898959,0.989376736841469,0.989378473591057,0.989382672655883,0.98938804797555,0.98938837113015,0.989389732561173,0.989393934550878,0.989394981738786,0.989396962203673,0.989399150972578,0.989402515357881,0.989406550042406,0.989409048563858,0.989410192087864,0.989410293434187
0.582426770775697,0.634655300785272,0.643188825464333,0.69879066978421,0.713900283167004,0.715778410639434,0.756130094898025,0.75832425840252,0.76023650044023,0.766806923856569,0.771650005824186,0.785205883495251,0.806758367317279,0.81010189348085,0.819889670106025,0.822289118655325,0.827742495027734,0.835222359147724,0.838564339270656,0.846750359581015,0.852874954106171,0.861462934345089,0.869623836084137,0.872124476366212,0.876754007885492,0.878390137185566,0.88002185809874,0.884506038390769,0.887775625152172,0.890605740722845,0.893427184103602,0.89497866620251,0.895958491873886,0.897698309215205,0.905811193566858,0.908006408629918,0.909977478996082,0.911807996667137,0.914308134060182,0.914998855870732,0.916576427136872,0.919815431586071,0.921946200524793,0.925760852969916,0.92886384483881,0.930235441204013,0.931931130670905,0.938807315627147,0.939653534538009,0.942971973992003,0.943951342163023,0.944537086347424,0.945432584376421,0.946157003618367,0.946794651394785,0.947479265614885,0.947938801781811,0.94849729930168,0.949127530827822,0.949496610045845,0.950329559948515,0.950455701847934,0.950671985146257,0.951651421268908,0.951884284174754,0.952089514103376,0.952268511501807,0.952972995288124,0.953219016097119,0.953410337483595,0.953912031603568,0.954004371440508,0.954044683948929,0.954126260255352,0.954236592420101,0.954329231756738,0.954497483958048,0.954543841309015,0.954779550276033,0.955022485846166,0.955252917911935,0.955367819830356,0.955458504422604,0.955516256291327,0.955590962119658,0.955661763849578,0.955739326569079,0.955815372685212,0.955894428713383,0.955973177582182,0.956064093564344,0.956130574475057,0.956254496972319,0.956323844370267,0.956414105612339,0.95647354200426,0.956545704687776,0.956605995860983,0.956717245199523,0.956785499156201,0.956838888320349,0.956883263561886,0.956959017117288,0.957007074177473,0.957060063703741,0.957249265492398,0.957303311161792,0.957409092043336,0.957438605168157,0.957479795218455,0.957527385301759,0.957582309042612,0.957609476997531,0.957693650531972,0.957717479894516,0.957738854491874,0.957811463870732,0.957864515444856,0.957906757050857,0.957964087222411,0.95802300937646,0.958047307239799,0.958078670391295,0.958111334604686,0.958152075547882,0.958159097158402,0.958207630042976,0.958243139059392,0.958251675683585,0.958267539492735,0.958283669668962,0.958293726170918,0.958323550153505,0.958359041845898,0.958368386879611,0.958383129832486,0.958407613862074,0.958446598389546,0.958465278437773,0.958487625219924,0.958528267915889,0.958569412191405,0.958595806812662,0.9586520616543,0.958692207966198,0.958713522927497,0.958749742554926,0.958763426851851,0.958794065729064,0.95881159231972,0.958827445955918,0.958837032558996,0.958876324862683,0.958891496181744,0.958922264109097,0.958938928827432,0.958976681243132,0.958991488074231,0.959011416190585,0.959025643956586,0.959048972837043,0.959062848169407,0.959087426571051,0.959097404754883,0.959116280284715,0.959129669471728,0.959141319956317,0.959157609485863,0.959174670575742,0.959201217639612,0.959207638827562,0.959217555590704,0.959239883446575,0.959269730030222,0.959280970654186,0.959294138406555,0.959304364869862,0.959428006954047,0.959441325204823,0.959448869411273,0.959468283765392,0.95948060734775,0.959508000780615,0.959528652290172,0.959542123418492,0.959562700728389,0.959570551964685,0.959582811634637,0.959594828132651,0.959615678508942,0.959631090086856,0.959633872410979,0.959643744018728,0.959653885061032,0.959659826627515,0.959693928633111,0.959698430928248,0.959718762603066,0.959739853796306,0.95974991012436,0.959767408019612,0.95978539782576,0.959804047694565,0.959812091170306,0.959825926574944,0.95984024540142,0.959847481807735,0.95985511326532,0.959862634729086,0.959877981293312,0.959882935417863,0.959896544382042,0.959911301496653,0.959923088669792,0.959926990522089,0.959937028433821,0.959955733147338,0.959980884768784,0.959991050154898,0.960042749345072,0.960049699384164,0.960059792378536,0.960082068386325,0.960088916335343,0.960101741952555,0.960102611217418,0.960113325139145,0.960124510207567,0.960128893083334,0.960144417946654,0.960156998383473,0.960164623302564,0.960189376578544,0.960202601500275,0.960218361235755,0.960224859861121,0.960242573852165,0.960252819300611,0.960260827305171,0.960270279551113,0.960273734642412,0.960287959477682,0.960297875694206,0.960307816433503,0.960313401066127,0.960321226088335,0.960326040105638,0.960339318519853,0.960351110723654,0.960357685116873,0.960360875245271,0.960370240669457,0.960375655712497,0.960385331204106,0.960395199868697,0.960397528630906,0.960426002689917,0.960435532063875,0.96044440195882,0.960447162720487,0.960453634872936,0.960455955482851,0.960458490522237,0.960465809865821,0.960472599371233,0.960480368466376,0.960483111824693,0.960492787543492,0.960508598668156,0.960515721734329,0.960525219902561,0.960547405106232,0.96055494990602,0.960559666652206,0.960567882305424,0.960573724863791,0.960580355451463,0.960624686670636,0.960632054650165,0.960638902361121,0.96064341056317,0.960648488613612,0.960661073874292,0.960668402540835,0.960672898943918,0.96068493684677,0.960690653014235,0.960695830641923,0.960699323309397,0.960711601185595,0.960716348985621,0.960725835570094,0.96072846097981,0.960752782797622,0.960760657482703,0.960768953917626,0.96077231250934,0.9607790886204,0.960787886539978,0.960799828906839,0.960803381552718,0.960810693768173,0.960817026414079,0.960821206643255,0.96082751453928,0.9608304723291,0.960837418415836,0.960838528705537,0.960846771114404,0.960850643853512,0.960857616859232,0.960863752129019,0.960870122351925,0.960875283741789,0.960880025957552,0.960887683473568,0.960895086985576,0.960898523474747,0.960904382024496,0.960908948980708,0.960911928307854,0.960914996044772,0.96091601389909,0.960919110473036,0.960922573465963,0.960927855264795,0.960929983398261,0.960934188110862,0.960937450618488,0.960944889901824,0.96094954565107,0.960955587660955,0.960959000318273,0.960961129223829,0.960962714784223,0.960971738717324,0.960973582564151,0.96097755620137,0.960979778351519,0.960983505556673,0.960987215341994,0.960991816159069,0.960996772528372,0.960998265622469,0.960999619005081,0.961007019683019,0.961007956567353,0.961016974420484,0.961018921426604,0.961023821012292,0.961028327510299,0.961032018825007,0.961035184399487,0.961041825314863,0.961043234496296,0.96104730150596,0.961052719601734,0.961054242486952,0.961056062419468,0.961057677596534,0.961062072949819,0.961064959126088,0.961065706053578,0.961067519989594,0.961072352584705,0.961077460756016,0.96108205346407,0.961085043703362,0.96108681016085,0.961088757887966,0.961093651775204,0.961098051118322,0.961100572377663,0.96110198055223,0.961104181812453,0.961108092304371,0.961110081423675,0.961113708935922,0.9611161773853,0.961118241895745,0.96112351483863,0.96112749131424,0.961129126812778,0.96113103663517,0.961132146236978,0.961134130492716,0.961135576179809,0.961138412558998,0.961140287405524,0.961145277068108,0.961145378994781,0.961147821473699,0.961149596246672,0.961152410001638,0.961155710400689,0.961158796350356,0.961161469836343,0.961174461932423,0.961177719060014,0.961181752217356,0.961185226577945,0.961187403954112,0.96118819861945,0.961197592865173,0.961198082381181,0.961199695130873,0.96120086744775,0.961201733800355,0.961203176172549,0.961205008244104,0.961206753814251,0.961209394635348,0.961214265724137,0.961218125828446,0.961222954377269,0.961229418117574,0.961229998741568,0.961232257122325,0.96123416555201,0.961236178171218,0.961242122163551,0.961245200337911,0.96124706467688,0.961249523480511,0.961252751059194,0.961256530031304,0.96125755893704,0.961258975852583,0.961261898398363,0.961266754749548,0.961268402827037,0.961270131426001,0.961274704533393,0.961279135337594,0.961283210938311,0.961285686681225,0.961287754980539,0.961289703974463,0.961290504634324,0.961296694722856,0.961298245539618,0.961298773870038,0.961301120122734,0.9613032118245,0.96130581517261,0.961310054672962,0.961313620772724,0.961316367779306,0.961317058754145,0.961317648363401,0.961319490186654,0.961321594443367,0.961322669154042,0.961324609910646,0.96132575551478,0.961328585474842,0.961331522035904,0.961331949992086,0.961333035624576,0.961336361876513,0.961339307546676,0.961342465404217,0.961344526839615,0.96134620011233,0.961347432544855,0.961349143579233,0.961351999460346,0.961353036751508,0.9613538363693,0.961355531944142,0.961356607791138,0.961358166788295,0.961360293622945,0.961365771916248,0.961368044724102,0.961369613486984,0.961370977938387,0.961371757246637,0.961372514855468,0.961374593986601,0.961375849736965,0.961377007518774,0.961381209041864,0.961384344132056,0.961385946736828,0.961387588195367,0.96138872672345,0.961389619267718,0.961391237699119,0.961392501049689,0.961394746449113,0.961395398183153,0.961396134137531,0.961397404367356,0.961400496996676,0.961402841075576,0.961405876786813,0.96140767943151,0.961409683416969,0.961411594901139
0.505857991367043,0.513016549349814,0.54617781523127,0.576344034018581,0.580360905692096,0.605307708533996,0.672537683986831,0.68211576883881,0.696126447818208,0.702592249581407,0.727465803386639,0.733885402274436,0.738701430181352,0.801418460395274,0.81325071521274,0.814196738193982,0.827012970485089,0.840713661232297,0.851045698816511,0.854879585837415,0.857477894323061,0.861273377116105,0.87171093914639,0.876806375005076,0.886261615095113,0.88788280210883,0.892274630605277,0.894699402291195,0.898506864134949,0.899430920339046,0.901226547007684,0.905930207260729,0.908574610554395,0.910499590857556,0.912166847733946,0.913610219034884,0.916710083866323,0.918384351555534,0.920665615249336,0.922697205516311,0.924972936960136,0.930762141397639,0.932271739934176,0.933765762832387,0.934116048496487,0.934380351790625,0.935395240348453,0.936191936862365,0.937142067833526,0.937542367113723,0.938572436397622,0.938821940908809,0.940046006829899,0.94051028162218,0.940755513614323,0.940979467429015,0.941320884485298,0.941370418360096,0.941527718885882,0.941772647519668,0.94225945036776,0.943148597344031,0.943387013497238,0.943551518193751,0.944002085920823,0.944162898360811,0.944326861700332,0.94459835705602,0.944741207735669,0.944858595788852,0.944893556419477,0.945580433533633,0.945636492810205,0.945682601675528,0.945764389872478,0.946856370290216,0.946934781081747,0.947035663943169,0.947112201361479,0.94720100722447,0.947262444898717,0.947501654906076,0.947718192673471,0.947795317459229,0.947922778021474,0.948120392931621,0.948255165953206,0.948625683351548,0.948680647359068,0.948769850346034,0.94882417663193,0.949274024831009,0.949319736625991,0.949404448964112,0.949431978817618,0.949466506044321,0.949507662129091,0.949590874330519,0.949837761395264,0.949905084154703,0.949962119180283,0.950294835608127,0.95052053428285,0.950582833776313,0.950672316181315,0.950684738566276,0.951204487206629,0.95128178836247,0.95131677575609,0.951376867046038,0.951458410371355,0.951521908633432,0.951541127560034,0.951559959309603,0.951586139520178,0.951598654541713,0.951633923842443,0.951658154798874,0.951699880071441,0.95173302340693,0.952031741709983,0.952086303316242,0.952114619928727,0.952130019369022,0.952153018390132,0.952290011757229,0.952302492532202,0.952317534297343,0.952373525523961,0.952382140107374,0.952411632218949,0.952451238139844,0.952482287564865,0.952495697217827,0.952525229106607,0.952543882091372,0.952567676251426,0.952585395232878,0.952609397110986,0.952640402883725,0.952657756216989,0.952681234963245,0.952709854089314,0.952842172526203,0.952926376270796,0.952956506517875,0.953023707428807,0.953032471052092,0.9530653801125,0.953067872462353,0.95310079473641,0.953109778448797,0.953125086823132,0.953137639964648,0.953172530259339,0.953372252075526,0.953391312402399,0.953403992230517,0.953414261731524,0.953439406230912,0.953452057218679,0.953471912330884,0.953486074170526,0.953508765225635,0.953530636357683,0.953556081978137,0.953575625145911,0.953681466666856,0.953709408070009,0.953727009899711,0.953750320527625,0.953763820483216,0.953769853844656,0.953789827185277,0.953793948467789,0.95384642432934,0.953852438816877,0.953873368344138,0.953882649989669,0.953889976569331,0.953904923385281,0.953921041176417,0.953929627160215,0.953948579006059,0.953959312118699,0.953967067325876,0.953981034193272,0.954046969017716,0.954059387077577,0.954071087075015,0.954094598959938,0.954120416138105,0.954146308214535,0.954187133158898,0.954196083654755,0.954199545858286,0.954207971056312,0.954217667509878,0.954226322625752,0.954238163109247,0.95424738329697,0.954256914861355,0.954266504080624,0.954272403198184,0.95427883683345,0.954303111463497,0.954319127373047,0.954331846884241,0.954340647492269,0.954353482319144,0.954361322598481,0.954367865391472,0.954374542508437,0.954378473290545,0.954388188361802,0.954399889477368,0.95441223273147,0.954427906365077,0.954433647767835,0.954437395839121,0.954455351239621,0.954458141818605,0.954471636549788,0.954480337971347,0.954488760681031,0.954498367831492,0.954503139032804,0.954506736580658,0.954534171877747,0.954539892415557,0.95454332720483,0.954547988655213,0.954555337623172,0.954563072738038,0.954569385885197,0.95457278538684,0.954577317075484,0.954643277861822,0.954652944110676,0.954658589337751,0.954666898110843,0.95466817568675,0.954674208499709,0.954679139822301,0.954683236568272,0.954687611762929,0.954689780469632,0.954693833551989,0.954702711011007,0.954704342679561,0.954716119905661,0.954726910800122,0.954730565206098,0.954734222803041,0.954737144655815,0.954744913260461,0.954754894926436,0.954767149417306,0.954774737619208,0.954782873923622,0.954785383779965,0.954787953729183,0.954793911830903,0.9548036900283,0.954804825305202,0.954809602308207,0.954817947500746,0.954819131455939,0.954821214227078,0.954824982222058,0.954828125369135,0.954828779900024,0.954830652230828,0.95483832674048,0.954842193652371,0.954843421963723,0.95485381564911,0.954855490531717,0.954859622025903,0.954861932868818,0.954862978303139,0.954868507216265,0.954874171903009,0.954876569848726,0.954878858818516,0.954883137233259,0.954884536547159,0.95488974723024,0.954891617166996,0.954894535608814,0.954898467411021,0.954903073804536,0.954907669151968,0.954910774287343,0.954913657441152,0.954915419658882,0.95492613003218,0.954931703050102,0.95493481377934,0.95493870484862,0.954949927531019,0.954954468890822,0.954957453546166,0.954957916013113,0.95496198231854,0.954967425961313,0.954969596473258,0.954972736538603,0.954975031517288,0.954978132351014,0.954981191210365,0.954983607429964,0.954985139056016,0.95498981893997,0.954992217308779,0.954993955091878,0.954995764750105,0.955000414002086,0.955001270087244,0.955005116441241,0.955008894809266,0.955010973023967,0.955011554796563,0.955012104762424,0.955014349239163,0.955015527696957,0.95501927567397,0.955021016869114,0.955023215938976,0.955024029589444,0.955026222340233,0.9550264116363,0.955027959924541,0.955029794945953,0.955031517668215,0.955033838992658,0.955036254667961,0.955036998604259,0.955038846888568,0.955040704256931,0.955042890512942,0.955044656861032,0.955047231875761,0.955050073246405,0.955054105348473,0.955056393176258,0.955059042893934,0.95505976259186,0.955062331790872,0.955064276509232,0.955069844335405,0.955073797870175,0.955076762036288,0.955078608011809,0.95507956467839,0.955082084762737,0.955083614568189,0.95508611121411,0.955087567956802,0.955090284499497,0.95509198980088,0.955098017026714,0.955101161712889,0.955103965852953,0.955104951696694,0.955109071951822,0.955111222451689,0.955113849292802,0.955124871972594,0.955129094425465,0.955130254949958,0.955134891014654,0.955138640214047,0.955140171967262,0.955142399029906,0.955144232736443,0.955148532744873,0.955151310520658,0.955153880080459,0.955153899492036,0.955156295967197,0.955157576170605,0.95515858965376,0.955158941864946,0.95515931039316,0.95516466048331,0.955165778858432,0.955166435068012,0.955167654813758,0.955172605683116,0.955177288615335,0.955178473086402,0.955180945109401,0.955290291696148,0.955291170053873,0.955292372474824,0.955294026819221,0.955298035566057,0.955300640562083,0.955302788915861,0.955304416447432,0.955306485655222,0.955306906041269,0.955308636152089,0.955312376322532,0.955314146449538,0.955315607668368,0.955317567784988,0.95531934141476,0.95532213225849,0.955323810779977,0.955324868734222,0.955327048212628,0.955327623389371,0.955331011803175,0.95533567090177,0.955338471400868,0.955341036163272,0.955342117436285,0.955344674607539,0.955345829588254,0.955345839265779,0.955346193492824,0.955348270982565,0.955349045650173,0.955349219909963,0.955349603979486,0.955349614738827,0.955350136967296,0.955352754639916,0.955354364798557,0.955355868925295,0.955356320447392,0.955357148893065,0.955357437171528,0.955358564329898,0.955360373462199,0.95536357079103,0.955364185628462,0.955365092087679,0.955365391662494,0.95536577764553,0.955366054073483,0.955367553242986,0.955369933242381,0.955370915394982,0.955371208382864,0.955374414883437,0.955378925784452,0.955380805719994,0.955382158360521,0.955383756201558,0.955385661575159,0.955389003472686,0.955392178723308,0.955393133910913,0.955396296134584,0.955396846984879,0.955398839010922,0.955400195363975,0.955401959571972,0.95540412693811,0.955408801560654,0.955412780167535,0.955415052355757,0.955417977664207,0.955419120284766,0.955420746743747,0.955423476387175,0.955425920274118,0.955428223245211,0.955428369428822,0.955429858707472,0.955430640230583,0.955431619650911,0.955432805678003,0.955433977225459,0.955434035731632,0.955436523221001,0.955438845112157,0.955439322109094,0.955442197171879,0.95544265553723,0.95544277596397,0.955444144104948,0.955446805183371,0.955448361945163,0.95545142029357,0.955452624222668,0.955453280174752,0.955456714136271,0.955458674770855,0.955458795363195,0.955459078940381,0.955460858583279,0.955461660935044,0.955462480124955,0.955463482871103,0.95546540858904,0.95546644617637
0.476397842460317,0.55266807081495,0.567626370827615,0.578720353497898,0.609576286149542,0.632043610205466,0.642155667652739,0.653984940875331,0.660578392710205,0.661679186367015,0.665154862334098,0.687623233589275,0.698144489535364,0.703343544313563,0.705471572727911,0.733130553382288,0.765504045239494,0.766768120492124,0.775463106263017,0.798999696680404,0.799682870538523,0.834121696212432,0.838894673649253,0.840774436700697,0.843104732055263,0.868946452572453,0.871458924343815,0.882620136233494,0.895844766910697,0.907974359339835,0.910063012758228,0.911928696957062,0.914744025794561,0.922732125768148,0.927678336387114,0.928468933032637,0.929162408672233,0.931747104128494,0.933429860191319,0.93749685663057,0.939489039498462,0.940288432035,0.943456570125931,0.945355465772259,0.946875061517427,0.948568090043742,0.951073406155237,0.951283038633431,0.953094878916551,0.955187205459124,0.956225634476221,0.956776174843551,0.958504772212737,0.960202536940586,0.96148562166299,0.962846308819703,0.963859513073272,0.96450268474055,0.966052876605995,0.967792515827736,0.96913927255088,0.970032198238255,0.970312186959797,0.970808009225256,0.971178891157938,0.97222660330681,0.972625765229116,0.972956062265686,0.973309902643103,0.973659228546175,0.973955438838015,0.97420724650868,0.974480403015984,0.974892712406553,0.976170783186016,0.976604528102686,0.97673432353395,0.976992393297246,0.977287783849745,0.977518835313514,0.977777956214296,0.977895164022274,0.978224986994056,0.978352485014296,0.978516713438374,0.97872261938747,0.979123767107283,0.979431507882352,0.979604731941609,0.979734157840268,0.979825928158937,0.979906459764197,0.980001403237626,0.98017875401231,0.980397143352294,0.980772223423093,0.980880162574557,0.980982940721272,0.981099168214127,0.981350916659013,0.981828510220014,0.981884059757702,0.981986398922815,0.98209033015199,0.982111494233127,0.982371907238308,0.982869911361128,0.98303964229721,0.983164664846749,0.983217210192029,0.983260037717448,0.983322379622851,0.983531154692999,0.98358458860868,0.983608804850267,0.98368654420408,0.983797656087179,0.983849512319871,0.983948707422284,0.984003777543981,0.984054830383016,0.984102512542332,0.984127390723426,0.984182958797695,0.984272577095228,0.984356574189026,0.984387277064784,0.984434402872499,0.984499511809012,0.984557902708631,0.984619771455658,0.984657809502527,0.984674317360198,0.984692639619814,0.984720834804505,0.985029768528915,0.985074341358906,0.985146617429919,0.985185453687162,0.985229924179101,0.985269772415521,0.985310676722539,0.985394303179027,0.985419927428999,0.985449552362457,0.985469331616046,0.985496625585343,0.985519590887187,0.985579960036799,0.985611498601303,0.985653234778327,0.985692621748858,0.98571298683484,0.985737401511433,0.985750570843109,0.985780872461073,0.985794272534545,0.985822622098651,0.98584332580155,0.985850889184706,0.985868536143221,0.985894694081542,0.985928247034504,0.985956124687605,0.985993503896253,0.986040846640179,0.986139567797176,0.986155260160152,0.986169478771485,0.986200285695105,0.986215607968104,0.986258949300892,0.98627331778954,0.986284555151099,0.986314542746023,0.986339918958171,0.986371130419196,0.98637872187812,0.986387879753453,0.98641039267265,0.986451884235478,0.986456009569375,0.986471194329069,0.986547292537776,0.986559701633813,0.986603696526136,0.986614333160639,0.986681965949523,0.986705494095172,0.986718990641324,0.986772771792286,0.986834080777786,0.986843970330692,0.986868233369544,0.986884536654862,0.986903058200455,0.986921051918461,0.986955413667359,0.986967012821464,0.986977594842541,0.986986055420499,0.987009169172707,0.987018691925584,0.987045125634424,0.987069920039861,0.987106744123963,0.987118960929123,0.987137434200983,0.987146863897335,0.987164211734558,0.987180973025148,0.987210786707535,0.987242044058312,0.987250760659994,0.987287251527008,0.987300811600025,0.987307608936233,0.987324919645183,0.987361610232223,0.987374967711188,0.987387728750818,0.987398194646886,0.98743984759469,0.987455192518799,0.987480719101005,0.987498511404729,0.987508510899379,0.98753025875739,0.987539066459374,0.987558133405412,0.98756947099203,0.987582306253274,0.987588806121089,0.987609095862627,0.987619550326125,0.987625355900511,0.987651768352898,0.987669948103656,0.987676802460787,0.987696577314302,0.987704247674019,0.987705204056592,0.987709582971924,0.987716405216743,0.98772094820416,0.987738852361628,0.987756907174021,0.98776935285578,0.987782655117844,0.987798056307736,0.987808349361714,0.98781209004763,0.98782927206811,0.987838067729111,0.9878442223026,0.987849198079465,0.987853535518122,0.987860345448343,0.987871149272253,0.987879861610374,0.987909096882565,0.987918465383523,0.987925943786647,0.987930371826664,0.987933792871936,0.987939494181817,0.987945897043985,0.987969510223743,0.987978336419744,0.987991401021108,0.988001945889952,0.988010973648502,0.988021204012154,0.988024238378209,0.988030274166604,0.988032970943133,0.988038276553722,0.988041710242349,0.988049814502859,0.988059643054331,0.988076795735565,0.9880810003766,0.988091344779623,0.988112635759917,0.988123317470973,0.988132714389136,0.988136498643973,0.988139093333982,0.988141063697404,0.988143907602169,0.988152851628928,0.988155556441379,0.988170311775312,0.988176798396768,0.988184521448895,0.988189377237059,0.988204766128708,0.98821332126271,0.988221172692741,0.988231848492359,0.988232563361053,0.988247940311372,0.988254699251437,0.988266287132474,0.988271922333698,0.988273561157914,0.988288912023566,0.988293505608482,0.988299958088474,0.988308801186687,0.988311039390433,0.988317801756619,0.988324958916823,0.988332569153368,0.98834844020586,0.988353715265884,0.988365461077176,0.988369115973321,0.988372280531482,0.98837694257351,0.988382632824244,0.98838455229444,0.988404135436275,0.988408681305473,0.988412422436747,0.988412904619069,0.988417142568337,0.988420325432426,0.988421744100456,0.988425869118501,0.988437172522508,0.988440371991808,0.98844720227668,0.988452036888509,0.988455360883663,0.988459346435022,0.988464105058681,0.988467305897864,0.988471186787902,0.988474441560981,0.988479595638282,0.988483589185458,0.988486399501462,0.988491098279338,0.988498509044226,0.988501320780504,0.988503759006218,0.988509342203921,0.988511132116742,0.988519402353066,0.988521608468175,0.988523050999508,0.988530728527436,0.988536600208461,0.988541637249939,0.988544515394504,0.988548628516169,0.988551996191331,0.988553527178079,0.988554692055709,0.988556235982714,0.98855830665968,0.988560688446967,0.988564074762636,0.988570453545722,0.988572605077981,0.988575776034157,0.988577013358295,0.988579794445276,0.988580512339414,0.988580979927392,0.988583663845334,0.988587772978509,0.988589740088122,0.988595721009875,0.988606050903631,0.988606261964166,0.988612791489228,0.988616173085978,0.988617410057857,0.988619862992556,0.988622542871423,0.988623911510363,0.98862718297698,0.988632546955109,0.988641253017373,0.988644354712015,0.988650049347547,0.988651996826858,0.988653806310192,0.988658553864454,0.988659732669156,0.988663967168857,0.988671037405058,0.988674669180655,0.988681967603862,0.988686325716363,0.988691041797569,0.988691818126168,0.988698315817678,0.988700311779745,0.988703361495013,0.98870475337999,0.988712189633245,0.988717346387236,0.988723566124169,0.988725060320564,0.988728573500931,0.98873327767416,0.988740743015814,0.988742055861477,0.988743650896885,0.988743739362995,0.988747052790042,0.988749530991784,0.988752181772553,0.988752651441167,0.988754965095588,0.988756403929895,0.988759396726974,0.988761408932841,0.988768059215533,0.988772766388274,0.988773890500508,0.988776826837416,0.988778874963703,0.988780628218342,0.988782427429704,0.988789428241704,0.98879677763482,0.988800988129697,0.988802953296998,0.988806858035657,0.988812289228308,0.988814059497692,0.988817766212279,0.988818212875098,0.988820454378651,0.988822128914742,0.988825336170926,0.98882909882981,0.988832103762292,0.988834942952622,0.988835412458651,0.988836537585346,0.988839958126098,0.988845949800872,0.98885028631712,0.988854092851429,0.988858108292737,0.988859151107932,0.988864347434844,0.988866111790551,0.988866906601296,0.98886774166175,0.988870261851172,0.988872715829756,0.98887396817744,0.988875613087279,0.988880072573535,0.988881687747258,0.988883873440143,0.988887492280686,0.988892237147261,0.988895494537424,0.988899740455087,0.988901679152451,0.988903412228323,0.988905900322571,0.988911562897057,0.988914786577275,0.988915706816281,0.988918265010718,0.988918871311673,0.988920860695953,0.988924398909016,0.988929622591961,0.988931166977227,0.988934263707976,0.988935890912599,0.988946443670124,0.988950557834099,0.988951415062154,0.988954563533261,0.9889575665144,0.988963406883585,0.988964532128237,0.988965000680026,0.988966143944886,0.988969921676079,0.988971181871064,0.988974326595182,0.988975745534311,0.988976955900585,0.988981054817225,0.988994580704771,0.988997679956891,0.989000394341635,0.989031805751531,0.989034017423939
0.476567767010841,0.547761986328248,0.553034867524266,0.562988425073219,0.585217107585585,0.59690631013407,0.616813463111249,0.667537642359922,0.669842040568954,0.675522487571676,0.709613577109286,0.712896629857974,0.732655168580388,0.733300338233669,0.738949590225125,0.742270265091341,0.77100150614099,0.773543286757073,0.788165268438983,0.794155387762094,0.807470530047192,0.814467731453579,0.827689206735382,0.828785470803252,0.830380009512997,0.861904148953652,0.863351077138351,0.866301336153244,0.875096308641027,0.885811503334724,0.89138979148265,0.89706048560162,0.905296773210048,0.907850138059979,0.913447575687899,0.917473830680972,0.925436912495581,0.927493719981857,0.92970383064815,0.93455944783634,0.937070334790174,0.939884834253278,0.941333800811392,0.942785109156972,0.94561844098115,0.946410509368227,0.947659752182447,0.949406853685438,0.950669456254159,0.951934191809106,0.952488627940782,0.954949682640343,0.95559253569546,0.957544034648509,0.959670446863947,0.960460932187918,0.961646725121459,0.962176571641379,0.963962156598902,0.964305325362302,0.965780084141261,0.966437608410546,0.967326574070035,0.968405065511583,0.969192180139793,0.969569723502324,0.970373266175179,0.970817659046013,0.971393361364423,0.972264162411754,0.972469675157003,0.972896048817,0.973469171323194,0.973737821967639,0.974168771916602,0.97464516020125,0.975113149079145,0.975838645820555,0.976347185009036,0.976893312397114,0.977062426208586,0.977317529624333,0.977676901222086,0.977759767035905,0.977865924661606,0.977991458601197,0.978346905951563,0.97847911536198,0.978844986523567,0.979100609901771,0.979322997279377,0.979443773991262,0.979599897359167,0.979879982839034,0.979921976897775,0.979964332613889,0.980076631752316,0.980204621167572,0.980308414584525,0.980451327262545,0.98059451779905,0.980690905594132,0.980789929047197,0.980832519019873,0.980973423969175,0.981063433717264,0.981143225552866,0.981180050014091,0.981224741447267,0.981323405386896,0.981401082505893,0.981514167894392,0.981526805284509,0.981555740669027,0.981664553056139,0.98178653151639,0.981852587832626,0.981926262357754,0.981963942097037,0.982018914767168,0.982071500117017,0.982130159461163,0.982165403039299,0.982193339767169,0.982229233257477,0.982251946679687,0.982287277311325,0.982338126865176,0.982370048563377,0.982425966619449,0.982473075230372,0.982482760958089,0.982536895190477,0.982631137069134,0.982651276439187,0.982710160317065,0.982747976675524,0.982806158386671,0.982828019122819,0.982868383051893,0.982885360104203,0.982936776197843,0.982975733085446,0.983017190811076,0.983046340166773,0.983082227505669,0.983099959990198,0.983188088373326,0.983238483049556,0.983301642203594,0.983320334748265,0.98336511515969,0.98338478845323,0.983413138777126,0.983439359534162,0.983459792751454,0.983493098606297,0.983562298408872,0.983604350101796,0.983625522384466,0.983674152060054,0.983684182623836,0.983710555145044,0.98374390938182,0.983767991646812,0.983789142585688,0.983802759370276,0.983846836360432,0.983882955130885,0.983897724058445,0.983921991498776,0.983956164380702,0.983999038812571,0.984031423534049,0.984049179207749,0.98406628085092,0.984101380498224,0.984124277457318,0.984150361280179,0.984179803370973,0.984197103058464,0.984207148804835,0.984219540213568,0.984242181454622,0.984260306630952,0.984281581317051,0.984293032087127,0.984309667171341,0.98434626171073,0.984351728828787,0.984365118871212,0.984406880299866,0.984417240209534,0.984433299108439,0.98444605866997,0.984462181387655,0.984473727820013,0.984486056632945,0.984488423832718,0.984505033528817,0.98452859619747,0.984550570693903,0.984582959284232,0.984598426156142,0.984626761663517,0.984646125405336,0.984649561667637,0.984654586590445,0.984660405381519,0.984672980123451,0.98469153631536,0.984697211734816,0.984715609873149,0.984724969181095,0.984737992575593,0.984749259128409,0.984752628395912,0.984761860173771,0.984766794055946,0.984787142689518,0.984790662274088,0.984797256963959,0.984807896235817,0.984824504192571,0.984832701651533,0.98483554987897,0.984845434987537,0.984851470206056,0.984858379082669,0.984867663488013,0.984871507657218,0.984882268936298,0.984889381948649,0.984894839861785,0.984904861545984,0.984908541009956,0.98491910125816,0.984985394874845,0.984991059620838,0.985006507711129,0.985013919565139,0.985017795642287,0.985030072090354,0.985039444407172,0.98504914359653,0.985060822189014,0.985068400473062,0.985076951766499,0.985084900484671,0.985092619062444,0.98510686569002,0.985111751782902,0.985134842822441,0.985142599784411,0.985153238439724,0.985158161050875,0.985174582690868,0.985181976202708,0.985205604612504,0.985207386769295,0.985212983869713,0.985223978933529,0.985233741134879,0.985239216794468,0.985251560349001,0.985255459163308,0.985262569011574,0.985268901756734,0.985278211850819,0.985290195860132,0.985294533129186,0.985309024432274,0.985320651367139,0.985323407642222,0.985338445299394,0.985426473315772,0.98542726896157,0.985437066128259,0.985441881279122,0.985443481716559,0.985450998099697,0.985455809436022,0.985461042047401,0.985464235170837,0.985467439241891,0.985470954660692,0.985477585821532,0.98548629609713,0.985498799056415,0.985516276416174,0.985527124614508,0.985529454906406,0.98553076153567,0.98553860164441,0.9855399848914,0.985550248017127,0.985552556312797,0.985555063195617,0.98556151880493,0.985565360453586,0.985576985022349,0.985582390507629,0.985594098487689,0.985599096443086,0.985603783922703,0.985606292151663,0.985612220684477,0.985621726410028,0.985626476542442,0.985627714976873,0.98563233980569,0.985640994490135,0.985646458742537,0.98565061615425,0.985655211239961,0.985659935667077,0.985661631967696,0.985664468260635,0.985666003506536,0.98567770381367,0.985679595935758,0.985681926052554,0.985684055411025,0.985685617796635,0.985693545914728,0.985695501191306,0.985706069891713,0.985710613967996,0.985716239798556,0.985722570653826,0.98578395025309,0.985788948256743,0.985793875875299,0.985795278842943,0.985799698286223,0.98584444820979,0.985850891998904,0.985859242010964,0.985863106314483,0.985869859782093,0.985874603693399,0.985877846149753,0.985881759759737,0.985886354778641,0.985889598143611,0.985892776129644,0.985899424518784,0.985905744979139,0.985910643306875,0.985914460571982,0.985916817792363,0.985922822371029,0.985925985831245,0.985926466395622,0.985927635508643,0.985932204138852,0.985935702633632,0.985936484018598,0.985942701189961,0.985949474782627,0.985952462120162,0.985955305400866,0.985959601035589,0.985963808594009,0.985967882034615,0.985970056280744,0.985977460490355,0.985979905544279,0.985980468408335,0.985983862351983,0.985987361802392,0.985992245704584,0.98599644784896,0.986001259071735,0.986005421703065,0.986010525544548,0.986011795547546,0.98601214039787,0.986016213158224,0.9860195773007,0.986019815756907,0.986021293986098,0.986041009319595,0.986046272150383,0.986048977365761,0.986055003963051,0.986055698742142,0.986056943707985,0.986058910122305,0.98606544674265,0.986068791738087,0.986069498823376,0.986069528052052,0.986075957763081,0.986078900053187,0.986080379665278,0.986082889212731,0.986084184089773,0.986085734684016,0.98608695616424,0.986094714412296,0.98609776104065,0.986106306603808,0.986110232671379,0.986113214056454,0.986118775858094,0.986124722675178,0.986125558153914,0.986129750449645,0.986130435243899,0.986135015241361,0.986139173943683,0.986140045597034,0.986143208586687,0.986145412285739,0.98614930240553,0.986150341908288,0.986156201552178,0.986158337393247,0.986164251462262,0.986168539425184,0.986169732633546,0.986170567082243,0.98617366921671,0.986175542031188,0.986179205123893,0.986180783149247,0.986186280481271,0.986191794184694,0.986196715027016,0.986199661931503,0.986205836223474,0.986207028969792,0.98620740745823,0.986213199299901,0.986214618253848,0.986215161971265,0.986218383244181,0.986220401965024,0.986222226758492,0.986224873442403,0.986227020005824,0.986228708552413,0.986229871659852,0.986232522934646,0.986233858638442,0.986235998712249,0.98623780035327,0.98623981295683,0.986244212032159,0.986249642647559,0.986252026043503,0.986253218559485,0.986254661380199,0.986260605647287,0.986264238699946,0.9862666206008,0.986268345342446,0.986272092963153,0.986273734413124,0.986276697367442,0.986278667050424,0.986283792334894,0.986286338561393,0.986289956414015,0.986291001172708,0.986296362488963,0.986300827669947,0.986331085343535,0.986333505055969,0.98633427468311,0.986334701735806,0.986335748791755,0.986337191810493,0.98634004357227,0.986345214357105,0.98634870908955,0.986350232730918,0.986350631214367,0.986351855292209,0.98635483431631,0.986355783941197,0.986361840483146,0.986363630901068,0.986364018812977,0.986367974669263,0.986369614553888,0.986372609364804,0.98637471895056,0.986376493017981,0.986379523596475,0.98638220317827,0.986384094601576,0.986385918714257,0.986387035385295,0.986387291398895,0.98638958160296,0.986396119154587,0.98639858304766,0.986399787304042
0.408491283468805,0.52246047615559,0.547737516192774,0.572750930393172,0.667852007585173,0.686959555469204,0.727123811796984,0.731565700789339,0.753300930265767,0.795250818551405,0.802178456895497,0.814122535110708,0.824566625955332,0.825771408006478,0.830598112844425,0.833964538341467,0.847985655118578,0.861287255277145,0.867615140720779,0.88039359679739,0.882575016194012,0.888713011810931,0.903401633392874,0.906724334193544,0.90905089837235,0.912209338366918,0.913919310784191,0.916990537866487,0.923334297573953,0.928035638404852,0.931930373741684,0.933487097201225,0.941257424929008,0.942592226254114,0.944424062558024,0.946486709201337,0.947800659788454,0.950542657445946,0.952576118486846,0.953175395213529,0.953849623425969,0.955112073136246,0.955700162282484,0.956107900880607,0.957088048340628,0.957509009761555,0.958357688736193,0.958858776319778,0.959323536205298,0.959531972372786,0.95990033037095,0.961149891784965,0.961606829035976,0.962051964783946,0.96256428197012,0.963122076494093,0.96351143819809,0.96408076734817,0.964300539760432,0.964456896372319,0.964585946950012,0.964799549266767,0.964964342396511,0.965156427612916,0.965451765242349,0.965679118875662,0.965861360816774,0.966059327387074,0.966173649710987,0.966391754815954,0.966741519943497,0.966937638293375,0.967004971139782,0.967390386356806,0.96750094840392,0.967888988989094,0.968121448103868,0.968385033866652,0.968433867712398,0.968656161601237,0.968824069266719,0.96902085846109,0.969065028786255,0.969167721871002,0.969238213255812,0.969329646274669,0.969375930299658,0.969460326570228,0.969678485680181,0.969777578231706,0.969926189428221,0.969966022849711,0.970030541318114,0.970287260892424,0.970331625156644,0.970381083419954,0.97044399524838,0.970546354695296,0.970813445186441,0.970867922404431,0.970942808201437,0.970964564992303,0.971007847648066,0.971069981366059,0.971159488284709,0.971236448466587,0.971310567816951,0.971477584512617,0.971748396748874,0.971951896175431,0.972041261268838,0.972072912047725,0.972134490032763,0.972216093576822,0.972250135746293,0.972299573897589,0.972403265952751,0.972480976790859,0.972524288235554,0.972584001432266,0.97263946305344,0.972770472192434,0.972825412277908,0.972898669889162,0.972912141326401,0.972956629939701,0.972974645284641,0.973042702246387,0.974320278969011,0.974362954098584,0.974403915785704,0.974467321123696,0.974503403840697,0.974532699833206,0.974555307029002,0.97463525264229,0.974672926601049,0.97468016678725,0.9747150857494,0.974740273644049,0.974771670292262,0.974819924510191,0.97484151063646,0.974853324881615,0.974865113686661,0.974901030526992,0.97492645615392,0.97494022918155,0.974964200557804,0.974976702198526,0.975008434405784,0.975096594513298,0.975110735001017,0.975151917773185,0.975182659298208,0.97519779279842,0.975217709203636,0.975222027520219,0.975233129898274,0.975433129900707,0.975458902897329,0.975492936443308,0.975497207894576,0.975509669532755,0.975537597803878,0.97556887183157,0.975588266999579,0.975609620058246,0.975684418434922,0.975710211833491,0.975731797394475,0.975739748594434,0.97576082072996,0.975777695761823,0.975800959150626,0.975809378947587,0.975819939326302,0.975836416800823,0.975846906644235,0.975854224848229,0.975872871686544,0.975881235253168,0.975904588818435,0.975915838509644,0.975932380892914,0.975944938245979,0.975956480726625,0.97605617496733,0.976068740264464,0.976114912094232,0.976134825345529,0.976144737663056,0.976156647926769,0.976328188743812,0.976351233562479,0.976357732166838,0.976374476294845,0.976390381796665,0.97640227177184,0.97641295635042,0.976414897107042,0.976429788001893,0.976437396194135,0.976445733190923,0.97645975532282,0.97649171725371,0.976498843466428,0.976504809365848,0.976519697026662,0.976532451956304,0.976544474896854,0.976564975384322,0.976571316031006,0.976580234888955,0.976585780635558,0.97659691152434,0.976607942058212,0.976614719688531,0.976621270694543,0.976623020251812,0.976638478752124,0.976654442524301,0.976660655295668,0.976666276974169,0.976674149475485,0.976678518349561,0.976682221482203,0.976694351228046,0.9766986438813,0.976703264337022,0.976713952717318,0.976726631398468,0.976731983312352,0.976735901072667,0.97673707310735,0.97674069515447,0.976895705262555,0.976897356276019,0.976912409932596,0.976916507145816,0.976929783586167,0.97693384541772,0.976945669831389,0.976951026939047,0.976968789435285,0.976977534049999,0.976984762981215,0.976988821751043,0.976997732961553,0.97700576870825,0.977018003310993,0.977031566893134,0.977038668238206,0.97704634876801,0.977066256976828,0.977079504104174,0.977091518256763,0.97709625191207,0.977099554138064,0.977108865432712,0.977119051910709,0.977125471421963,0.977129961436017,0.977130563392253,0.97713509480305,0.977141407162446,0.977145367664126,0.977156884781693,0.977159137729209,0.977166957212055,0.977172767002106,0.977175071396169,0.977180741427678,0.977182504803688,0.977189937521177,0.977195044649171,0.977203937687829,0.977209789167568,0.977223528146165,0.9772330552249,0.977238655355005,0.977243669737954,0.977245109065583,0.977246800660097,0.977248220810391,0.977258755803701,0.977263760246075,0.977267857224974,0.977275462719874,0.977284908372798,0.977290203182767,0.977301316555365,0.977303386088809,0.977309684417219,0.977312639540076,0.977315587073785,0.977316912590809,0.977323422094238,0.97733161994511,0.977340117539673,0.977348079040544,0.977349479288107,0.977353097732787,0.977354746098617,0.977359932488288,0.977363919925922,0.977368667948181,0.977372728292707,0.977379976261658,0.977381582189715,0.977386315512839,0.977388035755513,0.977389879520647,0.977393943571883,0.977394610119177,0.977410308449492,0.97741771814769,0.977420410104685,0.977424399030192,0.97743316148813,0.977435211571364,0.977436234069514,0.977441583080756,0.977446054957503,0.97745361400085,0.977460510738752,0.977466973384021,0.977476069777462,0.977478467110443,0.977481236363912,0.977483231615381,0.97748638737018,0.97749218415767,0.977513176655104,0.97751724318683,0.977520519255335,0.977523350050797,0.977531122628824,0.977537802622355,0.977554284365436,0.977561996481636,0.977563352497682,0.977580577081544,0.977583359626364,0.977588662512088,0.977591761101233,0.977593910149114,0.977595081883885,0.977601325355697,0.977605761220156,0.977606922534726,0.977614327667219,0.977619227583959,0.977622559687489,0.977624580375527,0.977628868456328,0.977632572261442,0.97763549466584,0.97763755663008,0.977642433324182,0.977645355516463,0.977649180097828,0.977649914288344,0.977664948519747,0.977665912394068,0.977666909539279,0.977669150578726,0.977670540675443,0.977675859994759,0.977679625169332,0.977683803032083,0.977691305656865,0.977692896085643,0.977694083930484,0.977694153927063,0.977694757891575,0.977697238888658,0.977700900336044,0.977701707570309,0.977702776624772,0.9777100002624,0.977711174818858,0.977721209483107,0.977743505935625,0.977746235824652,0.977749278824405,0.977751375284136,0.977753724314097,0.977757938024451,0.977761515005694,0.977765310301767,0.977769363570079,0.977770273578472,0.977774694026179,0.977775139525708,0.977780917118777,0.977785111569473,0.97778578601962,0.977786682481957,0.977792182842308,0.977798368379775,0.977800808204518,0.977801939935458,0.977805825426285,0.977809313424718,0.977816245721042,0.977817462388654,0.977819845442385,0.977820716545358,0.977821483153753,0.977822295525073,0.977825095659792,0.977826512115377,0.977829324033325,0.977830904950466,0.977832492288059,0.977835326254489,0.977838818994505,0.977840647126608,0.977841880948,0.977850839137058,0.977852135090531,0.977855527390522,0.977856734320727,0.977859251952132,0.97786210933308,0.977863459376084,0.977863899590251,0.977865254144546,0.977866964204678,0.977868061179996,0.977870105785752,0.977872582091836,0.977873153729733,0.977874377933335,0.977875637737887,0.977877976586935,0.977878514646095,0.977878741063456,0.97787992460489,0.977880132901006,0.977882855239496,0.977883452675084,0.977883842139091,0.977885971698234,0.977887605903034,0.977891313052326,0.977894363121137,0.977896371572598,0.977896867042141,0.977897932956664,0.977902336905321,0.977904108580515,0.97790597426405,0.977908329073244,0.977913638924728,0.977913908361564,0.977916028010153,0.977917075093403,0.977920312272442,0.977922542352775,0.977922781451558,0.977925504857999,0.977927901422971,0.977929635738114,0.977932294961801,0.977933587087539,0.977934546859688,0.977936418686419,0.977937159810385,0.977937890436102,0.97793927390077,0.977940724763846,0.977943255823183,0.977946453035328,0.977947915515456,0.97794954595366,0.977950373707442,0.977953596839024,0.977958136278161,0.977960932822744,0.977964147089281,0.977965457586958,0.977965861250558,0.977968036751544,0.97796890698355,0.977970806634519,0.977972449817593,0.977974247621595,0.977976749750292,0.97797777655342,0.977981083460482,0.977984577978728,0.977989621620383,0.97799071451831,0.977995210722697,0.977995313865114,0.977995558619241,0.977996142665115,0.977999993078797
0.409218694402243,0.435099109374752,0.446061793813302,0.496808052542247,0.553610882049186,0.613254056802611,0.6285145152055,0.665773173486984,0.672140843586224,0.746253489743743,0.7477756483711,0.761793189741049,0.764942173904434,0.771654609234989,0.80233376167138,0.807145766511475,0.817689145239179,0.828987079210456,0.837645096994062,0.838719904230368,0.848749923290396,0.855303300594918,0.861032775399639,0.866337428248402,0.877663661354237,0.88004912566378,0.889868396252311,0.891691133578068,0.893847806891459,0.89629279407032,0.903898686159281,0.909918673995801,0.912464584206519,0.914018254086222,0.916184900986663,0.92203880552333,0.925124476132808,0.927767647437127,0.929467279704682,0.93105765173838,0.933019065592948,0.934144718100489,0.938703663404199,0.939929301626986,0.940883722217704,0.942295252610572,0.944114169883967,0.94653573343039,0.947282861285889,0.948454366255991,0.949540602344715,0.950139816722615,0.950634354606825,0.951050834071511,0.951716612691671,0.952311844409539,0.952820585729148,0.953566835968637,0.954288309927309,0.954585085758707,0.955069148913632,0.955571108756868,0.955896743779731,0.956157686518912,0.956618827253845,0.956873627359306,0.957168027708135,0.957248251484571,0.95737710560496,0.95765029738511,0.957862203144128,0.958128401405944,0.958357517134008,0.958509359949997,0.958677973300647,0.958770645680473,0.958983742639205,0.959148258856422,0.959298629652665,0.959495017559998,0.95956400870217,0.959689684850724,0.959828391386589,0.959936120881046,0.960018696898438,0.960130947072477,0.960187888491235,0.960249236197967,0.960451219827118,0.960523237918953,0.960599482544533,0.960670613839027,0.96071390360395,0.960836708525504,0.960909026632459,0.960945497875951,0.960997700890869,0.961064324253574,0.961102311132862,0.961195219005031,0.961273451774828,0.961391371501871,0.961449670303543,0.961488357828035,0.961546649882413,0.961606227044945,0.961633656850212,0.961705606145247,0.964421154784255,0.96447406563734,0.964520526754125,0.964540696700617,0.964574524084951,0.964617632445146,0.964728647013708,0.964752837393055,0.964803694107996,0.964848227708955,0.964908108966897,0.964949806523519,0.964980068759625,0.965023552763494,0.96503827359227,0.965073479917288,0.965094722200223,0.965135312745706,0.96517093605586,0.965206612408765,0.965262173543745,0.96527428647912,0.965414473131256,0.965433559237257,0.96544843924062,0.965463222325443,0.965493261554659,0.965524329347384,0.965555020666366,0.965571433793883,0.965589300045913,0.965612781427371,0.965628924397979,0.965647206201595,0.965680589890779,0.965715746525731,0.965744965409073,0.965770724205065,0.965780756202967,0.96582373604048,0.965839904093831,0.965852783468816,0.965874494543569,0.965894880622696,0.965909420353456,0.965929474095847,0.965932457404495,0.965956660284563,0.965982327974144,0.965996354079019,0.966022483990391,0.966044091568302,0.966062121483234,0.96607525420484,0.966109462016538,0.966117202859541,0.966130660730002,0.966138792910536,0.966149865878567,0.966164823721405,0.966174245915059,0.9661941736685,0.966205340702059,0.966224802748333,0.966237889406698,0.966251244465242,0.966263891732013,0.966281507118548,0.96630353029855,0.966319534170343,0.96633278506518,0.966344820489461,0.966354086210707,0.966365974004934,0.966376892225385,0.96637891582503,0.966395877813174,0.96640249131693,0.966410594601017,0.966428667488342,0.966440007383615,0.966446259513579,0.966455026710776,0.966466853560293,0.966472899274204,0.966480800575692,0.966485166762628,0.966485699366342,0.966500626844836,0.966518329202133,0.966519503238855,0.966527013056138,0.966533393167735,0.966538275103204,0.966547192740838,0.966562418802621,0.966567624088636,0.966581963285145,0.96659019444425,0.966598198259511,0.966599610424974,0.966616314605156,0.966628205708496,0.966635763576146,0.966639591030581,0.966643479660772,0.966651892597986,0.966655217451438,0.966667541530081,0.966680388991615,0.966689680378145,0.966709032194065,0.966712083512811,0.96672352945761,0.966730644605245,0.96673460294179,0.96673950877044,0.966747990943692,0.966755389903527,0.966764106973921,0.966771542916991,0.966777159335421,0.966783702499468,0.966790880768361,0.966796615364022,0.966799959096544,0.966810524733802,0.966813855074107,0.966818067388132,0.96682823203478,0.96683415631431,0.966840171833934,0.966842190611328,0.966849079252817,0.966859495812644,0.966863342560452,0.966869296818026,0.966871559718669,0.966880219128978,0.966882367623532,0.966887099505653,0.96689196649681,0.966895849686485,0.966902131651122,0.966903523054699,0.966909323021035,0.966915803113502,0.966920691289685,0.966929360384873,0.96693479734445,0.966936313972527,0.966938896251457,0.966949134194747,0.966956034077635,0.966962455740047,0.966967108503791,0.966972417447276,0.966973812291267,0.966980179261891,0.966985456681962,0.966993437453467,0.966999981136737,0.967004755964263,0.967011416750621,0.967015759480761,0.967022341784657,0.967029654196802,0.967032682401135,0.967037833474849,0.967043079431946,0.967049552922353,0.967052547680077,0.967058272852368,0.967063159055864,0.967072656676441,0.967076662735443,0.967078630967036,0.967083639226317,0.967085511137762,0.967091630415654,0.967093427422851,0.967096918913473,0.967101990793715,0.967109677091556,0.967117753758254,0.967120224160181,0.9671242312668,0.967125171045734,0.967130047336348,0.967134169586864,0.967138493411634,0.967141209043093,0.967146982716303,0.967148997125726,0.967150819520317,0.96715526472753,0.967160445112204,0.967163817079847,0.967166132521888,0.967168182980129,0.967168593007391,0.967170241103048,0.967174853764123,0.967180204629993,0.967183290282994,0.967186832896259,0.967193777201575,0.967202341992022,0.967203096581034,0.967204297023512,0.967210368222651,0.967218519466298,0.967222009858616,0.967225418504993,0.967228096308056,0.967228290084762,0.967230753098019,0.967242216760526,0.967244905076062,0.967245617724991,0.967249900722361,0.967252103138778,0.967253690667327,0.967255615199874,0.967259470150489,0.967259530327122,0.967260912587732,0.96726871974461,0.967274423827548,0.967277606550458,0.967279680087229,0.967282617594031,0.967284551411749,0.967285519048509,0.96728869313982,0.967292277282836,0.967293340369584,0.967295875596774,0.967299733717674,0.967302086140146,0.967308222286322,0.967310744201915,0.967315783086326,0.967318659211614,0.967322958130327,0.967325462026806,0.967325762385319,0.967327987751235,0.967334552103182,0.967337548508262,0.967338062161143,0.967338949089811,0.967339963213435,0.967345597696023,0.967346494609123,0.967349480524932,0.967350727625222,0.967356495168387,0.967360317960753,0.967361305585457,0.967365072130505,0.96736737394064,0.967371518742453,0.967372871001143,0.967376572639477,0.967379078056999,0.967382694705992,0.967385389863641,0.967387268282936,0.967387757169122,0.967392236155117,0.96739434936085,0.967397882183505,0.967403789222305,0.967408196735559,0.967408952028683,0.967412612510777,0.967415544839191,0.967417209532631,0.967419246431478,0.967423998374025,0.967424161035712,0.967424397452293,0.967426643908936,0.96742816959781,0.96743266405401,0.967435087680316,0.967437832162324,0.967439810048604,0.967441060962297,0.967443806509215,0.96744446618047,0.967446098116805,0.96744866687142,0.967450090747779,0.967451059933648,0.967454395572829,0.967456268652761,0.967458905516653,0.967462126243118,0.967463243309447,0.967464446517288,0.967464840346492,0.967465958149838,0.96746725670336,0.96746981550898,0.967472369747014,0.96747735413849,0.967479975855311,0.967481344055316,0.9674820015037,0.967483543124523,0.967485282947234,0.967487188760995,0.967487820027447,0.967489311455325,0.96749228141061,0.967492522015785,0.967501948757235,0.96750322695009,0.967504577051616,0.967506871813784,0.967508476971069,0.967509239621572,0.96751048348879,0.967512509888408,0.967513743099193,0.967515715075189,0.967517171273728,0.967520606224409,0.96752080687481,0.967523692792165,0.967524489224353,0.967524935213815,0.967525162225459,0.967530586886627,0.967535582808124,0.96753638785203,0.96753722919753,0.967539686862867,0.967541421612263,0.967542569541529,0.967544674563485,0.967545140303509,0.967547410295127,0.967548295462094,0.967549445733195,0.967552593082956,0.967553479927669,0.967553868897661,0.967558132196487,0.967559365668578,0.967560284478374,0.967561275460881,0.967563416741263,0.967566047554524,0.967566584232296,0.96756696984606,0.96757010182109,0.967573385519174,0.967573464518071,0.967574596940184,0.967576781504179,0.967580874576296,0.967581523651152,0.967583028351897,0.9675838121731,0.96758649551759,0.96758970530821,0.96759264540095,0.967593373030231,0.967594879467912,0.967595843974771,0.967597534895834,0.96759980939972,0.96760226903739,0.967603086828026,0.967607456599664,0.967609652157779,0.967610722315875,0.967616970763701,0.967617360151622,0.967617717646244,0.967625639093954,0.967626941903394,0.967629219037057,0.967631288405375,0.967632767660869,0.967635098991536,0.967637530395863,0.967637738636036,0.967639416423923
0.445971605372603,0.520298617695092,0.613581677551708,0.615248048815969,0.620172327495118,0.666080490825675,0.678250062000241,0.693436305427548,0.699339743059206,0.760890217466424,0.7907053160354,0.814332315627951,0.826192885505305,0.830020488859609,0.832285688709113,0.838801362012508,0.851746067750693,0.862947359769958,0.871383487187249,0.877806084391114,0.883813071576031,0.886120082875781,0.897965504172924,0.900884576748646,0.908299927334323,0.910972982644985,0.916055878019788,0.918418657013036,0.920722547302321,0.923128076841738,0.925761941969177,0.927799534479185,0.931272390310014,0.933498532046008,0.938627471133591,0.940974901746324,0.943251143469702,0.944988048383177,0.947371788561686,0.948384721386498,0.949941984275891,0.950846242617271,0.951530158879713,0.952402052119873,0.953348568374781,0.955852710207738,0.957303547853059,0.957418845399104,0.958823343595529,0.959774660327909,0.961312037097575,0.961806481029038,0.961993158759056,0.962484744050046,0.963590721667257,0.964011527752686,0.964320476931548,0.964654352334153,0.964925071936006,0.96591360767098,0.966161450300491,0.966325900418606,0.966582789786335,0.967133308037862,0.967798249742693,0.968077613060117,0.968218594939033,0.968609472169248,0.968797373921391,0.968962785266643,0.969302445672293,0.969387663682536,0.969603364503817,0.969770188050851,0.970034202856868,0.970140009920734,0.970321216366718,0.970554395022346,0.970668691534106,0.970789820725294,0.970901888399899,0.971317777696582,0.971419245981015,0.971533515062474,0.971647393384328,0.971804383252946,0.971940791637975,0.972050393076827,0.972237899407093,0.972397556883981,0.972457494780541,0.972559665816804,0.972591518288175,0.972690493652138,0.972719397643865,0.972805620412279,0.972863730955089,0.972981328834779,0.973129961120027,0.973223413701083,0.97325714223205,0.973619264560558,0.973664239927744,0.973763133345872,0.973849678917406,0.973936501796936,0.973990617721141,0.974050118539225,0.974148401907924,0.974213310174875,0.97425301721718,0.974346073868052,0.974420602433195,0.974502260006418,0.97456385493555,0.974614510969087,0.974778296654915,0.97482378731793,0.97488085026554,0.974918096240836,0.974961759111914,0.975008419451557,0.975059457589895,0.975084620625132,0.975127105572675,0.975194034828739,0.975223814759305,0.975840975440737,0.975859797549586,0.975876300232206,0.975922128399396,0.975947693291069,0.975988235400352,0.976037941884055,0.976070937426817,0.976093505962256,0.976194731933119,0.976223790666636,0.976253387059214,0.976602548931465,0.976620521036253,0.976652405657204,0.976680008354373,0.976709855889037,0.976719397839127,0.976763497689393,0.976785529928325,0.976804894283434,0.976830615452045,0.976859054069327,0.976889297917585,0.97692516007506,0.976993781987225,0.977002958127761,0.977022913404939,0.977034764002549,0.977065128656088,0.977089463963764,0.977101275088874,0.977125772109641,0.977736976217529,0.977754509092714,0.977766745128374,0.977774462222987,0.977794001502765,0.977805985109788,0.977822291232938,0.977846357691506,0.977865440763894,0.977892125801528,0.977921595201171,0.977933722032853,0.977959539244314,0.97797175861633,0.97797703096605,0.977987210740974,0.97799665667723,0.978025577635371,0.978043753379124,0.978053777825699,0.978084834989585,0.978097314303644,0.978102183837739,0.978116024604471,0.978136769737728,0.978147646159102,0.978219480907807,0.978226469274446,0.978248656469883,0.978275275864062,0.978282704336006,0.978306300080931,0.978310459335343,0.978315800778777,0.978326249003493,0.978344959267506,0.978502076722008,0.978517475914584,0.978532945126604,0.978561819303334,0.978573775802649,0.978586298942004,0.978602313952047,0.978619615448392,0.978624841148819,0.978631134078272,0.978634238742226,0.978643808591054,0.978656720166414,0.978677954582354,0.978682875513946,0.978715958200525,0.978725131294101,0.978736166464962,0.978748007637364,0.978761282080282,0.978828185098794,0.978839274827213,0.978846134166583,0.978851453263494,0.978854013449275,0.978860990336238,0.978867490078829,0.978898321401761,0.978908180949908,0.978918940733935,0.978928841214566,0.978935101754079,0.978948345353385,0.978959231331676,0.978967006514548,0.978976913935266,0.978982838787986,0.978992478244766,0.978995079529656,0.979000580493803,0.979010520923276,0.979016819048112,0.979028393503823,0.979031129049578,0.979031701593928,0.979039320894684,0.97905486841661,0.979069448065716,0.979075894216483,0.979081801898785,0.979086697817889,0.979088300316199,0.979096712487279,0.979105704761937,0.979109900811504,0.979117432568481,0.979121787135296,0.979128827652099,0.979148292680331,0.979154157857625,0.979165649297902,0.979169060199869,0.979174448627865,0.979180576875052,0.979183349251172,0.97918747285823,0.979189725426986,0.979193719580493,0.979196257380055,0.97920606246598,0.979207367221118,0.979209485138046,0.979230897828399,0.979238772849419,0.979243943548537,0.979248965065655,0.979265335099426,0.979268087479149,0.979270049602503,0.979278308106764,0.979285513411762,0.979288143617583,0.979290453028059,0.979296215038989,0.979297612258512,0.979304153965997,0.979306845117915,0.979310377272415,0.979312068880269,0.979317984200578,0.97932121643569,0.979326456146516,0.979333488187588,0.979338833794866,0.979342028878559,0.979348072418749,0.979358124079681,0.979365625196214,0.979372794772769,0.979374167247855,0.979374859574788,0.979378445123193,0.979381098403976,0.979381902943414,0.979385669596864,0.979393014530593,0.979400824487228,0.979406028005778,0.979413853001237,0.979416999946047,0.979419620900357,0.979421820705814,0.979425789017032,0.979430104055064,0.979435369421508,0.979438335803643,0.979445607203635,0.979449258186333,0.979451572436144,0.979454634474773,0.979456951873572,0.979459979651887,0.97946282915072,0.979465929172191,0.979467159313725,0.979472502301919,0.979476014876722,0.979482312230744,0.979487225930622,0.979491847940375,0.979493843305157,0.979496953167784,0.979497637023714,0.979498177579746,0.97950361133134,0.979509753591936,0.97951342539192,0.979516462761536,0.979521491886946,0.979525883992668,0.979530851277605,0.979535013017401,0.97953710776777,0.979546600322544,0.979548751957644,0.979551413632564,0.979555812940289,0.979556338283987,0.979560549472036,0.979564092335043,0.979566187210932,0.979572344183954,0.97963241445099,0.97963583313659,0.979638933834117,0.979640696987498,0.979645054966147,0.979646940217091,0.97964973737729,0.979652288415867,0.979655513169719,0.979659383880035,0.979664554925342,0.97966831626982,0.97966952241892,0.979672144426458,0.979677370842541,0.979679425051922,0.979682516748119,0.97968602844082,0.979691025106176,0.979693603864833,0.979700819875386,0.979705609564974,0.979712343999457,0.979714883921525,0.97971603094429,0.979716909816812,0.979718159235926,0.979719594287386,0.979723702184608,0.979727456581205,0.979728670259943,0.979733990496316,0.979736998543024,0.979737106215902,0.979739758298713,0.979743031676602,0.979745940130571,0.979752822075387,0.979755205652918,0.979758182220555,0.979762006028366,0.979762292348369,0.979764215507939,0.979767709449454,0.979770319522638,0.979776111147709,0.979778379277911,0.979780212450484,0.97978308556502,0.979785052536534,0.97978834896176,0.979790860132253,0.979799031880706,0.979804375595094,0.979807376094047,0.979809204410883,0.979813376054624,0.979819520335865,0.979822523437372,0.97982429345314,0.979826621515964,0.979829290577759,0.97983148345985,0.979833105965719,0.979834654429845,0.979836526813478,0.979843617888109,0.979844642165502,0.979848973527687,0.979851061805492,0.979855133031868,0.979858881714734,0.979860283445608,0.979864284897721,0.979865825206,0.979866295322915,0.979867522874432,0.979869255497791,0.979870365279832,0.979874109551219,0.979877024320326,0.979879503047437,0.979881925286483,0.979885480537279,0.979887343588685,0.979891688891804,0.979895267224713,0.979896542742484,0.979900098395817,0.979901740827524,0.979904746392808,0.97990669360848,0.979912205456586,0.979914801317407,0.979917688411079,0.9799211518855,0.979923118602521,0.979929236241816,0.979934838462327,0.979936018474421,0.979936924698702,0.979940766031628,0.979943294667732,0.97994477125864,0.979948362148759,0.979949105015196,0.979950603424963,0.979952563566158,0.979954055688129,0.979955607564235,0.979960649374269,0.979962201148855,0.979962666256518,0.979965080683452,0.97996721532796,0.979968022175083,0.979970852472383,0.979972319122778,0.979973466110233,0.979973963315905,0.979975063603198,0.979977594563543,0.979978928812398,0.979980599403249,0.979981074322273,0.979981679629473,0.97998288772858,0.979986072337829,0.979989865261042,0.97999188313431,0.979994094316816,0.979995443283575,0.979996953417768,0.979997081526012,0.979999598950902,0.980002393836741,0.980003598130377,0.980005123270237,0.980005522891932,0.980007724944011,0.980009633128331,0.980010907585801,0.980012520960649,0.980014311960492,0.980018179524427,0.980018928140292,0.980021072062942,0.980025022747002,0.980168351988058,0.980169284724982,0.980169955155657,0.980171679179031
0.467720818334452,0.548509905426899,0.561087490105485,0.565765805274055,0.611630056585404,0.620516260935225,0.620981775511019,0.625428648252648,0.652660614912618,0.705698357482401,0.714826180632525,0.777759525201011,0.785626797041327,0.806992435535795,0.812320772350862,0.820363000747425,0.825879241160229,0.828372145487,0.837932675436423,0.841858133425894,0.85937894872642,0.872047446420244,0.874304743937126,0.877102569874486,0.882228851424167,0.885690524035264,0.88797066724822,0.889881527152243,0.892898360603331,0.903005859607149,0.906564255027751,0.908378914867684,0.910288298283466,0.915101429947386,0.917465607733216,0.918705572302128,0.922402605134887,0.928491442566144,0.932519299804996,0.935149516650443,0.938894497628238,0.941602747459849,0.944129206822053,0.945703760142301,0.947324111351591,0.948468380378366,0.949333524031208,0.950765701615433,0.951966613274169,0.952813734753544,0.953560828712765,0.954139497377597,0.955625037550332,0.956035611769369,0.956652898790662,0.9568126672705,0.957420214968795,0.958156758983768,0.958814413273104,0.959087385775289,0.95933702726133,0.959650383192232,0.960251465636569,0.960527748390489,0.960817861317342,0.962288365135038,0.96258925691502,0.962718342263244,0.962939868612957,0.96305555438557,0.963443301596532,0.963719518141553,0.963954826654681,0.96411640762341,0.964318218963488,0.964448414433059,0.964646114609512,0.964870228064146,0.964998152281635,0.965069389401144,0.965166894010617,0.965306858400799,0.965490000631919,0.965543116284199,0.966237565014627,0.966346710646794,0.966470442440947,0.966661565407427,0.966770127626792,0.966924468575097,0.967111041756054,0.967228144792891,0.967378480369063,0.967936490286577,0.968052294300812,0.96807468978276,0.968225559531089,0.968266511844844,0.968369469752277,0.968419731397729,0.968470545888644,0.968518628452932,0.968551105565052,0.968612474109183,0.96877278345562,0.968814975508896,0.968869810431377,0.96893892856705,0.968970122200437,0.969021680234534,0.969074055945001,0.969117297670341,0.969233045708426,0.969331470242906,0.969370350548775,0.969440271598428,0.969457249963604,0.969506237707244,0.969526781093645,0.969613333767776,0.969714912192127,0.969828968015032,0.969860246196885,0.969911515458445,0.969995704982548,0.970021032957805,0.970141683852047,0.970199997563793,0.970243734769531,0.970266651838278,0.9703632744167,0.970428463777297,0.97046669883557,0.970493922174521,0.970581082750863,0.970599455307214,0.970681752921825,0.970726212986611,0.970750463456064,0.970768959256897,0.97078861703745,0.970847431424716,0.970885628405343,0.970912983927369,0.970969510650137,0.970993676949114,0.971007280578921,0.971047650472325,0.971166348409823,0.971282207782348,0.971430467358517,0.971473789606806,0.971531885780778,0.971598685520564,0.971620549987315,0.97170175383532,0.971723554450812,0.971754409829098,0.971780993529211,0.971843888396364,0.971865801054822,0.971883538750781,0.971888350486579,0.971936639942147,0.971959116847508,0.971993344795251,0.972033070157709,0.972098491456381,0.972121126859013,0.972145374479631,0.972164329560389,0.972194095557673,0.972227143966264,0.972249313406542,0.972276595577926,0.972308901945118,0.972321362340004,0.972328203606084,0.972345430524866,0.97236156792937,0.972386235755969,0.97239838008613,0.972493220143092,0.972507802170425,0.972512709854552,0.972529622456761,0.972546309422972,0.972560620143672,0.972571850411087,0.972606360017731,0.972616276894168,0.972643521001867,0.972656808643962,0.972670070017259,0.972681247591911,0.97269791633788,0.972720133175245,0.972730260801332,0.972747863752644,0.972759307326082,0.972770888892936,0.972781974139903,0.972793266183058,0.97284388898221,0.972857656134914,0.972868409842178,0.972945118495906,0.972950294643431,0.972960389191177,0.972984796176923,0.97300058219461,0.973005834224099,0.973056589907152,0.973062636907471,0.97310070369513,0.973115234174455,0.973184619606189,0.973201419851655,0.973212180375337,0.973231434227734,0.973243162905085,0.973256066431385,0.973260070132025,0.973268177060377,0.973282384877571,0.973306797536295,0.973312669373496,0.973319115245859,0.973321933528297,0.973339614451723,0.973342132149714,0.97335045143673,0.973404308121923,0.973428530264661,0.973439506948139,0.973445783095526,0.973459105696205,0.973466500705467,0.973467481498513,0.973476739907405,0.973491851877913,0.97351222792877,0.973596694374385,0.973620413788451,0.973633428149844,0.97363416729559,0.973650211286481,0.973659512112723,0.97367022728057,0.973676579808538,0.973679689212338,0.973685692331926,0.973692642914242,0.973729835317163,0.973732191381352,0.973740615363455,0.97374204108939,0.973748299569926,0.973755189471346,0.973759372525407,0.973787040142011,0.973794573758049,0.973807974823817,0.973818283179016,0.973821264571618,0.973832182942467,0.973839965123046,0.973844722265598,0.973857973814916,0.97386336017256,0.973868047655527,0.97386965950633,0.973887868527685,0.973896582490058,0.973902863371379,0.97391291885711,0.973924074581871,0.973933057278924,0.973935351236688,0.973943161170472,0.973952898200261,0.973958193867726,0.973963214142968,0.973970461750949,0.973972940573732,0.973986129826941,0.973988684850742,0.97399034684852,0.973993933242065,0.97399770930087,0.973998637682049,0.974004407610335,0.974014101809594,0.974017204772424,0.974019759755307,0.974021468569519,0.974033877833906,0.974044200363346,0.974046036427263,0.974054619016523,0.974055116517975,0.974072653271224,0.974077074211509,0.974081764681798,0.974095209730452,0.974106795492318,0.974109191293867,0.974113081402405,0.974118734667834,0.974120861896863,0.974123332217371,0.97413587669946,0.97414055162044,0.974177242549036,0.974185615389766,0.974188203072551,0.974192073853079,0.974192960211827,0.97420261898522,0.974205229011113,0.974210347711539,0.974214090663067,0.974216788616169,0.974219559279355,0.974223011587857,0.974226958010036,0.974232759711256,0.974233616149536,0.974236281016403,0.974238537088742,0.974245969727356,0.974256806356578,0.974260324918411,0.974262828733966,0.974269912686438,0.974270684354088,0.974276589883374,0.974277928114116,0.974279685708627,0.974280446727542,0.97428100635616,0.974283218465321,0.974289508809438,0.974297214602513,0.974300381063789,0.974306771677615,0.974310823114805,0.974313302782491,0.974315133383378,0.974317746674998,0.974318486680729,0.974322381814705,0.97432422483765,0.974324456836318,0.974324832348348,0.974327398666437,0.974338296192666,0.974342432485191,0.974353761471671,0.974359478489852,0.974362329641016,0.974365713133784,0.97438187013778,0.974382793282891,0.974394500872008,0.974402480947588,0.974402797088372,0.974405241685613,0.974412011797412,0.974415693900847,0.974421082740153,0.974421308616162,0.974423492300292,0.9744374720014,0.974439219754939,0.974443092137947,0.974450432329818,0.974452503171601,0.974454872806912,0.974457611825741,0.974458663737219,0.974470146555623,0.974471760600887,0.974480223071395,0.974482106765866,0.97448633679807,0.974487889030352,0.974493198342632,0.974495403512008,0.974498692341003,0.974504244861627,0.974507050036593,0.974507993731845,0.974508133271432,0.974510652801078,0.97451073120139,0.974512671225254,0.974516997939815,0.974530510078049,0.974533941775851,0.974537648029962,0.974540369954617,0.974547160580182,0.974550769783416,0.974553731282583,0.974555118038173,0.974556340044773,0.974560988196462,0.974564536579437,0.974566033184544,0.974568701609475,0.97456974699185,0.974571306715997,0.97457155405338,0.974571922743203,0.974575624587378,0.974578092862696,0.974580602673229,0.974587314901492,0.974589729291881,0.974591827572706,0.974594202365597,0.974596369510375,0.974633445607652,0.974635136580792,0.974637110298298,0.974640014753577,0.974644352099636,0.974648351530013,0.974649010710822,0.974651330736718,0.974651430765533,0.9746576993428,0.974665902980082,0.974667820832227,0.974668533275151,0.974727401610035,0.974728060654767,0.974729563354314,0.974734051882342,0.974735298029458,0.974739773274772,0.974740735648118,0.974741838309896,0.974745263001139,0.974750483552391,0.974755296239885,0.974759590738628,0.9747617046665,0.97476495926301,0.974768709594207,0.974769018217223,0.974770223198656,0.974777292101289,0.974777997838616,0.974780273865537,0.974783920088967,0.974785679163876,0.974787697405509,0.974790781885786,0.974790932597896,0.974795673952172,0.974798100127814,0.974800142875873,0.97480077505427,0.974802062413427,0.974802897076423,0.974806466175497,0.974808972374111,0.974811545197135,0.974813418447558,0.974813556125365,0.974817094717464,0.974817477926943,0.974818935566565,0.974821369943492,0.974824321377676,0.974825068348605,0.974825510063391,0.974826070966839,0.97482846270178,0.974828629526521,0.974829577746149,0.97483280119642,0.974835603229322,0.974838557822002,0.974839537257883,0.974840845570758,0.974845222878682,0.974847157686104,0.974848384282921,0.974848443399473,0.974849345702164,0.974849563352783,0.974849810217099,0.974851696071361,0.974852755457578,0.974853878849867,0.974854003234936,0.97485497167644
0.424611018863655,0.546004770698335,0.547515767671959,0.598320122338052,0.617127360674854,0.669609191446789,0.72734873930958,0.736291823350204,0.784687623024196,0.790809020084641,0.798672495188998,0.822177921985619,0.830101767868645,0.839523088789576,0.857869835231933,0.876615960398012,0.878867369856724,0.884732322664031,0.896027422647148,0.898396148445427,0.901376437982853,0.907059110150172,0.909248449555465,0.912558361991332,0.915343302896723,0.916265679459286,0.918036936255929,0.921481610004196,0.924968966679208,0.926618332363144,0.928593182139293,0.929670677712174,0.930585843657383,0.931952966778092,0.93392325200742,0.935154105349442,0.937237022044076,0.93987787361775,0.942056717936811,0.942951496804646,0.945793389910529,0.946376783797959,0.947472162550606,0.948737026758558,0.949817317196967,0.951513068028662,0.951981221399801,0.952292923458151,0.953753909088372,0.955350669568232,0.955978356544291,0.957025254588305,0.957867196216828,0.959829456104158,0.960277680302504,0.96138153308835,0.962552348480866,0.962732954545769,0.963193345844563,0.963861133921396,0.96420718634504,0.96466835922948,0.966109811501072,0.966551230719621,0.967057243502971,0.967637302061828,0.96790331642559,0.968697910488365,0.969534306779425,0.969835812287962,0.970153945581532,0.970461284513888,0.970610726392135,0.970925430441713,0.971122045339444,0.971215727152157,0.971404771713077,0.971619460027661,0.971858933997816,0.972074319869322,0.972272822704195,0.972301897374582,0.97246845545913,0.972718089998397,0.972808208567737,0.972881567723416,0.973007592497862,0.973065636304102,0.973116550911002,0.973241075496562,0.973392950256887,0.973503519803981,0.973874966677475,0.973980140505283,0.974017248920117,0.974079733866276,0.974183097019229,0.974292786228678,0.974436484383155,0.974543583572982,0.97461168831606,0.974739860110539,0.974793764270332,0.974867134835442,0.974997082221704,0.975065589990014,0.975099762796477,0.975228794153735,0.975338741712265,0.975411954553298,0.975516720665644,0.975592073308231,0.975616491460486,0.975666017303459,0.975747935956197,0.975835292526841,0.975890152228573,0.975997910202449,0.976061634029928,0.976115974049308,0.976162384727652,0.976220116715349,0.976322745909951,0.97634741287981,0.976450466727349,0.97646404971822,0.976489875234328,0.976538770299993,0.976551620521744,0.976650025027914,0.976680758737107,0.976760768667906,0.976832264604682,0.976866620977415,0.976895381893495,0.976917022464341,0.976962571107303,0.977032232496899,0.977077362219834,0.977089696685947,0.97717080205291,0.977204698090359,0.977247093587895,0.977276464169578,0.977291392279478,0.977337070231352,0.977398270339437,0.977410108488535,0.977463230167343,0.97749719433408,0.977523187861064,0.977572987466713,0.97762273091776,0.977683394139947,0.977704943569545,0.977755720255192,0.97781612055217,0.977835425941831,0.977852886399807,0.977891918990955,0.977924045751842,0.977961551581701,0.977969806523016,0.977983426095161,0.97799410696363,0.978015616252064,0.978099904553931,0.978119954489944,0.978154535853272,0.97817375837454,0.978196941965459,0.978220668577619,0.978231482906691,0.978249421452562,0.978265188672325,0.97828478281856,0.978298866822659,0.978312164450477,0.978335720523153,0.978363680449067,0.978385638887687,0.978396239360139,0.978414006728087,0.978436686630134,0.978459255758747,0.978474276390804,0.978493142625261,0.978506614153322,0.978532086856243,0.978539220985905,0.978565368848832,0.978567402108789,0.978581060300375,0.978593542151986,0.978604077027204,0.978624070232693,0.978631382888844,0.978653889057931,0.978666638312343,0.978687244960813,0.978699232707145,0.978714652961161,0.978720478921295,0.978738758164409,0.978751230665702,0.978771390634666,0.978779907374694,0.97879102919341,0.978803517245883,0.978819654976669,0.978832634097609,0.978843801759796,0.978860883220364,0.978884696972652,0.97889191035596,0.978900308450958,0.97891264429565,0.978921257461731,0.978924703313799,0.978942022171837,0.978948295678746,0.978974664357294,0.978995970517662,0.97902194768497,0.97903191386324,0.979042136280004,0.979051594034615,0.979059658898061,0.979061306931097,0.979065918672217,0.979077315438778,0.979085791121086,0.979090472677568,0.979097860272923,0.979108882722326,0.979115167375038,0.979122423368444,0.979131727322575,0.979148233009165,0.979150494232131,0.979165041137625,0.979169812614706,0.979179648456875,0.979182738586478,0.979194561642226,0.979206162294618,0.979210428715154,0.97922541427371,0.979230057841203,0.979236205811208,0.979238658149167,0.979246077510666,0.979248167307249,0.97925515032996,0.97926010624859,0.979277564474172,0.979291931947395,0.979295120136197,0.97930368234809,0.979317680583136,0.979321275209696,0.979323333454825,0.979324163974981,0.979335945323033,0.979338635093725,0.979343056990195,0.97934764467628,0.97935383891985,0.979356741127879,0.979363518715605,0.979367163531627,0.97937204887545,0.979376728652985,0.979379342798944,0.979382907841964,0.979385984403002,0.979392247729052,0.979395088315737,0.979415648304251,0.979419701726901,0.979432043236936,0.979434370716013,0.979436268064646,0.97943732175714,0.97943982891156,0.979444926982412,0.979451149848613,0.979456572906295,0.979465797423492,0.979473857828073,0.979489985776008,0.979491435958478,0.979496252505447,0.979502583325799,0.979510830297232,0.979511814422025,0.979513727874819,0.979516492573801,0.979519959647959,0.979530037237738,0.979532580248674,0.979533697116416,0.979534292795701,0.979537839647983,0.979543357503753,0.979546409433871,0.979548238834891,0.979554285807536,0.979559816042757,0.979562111127695,0.979571449366187,0.979575391695171,0.979581529113041,0.979590594972392,0.979592781098588,0.979594751232324,0.979597720053098,0.979600292697044,0.979604517049855,0.979609386190586,0.979614939346866,0.979620592638823,0.979628772096324,0.979634680398857,0.979636772555398,0.979644096938427,0.979647131814666,0.979649965959713,0.979656588139078,0.979659670942335,0.979666414094227,0.979670255128124,0.979675059789418,0.979682347416258,0.979684356305526,0.979687066609242,0.979692773260847,0.979698522738211,0.979703494603532,0.979710952622335,0.979717023445517,0.979725169573514,0.979730083730281,0.979734219357371,0.979740819531411,0.979745769516233,0.979754439323969,0.979755965726758,0.979757551268691,0.979761970981989,0.979763991187802,0.979770514627512,0.979774251185314,0.979781700438473,0.979783350054379,0.979791118096571,0.979793900567048,0.97979908136334,0.979801616882127,0.979803725083974,0.979807368831304,0.979808944207656,0.97981092207796,0.979816610058008,0.979829769404567,0.979837688157288,0.979841790633363,0.979843092250828,0.979845755526997,0.979853415805641,0.979854220308453,0.979859919554551,0.979866257732395,0.979871562891286,0.979875076071288,0.979876923519402,0.979877485675568,0.979881257220728,0.979884890996161,0.979886956851877,0.979889897755176,0.979892482015915,0.979899082240988,0.979903212709934,0.97990649405412,0.979908935358008,0.979912887201641,0.979917126824397,0.979920722767491,0.979923142851092,0.979924829883697,0.979931307098826,0.979934673101719,0.979938465241631,0.979940255702901,0.979942380914263,0.979945635388457,0.979947186128933,0.979955987690016,0.979963693556142,0.979978256741431,0.979982154474163,0.979983238674743,0.979995195936472,0.979995822663761,0.980000426727297,0.980002642900188,0.980005416414289,0.98000793481043,0.980010408808041,0.980016739807427,0.980020368065377,0.980022801591839,0.980043611787367,0.980048137887505,0.980050641883406,0.980053947164386,0.980054607659233,0.980056568644357,0.98005867373783,0.98005960040928,0.980060401590996,0.980063889673322,0.98006442522338,0.980066513269909,0.980068360435555,0.980076466934908,0.98008226271579,0.980083434161813,0.980086820312014,0.980087159866283,0.980088864165616,0.980089372625019,0.98009143727927,0.980092160983413,0.98009251296611,0.980094492284421,0.980098269200726,0.980100744074744,0.980103944362438,0.98010584317941,0.980108996243108,0.980113620571955,0.980115380374733,0.980118057715091,0.980120331769397,0.980121225815161,0.980122550709372,0.980126084786053,0.980128702038624,0.980131682255391,0.980132973064086,0.980135901104483,0.980141250347957,0.98014406187309,0.980146865605707,0.980148479407766,0.98015004469629,0.980157302211436,0.980159139475711,0.980159897743362,0.980161522566115,0.980163375781482,0.98016737716086,0.98016904527765,0.980172110656833,0.98017858734093,0.980180832020914,0.980189256506974,0.980190097488514,0.980192958493463,0.980194185409949,0.980195311497683,0.98019766951236,0.98020062108239,0.980203072480356,0.980203835780069,0.980205505964585,0.980207896743681,0.980209006704194,0.980209150834681,0.980210481426628,0.980211117144071,0.980215169134077,0.980216694265377,0.980217231598127,0.980217540352603,0.980217609088712,0.980218368167514,0.980218854060635,0.980220238155207,0.980224736333937,0.98022523237779,0.980231421034147,0.980235377951148,0.980238243777614,0.980240845510061,0.980240955557147,0.980243463204502,0.980244231222861
0.522588975648455,0.545338509986732,0.547959242623226,0.559786499954835,0.567337288061779,0.567905289537464,0.58613582857829,0.588290554925654,0.593879808008475,0.605095615991299,0.64070246588588,0.686301282105725,0.69706584264129,0.699350933073339,0.731912818395631,0.733559017181767,0.740315980291797,0.783992113000788,0.788949203607998,0.790034009788292,0.794476885118569,0.836678904073196,0.84589278761974,0.856942681743359,0.866022344655252,0.869784346849281,0.874764336570012,0.879055320836305,0.884185337880742,0.888795656126548,0.891893686987559,0.896351570972767,0.898730128544202,0.902480896656371,0.909543449523788,0.910394706311754,0.911221160741417,0.914133258187718,0.914735595468845,0.91641516016617,0.917094270655328,0.918353465006826,0.919516714127338,0.921348333278859,0.922253140751836,0.92261248509885,0.929114020066345,0.92968893573964,0.930181963683445,0.930731353208993,0.931037872558662,0.93390860363699,0.936839660458423,0.937656655939992,0.938454807218996,0.939044384204395,0.939713168071782,0.94201184363005,0.944171819446171,0.944383753667557,0.945232649254583,0.945571041688065,0.945838002224722,0.946130498960067,0.94624485827322,0.946613089459042,0.946846165063991,0.947116829181494,0.947296363260841,0.94744263997334,0.947614572546928,0.947771739623192,0.949259706682788,0.94954624517352,0.949601100185824,0.949756826591988,0.949895574370691,0.950022913124144,0.950235570102209,0.951026157936866,0.951077874425041,0.951141469727293,0.951289967758671,0.95147199117523,0.951543878522731,0.951672840241814,0.951751147641798,0.951900340666391,0.952014424805658,0.952098575716276,0.95217709536337,0.952218695494613,0.952301338241363,0.952378997756519,0.952419014780783,0.952513233049795,0.952535426396953,0.952613395458698,0.952673482103041,0.952789629464557,0.952902146685935,0.952958056660504,0.95300001495476,0.953039133032993,0.953081236355263,0.953305336269263,0.953426818329621,0.953466860865131,0.953491443849016,0.953548809080041,0.953597470005392,0.953624634311849,0.953648581309284,0.95368097956118,0.953762381654255,0.954091026067015,0.954248821154611,0.954315423896121,0.95433281424722,0.955122486923067,0.955163147391008,0.955211388216196,0.955257927101228,0.955354947900701,0.955413217614374,0.955423940606819,0.955452785613723,0.955468894241277,0.955481644066228,0.955507313270718,0.955568975197963,0.955586902914038,0.955622765551281,0.955656851725746,0.95567231695855,0.955678903664879,0.955723107120655,0.955755517905982,0.955780593573424,0.955798669477532,0.955825963575458,0.955846371709994,0.955861772200825,0.955875654713615,0.955898266517879,0.955925444913782,0.955945627182879,0.955974771282935,0.955996651327876,0.956004202813095,0.956033515646845,0.956054164678014,0.956076066087809,0.956101342201763,0.956153385971161,0.956170458973302,0.956184297289434,0.956192547172355,0.95622917096608,0.95624571395127,0.956257467836916,0.956273666233247,0.956303465499819,0.956330360281707,0.95635191274248,0.956369204873461,0.956383696060481,0.956392665768257,0.956424482675596,0.956442579401691,0.956448414413907,0.956464675723249,0.956484916137442,0.956507291013301,0.956523215963419,0.95653222784404,0.956547835692619,0.956564016737548,0.956578572471978,0.956596740660714,0.956598991588808,0.956611289420681,0.956624910292871,0.95663335139083,0.956643605364003,0.956656836061187,0.956669786604185,0.956675860778934,0.956688139290636,0.956705999260875,0.956715192084395,0.95671965836202,0.956739771906915,0.956743820155386,0.956750192390268,0.956757119676939,0.956763879106834,0.956766939517249,0.956776587818681,0.956787554649976,0.956796631607656,0.956804708561565,0.956816938150827,0.956818587845959,0.956827157660121,0.956835926056227,0.956849938305833,0.956856095954452,0.956864300248884,0.956878902849878,0.956896284837561,0.956901550719356,0.956909814079246,0.956915070710827,0.956924783134728,0.956931405823644,0.956949603812659,0.956959796478622,0.956964532140164,0.956966986895537,0.956978698230697,0.956983173928358,0.956987933305032,0.95699329337362,0.957002503589935,0.957008717468135,0.957018738547215,0.957036310297572,0.957038334399974,0.957043853325434,0.957055939402178,0.957065563313439,0.957071121238249,0.957081849444692,0.957089600010877,0.957100065162713,0.957122720488708,0.95713538438388,0.957144359029777,0.957155490001893,0.957160283376266,0.957168868149912,0.957173050252359,0.957180836797536,0.957187521850759,0.957195212962453,0.957211961957952,0.957217813702248,0.957225049796764,0.957231782717191,0.957234819703615,0.957246752190321,0.957254967854275,0.957259954731049,0.95726829488999,0.957280775275623,0.957292390073236,0.957297862937506,0.95730398006419,0.957307948268333,0.957309710243962,0.95731515046078,0.957322284534111,0.957330574103915,0.957332755587863,0.957341858527905,0.957361943235917,0.957367636028845,0.957370760482016,0.957444552535232,0.957451544003076,0.957454850026233,0.957459197271328,0.957465357533338,0.957471720882628,0.957482485068177,0.957489587590246,0.957498517678574,0.957503755915346,0.957507639037162,0.95751339346712,0.957521123186785,0.957524292225561,0.957529289409988,0.95755317106957,0.957558661558653,0.957560828707014,0.957562734976478,0.957565653465839,0.957569034252878,0.957578089266591,0.957587341188722,0.957589895171659,0.957593897503275,0.957597230299676,0.957598237220462,0.957601983792804,0.957606830010494,0.957613059833485,0.957616487550496,0.95762001151901,0.957620334303271,0.957625075346981,0.957627740813444,0.957629377234858,0.957632962171608,0.957637692062508,0.957642414511246,0.957651083194985,0.957659636217604,0.957661957071482,0.957666733455665,0.957667310390292,0.95767178709896,0.957673814133694,0.957674795866314,0.957705719614427,0.957708572415586,0.957711556184173,0.957713306572421,0.957716285035795,0.957721283585464,0.957723647611131,0.957725041666446,0.957726783835158,0.957729159044009,0.957731032433387,0.957736441045428,0.9577387472855,0.957739340242831,0.957741014801265,0.957746404127443,0.957750453794189,0.957755243604462,0.957757347778325,0.957759087080702,0.957759800273947,0.957766442377705,0.957770945816979,0.95777415745039,0.957775976253376,0.957779458918721,0.957779697663621,0.957786485510448,0.95779066872245,0.957793286615085,0.957801875327393,0.957803914549937,0.957809833227441,0.95781299241515,0.957817786830759,0.957822340268352,0.957825056082679,0.957829332162565,0.957831389966652,0.957832769421729,0.957835284359334,0.957842052762609,0.95784711461914,0.957849884546799,0.957853360410428,0.95785591431591,0.957872836820995,0.957878005945732,0.957881074676408,0.957883490383767,0.957887217833525,0.957888953687974,0.957890329788826,0.957893096599672,0.957898253174629,0.957901813271524,0.957902693091107,0.957905916913641,0.957909115782404,0.957913615280484,0.957916323379306,0.957921358487901,0.957923679254361,0.957928268238344,0.957930543069144,0.957941185438068,0.957942322392484,0.957942847488994,0.957944715031548,0.957944877098751,0.957947991320367,0.95795055536684,0.95795207037177,0.957952657533721,0.957953936858288,0.957965178734986,0.957969848559607,0.957973111652169,0.957975181577635,0.957978449914237,0.957980317303343,0.957984735311392,0.957987296039435,0.957991132349536,0.957992496145199,0.957996430538708,0.957999866028485,0.958003091896716,0.958029842503158,0.958035198292065,0.958035971092515,0.958036846664455,0.958038988832768,0.958043334038577,0.958044857371309,0.958045699546311,0.95804871828494,0.958050077059845,0.958051316250221,0.958054725312602,0.958060844063292,0.958062269515491,0.958065866937471,0.95807029185812,0.958071523707993,0.95808084344885,0.958083878023267,0.958085334171253,0.958088313915141,0.958092069471431,0.958096110371279,0.958101400922212,0.958104614553565,0.958106357825506,0.958111015063622,0.958113070356087,0.958116487045804,0.958117974854801,0.958120398593587,0.958121957718545,0.958126368801631,0.958128103289683,0.958129373342824,0.958131193563857,0.958133769507211,0.958134782046294,0.958137340852573,0.958138673160287,0.958144456815584,0.95814601809182,0.958147756053678,0.958148980450844,0.958152655649509,0.958153321722433,0.95815412972969,0.958154596099827,0.958157170265564,0.958160949580781,0.958162720309364,0.958165193280777,0.958165593332289,0.958168341047502,0.958169172303445,0.958170658938896,0.958170994974053,0.958174237717083,0.958175842245145,0.958178148978884,0.958182034367252,0.958183439713353,0.958185160648439,0.958189229201069,0.958191184088536,0.958191880823808,0.95819388673315,0.958194648370996,0.958195174219586,0.958197012349172,0.958199183969235,0.958200570726312,0.958201870274629,0.958203498221875,0.958205684864756,0.958206412197133,0.958206968863019,0.958208327709116,0.958209557118941,0.958211053495195,0.958213619850852,0.958214280623609,0.958214697632754,0.958215762652168,0.958217712128575,0.958219409147514,0.958220707386207,0.95822309310271,0.958225949956823,0.958228731184011,0.958229740008434,0.95823839836626,0.958240102182327,0.958241034256531,0.958241297603088,0.958244877661843
0.45930622565226,0.498752425287251,0.536537390212347,0.560821918407474,0.598764660297104,0.629232700319148,0.635161870252334,0.753213413266177,0.765260675517213,0.766161548768362,0.777761049288032,0.800435131890883,0.807776750883777,0.810436328769066,0.8337738842673,0.847497067020505,0.852971590487095,0.855811963960564,0.863051572787722,0.867729968340678,0.892987485861791,0.894726322834108,0.900769559109053,0.904258899089409,0.907406317362704,0.909873839586136,0.912791161029341,0.91489028887724,0.917443012714411,0.918930526712904,0.922341780117191,0.923214650126856,0.924974969732223,0.926133140520758,0.938460362826237,0.93922503072356,0.939635986209159,0.942027305737985,0.944757861216497,0.94940127922307,0.951240618254853,0.951978320786995,0.952712879310069,0.955593187280937,0.956387439060904,0.957301882018277,0.958018378262614,0.958217409588421,0.958346666200422,0.9592218416907,0.962833555265363,0.963357216714166,0.964245131596914,0.964398581497763,0.964685900302738,0.964900950462097,0.965099156455197,0.965978144220324,0.966090427190975,0.966357679086528,0.966548342347456,0.966768701054668,0.966853398529564,0.966944508004748,0.968065091541665,0.968282486306837,0.968645890888425,0.969245741937242,0.969340230083427,0.969542773487979,0.97035436600139,0.970411739794815,0.970496298550677,0.970778265076612,0.971079153524501,0.971203272260117,0.971370102838114,0.971572790479231,0.971712015846067,0.971849242585722,0.971924866133402,0.972009983669185,0.972074171031542,0.972165251899685,0.97221973323691,0.972269155382075,0.972336817035234,0.97243924387758,0.972497557445744,0.972975152722373,0.973016643520456,0.973109126793499,0.973210780647138,0.973259813204708,0.973305364605049,0.973316132216794,0.973343679601616,0.973493189279904,0.973557178278323,0.973599050036973,0.973683125444796,0.973753636894766,0.974192115166285,0.97428669433582,0.974316493481816,0.974334799930028,0.974589609318526,0.97461914665653,0.974655075516499,0.974691922754083,0.974719286978619,0.974741329237115,0.974767350478514,0.974909157344076,0.974937780884997,0.974997515744896,0.975066792922044,0.975095760318391,0.975111539514187,0.975159739768512,0.975193826155888,0.97620439114848,0.976216370451462,0.976257089124524,0.977266642811117,0.977292400743929,0.977299525161067,0.977315302796401,0.97736903246314,0.977383141661599,0.977403845291846,0.977425220861299,0.977495444712925,0.97751879762928,0.977565955589004,0.977577647401488,0.977851375432262,0.97789714511905,0.977945905769882,0.977993775690135,0.978025939437052,0.978053106845728,0.978070398964509,0.97818699755302,0.978208380558804,0.978238828179046,0.978260681077653,0.97827640438874,0.978297859364894,0.97831202566008,0.978349977220965,0.978362052883902,0.978373655642336,0.978384255077088,0.978411868146753,0.978428362630478,0.978451009619442,0.978470335647833,0.978482459581485,0.978497819608021,0.978508202459434,0.978518504117021,0.97852524150358,0.978546501614969,0.97856217544374,0.978573273216965,0.978594763999391,0.97860907366892,0.978627759529353,0.978666273532692,0.978687363137225,0.978720009586661,0.978731708248655,0.978748945793739,0.978755020538212,0.978769522104403,0.978775910010982,0.978786793732092,0.978795145096302,0.978812931856777,0.9788208506468,0.978835228779565,0.978842589561761,0.978853592605517,0.978868819054899,0.97889011217775,0.97890357490665,0.978913793588547,0.978939856565587,0.979064603086379,0.979070651267735,0.979078580241374,0.979087245574583,0.97910172158791,0.979118293498967,0.979129047377912,0.979142943933277,0.979154119464023,0.979171175120058,0.97918944044646,0.979196626512928,0.979210430194672,0.979211152132874,0.979212878005738,0.979228060101787,0.979234636613789,0.979240318855106,0.97924329017711,0.979252426822466,0.979262119458386,0.979269983351146,0.979274637880724,0.979282129687503,0.979285311158173,0.979288083497663,0.979309560107547,0.979325415488453,0.979331981184933,0.979334667411686,0.979345160486472,0.979352710557521,0.979359401015902,0.979369329632508,0.979382006181357,0.979391363881369,0.979393388362026,0.979397839900942,0.979400646889209,0.979413308195749,0.979423159963612,0.979429019756455,0.979438964244517,0.979451657281333,0.979461149874961,0.979468713337995,0.979473551767919,0.979477621005397,0.979482131140858,0.979489683265765,0.979494409236589,0.97950261781936,0.979505565944113,0.979512326754916,0.979516714919132,0.979517310421036,0.979521872438434,0.979525298520637,0.979531218409431,0.979534573415696,0.979539530443328,0.979540759146907,0.97954815343051,0.979555676896176,0.979560499564143,0.979562887455662,0.979564807919965,0.979579486475187,0.979582557983654,0.979584217985086,0.979588533798234,0.979613103302907,0.97962648648322,0.97962760795395,0.97963120940119,0.979639709961313,0.979641868139376,0.979651898989109,0.979654880921589,0.97965685574092,0.979659697413984,0.979670220131477,0.979671759848778,0.979675242813531,0.979681401995806,0.979683689007268,0.979685216258972,0.979690930243981,0.979695182498514,0.979697442947733,0.979704888370455,0.979707662258573,0.979711194147161,0.979712536381611,0.979715700685179,0.979717097417186,0.979719231639209,0.979724005341533,0.979728469222107,0.979733222326542,0.979735136015599,0.979738834512589,0.979742629355652,0.979743458873052,0.979744935797265,0.979745809747724,0.979750870096088,0.979755363187151,0.979759023983854,0.979759665515443,0.979761965835453,0.979770507855969,0.979775850615675,0.979779527951982,0.979781015811563,0.979783549876495,0.97978614073762,0.979787343226616,0.97979493596194,0.979795834743776,0.97980007225102,0.979805256843503,0.979807628774362,0.979809799440235,0.979816250351606,0.979817766480434,0.979822793147071,0.979828569787528,0.979831268542973,0.979833883838184,0.979836777410694,0.979839126280721,0.979843134320647,0.979848954542354,0.979850698831678,0.9798536017093,0.979855707510687,0.979856232247541,0.979858091972647,0.979861514172628,0.979864807738226,0.979866758359976,0.979873717164018,0.97987782587682,0.979880607466463,0.979885937248957,0.979888789501428,0.979892123346258,0.979898920974669,0.979899361892588,0.979902533079509,0.979905671474713,0.979910632620976,0.979913147420503,0.979914012716702,0.97991681272006,0.979918742245359,0.97992446568951,0.97992708165249,0.979928832517166,0.979935538254514,0.979936696195846,0.979938832922206,0.979940013656686,0.97994123577071,0.97994424227865,0.979947230202629,0.979947889555192,0.97994873907197,0.979956202199036,0.979966683432696,0.979968010728564,0.979969567923265,0.97997540610275,0.979976955510601,0.979978350931102,0.979980013651889,0.979983391404954,0.97998431513725,0.979986072312184,0.979989007021585,0.979991211784934,0.979997424538028,0.97999859163912,0.979998963308125,0.980001631395301,0.980005129415244,0.980007066767998,0.980008440373695,0.980009989469395,0.980010677977869,0.980011995701488,0.980015752674027,0.980018743156431,0.980020623362026,0.98002374592601,0.980024739950592,0.980026433292184,0.980028735671803,0.98002917663409,0.980030620302156,0.98003627488455,0.980038831921425,0.980040876655253,0.980042953471492,0.980045023794767,0.980045157125182,0.980046951934668,0.980047383668791,0.980048903686679,0.980051801510938,0.980054557968396,0.980059727674782,0.980060069185853,0.980065509464761,0.980084185790313,0.980085023569817,0.980086954390458,0.980088012879697,0.980089006198533,0.980092482663379,0.980093599855003,0.980095622427698,0.980100658656883,0.980101208697497,0.980101597576295,0.980101987897344,0.980104547448921,0.980106695336689,0.980107768996098,0.980112269363617,0.980114130705292,0.980117670190812,0.980120266086361,0.980125354218461,0.980126646105004,0.980127049579186,0.980131507262718,0.980133543276081,0.980134353446324,0.980136078489872,0.980138736929293,0.980139511454609,0.980141535645419,0.980142971242621,0.980143984544573,0.980147714456342,0.980152107037075,0.980153037146504,0.980155188860939,0.980155501654967,0.980158032837241,0.980159788560064,0.980161718199412,0.980164105190236,0.980167365729953,0.980168442584921,0.980170793393884,0.980173002117176,0.980174325932954,0.980175558267963,0.980177165406854,0.98018273362754,0.980183699512058,0.980185325601715,0.980187959634241,0.980188780227985,0.980189644051893,0.980190314001065,0.980191055512627,0.980193614967324,0.980194199476116,0.98019585315384,0.98019865971904,0.980199791618039,0.980204804594149,0.98020520113736,0.98020639401911,0.980208851983816,0.980210717012416,0.980212756186611,0.980217123781162,0.980218295540341,0.980220615718506,0.980221468067567,0.980225254330739,0.980229052326342,0.980230717965176,0.980233069932832,0.980234073109635,0.980235251050554,0.980237364163237,0.980241151634344,0.980241851171395,0.980244127489877,0.980245956475474,0.980246911414235,0.980248660778683,0.980250269654944,0.980251128287889,0.980257261694681,0.980262805530734,0.980265570999198,0.980267725142861,0.980268636870097,0.980270523464537,0.980272677351025,0.980277098580795,0.98027888120714,0.980279264461633,0.98028007884028
0.505246146590585,0.576099017604265,0.578183760446435,0.58401713677476,0.587549961125047,0.596757578014188,0.599097162064361,0.623245033955751,0.641980231699625,0.643456532419405,0.669648257935347,0.670699548668136,0.672534816899876,0.749927961048347,0.801529009860098,0.820606013852832,0.823751477385349,0.83885652642007,0.842445516440883,0.845545223384221,0.84879698775224,0.862048158879038,0.871681591017069,0.877697441994211,0.891979683519782,0.894865137730588,0.900729710289304,0.902983170709721,0.906085071874348,0.909680151675688,0.911543338841735,0.915609142016736,0.918819892465895,0.920505067670263,0.921472915022957,0.922860623281734,0.924093580505776,0.925354643752345,0.927263086403414,0.928934691284858,0.93013997258222,0.930936499270962,0.931494747520121,0.932164008390305,0.933773927784525,0.934250624256523,0.934845597604945,0.93538002340147,0.935699370233684,0.936356643203107,0.936923743436384,0.937299543115246,0.937659386938491,0.937858884835324,0.93828919486333,0.9384972394808,0.938840686758413,0.939017721168178,0.939207579990778,0.939519872019517,0.939670735156367,0.939847695909707,0.940046863253841,0.940201016496696,0.940434791277854,0.940530922396534,0.940692075098296,0.940817977989586,0.940883677992027,0.940949315869039,0.941143742085628,0.9412229949972,0.94138724609118,0.94145331691594,0.941529953145437,0.941629673450788,0.941762128433366,0.941830959687113,0.94190957484411,0.942031719362623,0.942157038482549,0.942270796375185,0.942323347223453,0.94242735525605,0.942537537137744,0.942590155061399,0.942668203585348,0.942705946689003,0.942765019578289,0.942793833963871,0.942834039928363,0.942882539991377,0.942918727035808,0.942995338290437,0.943068625572316,0.943145384841361,0.943222949688683,0.943273207900243,0.943344922410843,0.943385633822044,0.943417999370797,0.943471915438899,0.943513125216601,0.943534964549077,0.943567760691927,0.943593575620095,0.943601968124925,0.943627111667475,0.943666511151206,0.944171016007999,0.944580766936329,0.94459894241023,0.944617709520774,0.944643881281724,0.944673694616809,0.944693648050211,0.944723111912294,0.944751509508525,0.944769517667804,0.944790065681198,0.94526419536074,0.945297232819943,0.94532474356841,0.945344540174443,0.945358107285416,0.945378904051887,0.945400098935305,0.945446784976054,0.945472460849055,0.945485257461308,0.945495460214191,0.945511129639866,0.945519468185544,0.945547971168619,0.945555574928643,0.94560942730985,0.945649777852301,0.945663804992245,0.945679109965022,0.945712170165478,0.945725607673939,0.945750689356132,0.945760712322106,0.945784353391769,0.945797311104039,0.945811852824039,0.945883882208065,0.945897864220224,0.945916762301368,0.945940901356881,0.945970635278359,0.945989402045511,0.945998531728277,0.946085790559502,0.946096620140689,0.94610559014566,0.946132108598672,0.946144175832178,0.946165425185585,0.946178597172847,0.946879390767094,0.946895640108193,0.946914936323666,0.946931854759812,0.946938763513904,0.946951378586227,0.946955455504245,0.946964310979631,0.946980850299743,0.947009053593274,0.947026090803229,0.947042786051903,0.947054906008623,0.947064813452267,0.947182505596454,0.947484588915913,0.947667150867647,0.947675757488258,0.947684411910694,0.947689520074756,0.947703422818354,0.947709210786244,0.947717417825708,0.947725874361485,0.947733766484962,0.947765802833011,0.947782306322157,0.947787330918669,0.947794166126997,0.947815919882383,0.948203827860421,0.948208398335829,0.948216412056242,0.948223999882389,0.948230232327128,0.948234875041281,0.948245222906532,0.948248699500304,0.948260714392945,0.948274316444694,0.948281897024031,0.94829359426358,0.948300163426292,0.948304017251079,0.948309867966632,0.948318298776599,0.948321294462836,0.948332733594388,0.948343963784443,0.948350362379082,0.948352952869007,0.948363921523056,0.948378617892796,0.948382591991516,0.948385598765965,0.948390106880446,0.94847720784644,0.948487336963578,0.9484983532944,0.948505921830796,0.948507663246648,0.948509456407262,0.94851553674092,0.948519194411202,0.94852336358933,0.948529338340331,0.948537214794116,0.948539882476119,0.948548589251065,0.948550600097895,0.948559215323463,0.948565380030058,0.948575080204791,0.948582792364552,0.948586847033901,0.948592517058619,0.948596922198365,0.948599871226821,0.948603278516658,0.948617303868201,0.948628695576789,0.948633933548719,0.948642513965657,0.948649268121319,0.948656616743652,0.948662927693008,0.948672301509041,0.948674820071808,0.948676214561608,0.948680786676447,0.948684609907081,0.94868830066904,0.948689148790732,0.948694483211993,0.948696609062416,0.948700713872066,0.948702892294582,0.94870547139009,0.94870784954499,0.948709353093026,0.948710867032504,0.948713956594219,0.94871546240948,0.948718442389976,0.948722058698063,0.948725249424515,0.948727229275051,0.948731011570598,0.94873669504048,0.948751573158819,0.948755686848089,0.948761233086624,0.948765402589675,0.948770681239903,0.948808509248441,0.948814671421273,0.948817139584454,0.948825996735526,0.948827387282599,0.948830361790968,0.948835226438338,0.948841181738712,0.948846271917924,0.94886113886913,0.948866236118816,0.948870860266582,0.948874969059686,0.94888085389906,0.948889316807222,0.948890848297136,0.948893446606392,0.948897681467256,0.94889861633187,0.948901885091394,0.948903512650131,0.948905781932892,0.948907559368862,0.948911109933699,0.948912745038588,0.948915828827292,0.948918636140941,0.948923466125277,0.948925725851807,0.948926649323706,0.948928956689983,0.948932249228237,0.948936754101661,0.948939371822393,0.948941440167864,0.948941862412938,0.948949917431731,0.948952045011599,0.948953013683077,0.948954982818418,0.948959276497823,0.948960607343634,0.948964854193014,0.948965660452484,0.948970828637402,0.94897289802816,0.948975865875285,0.948980381486814,0.948982302719411,0.948984300799635,0.948987090392309,0.94899455534193,0.948997142059832,0.948999304741085,0.949001816584692,0.949003329846808,0.949005619565789,0.9490074412308,0.949009541877943,0.9490135772849,0.949015287667746,0.949018027299742,0.949021434692303,0.949022902248647,0.949025365876631,0.949028428016798,0.94902930674154,0.949031118426938,0.949035413155654,0.949036304247214,0.949039799455882,0.949042300740002,0.949044388808055,0.949045340271802,0.949049658346149,0.949051227896425,0.949054087733945,0.949055332441033,0.949064028200096,0.949065507077205,0.949067053065765,0.949070274348075,0.949070726608038,0.949072951528429,0.949075445650558,0.94907712098117,0.949078030292045,0.949081454630088,0.949084166223323,0.949087337285543,0.949088528705624,0.949090408185055,0.949092782520172,0.949096658208694,0.949101920004676,0.949103475765307,0.949108093873028,0.949109096164939,0.949109784344744,0.949111648316776,0.949113114237553,0.949116138733918,0.949118845267521,0.949119617801153,0.949121873762966,0.949123510756959,0.949126522857566,0.949127809316087,0.949128677654784,0.949130562518566,0.949131579739048,0.949134569686211,0.949138524610587,0.949138737473288,0.949139430485222,0.949141976808426,0.949143603948396,0.949146990062592,0.949147663381276,0.949148825533904,0.949150555592578,0.949151525465992,0.949152713036691,0.949154876223027,0.949155823673459,0.949157186234591,0.949159266057995,0.949159937980648,0.949162016106665,0.949163468191746,0.949166996846659,0.949169345382917,0.949170605756268,0.949171896291329,0.949173130299632,0.949173669593017,0.949175133980754,0.949176499731849,0.949178624709649,0.949178941087532,0.949180925773658,0.949182537738256,0.94918528533529,0.949186194792913,0.949190002353443,0.949191976816493,0.949192979445096,0.949194940129924,0.949196343169241,0.949201024786735,0.949204103452926,0.949208511186994,0.949208683404313,0.949209833564583,0.949210790838856,0.949212074391252,0.94921306332872,0.94921636544065,0.949217566163426,0.949218659405579,0.949219100684591,0.949219751123322,0.949221159911398,0.949221707717925,0.949223022877289,0.949223198271781,0.949223945003512,0.949224288376258,0.949225259203288,0.949227724364262,0.949230687119874,0.949230968551146,0.949231756692921,0.949232606743271,0.949233018413867,0.949234500329292,0.949235404650597,0.949237238890099,0.949238348066257,0.949239060512846,0.949240078535282,0.949242109997039,0.949243154872211,0.949244873310312,0.949245499539465,0.949247432861949,0.94925213323165,0.949253484723261,0.949254200058675,0.949256168514215,0.949257899950654,0.949259029055432,0.949259941485828,0.949262508421986,0.949263035401842,0.949264502476807,0.949265317452224,0.949269402442408,0.949269990779874,0.949270652764448,0.949270775825618,0.949271146480845,0.949271373197426,0.949271378813508,0.949271784629005,0.949272240042314,0.949273647849779,0.949274687516028,0.949275593547501,0.949277214280465,0.949277711501119,0.949278278006045,0.949279543083232,0.949280423237318,0.949281590319324,0.949282978769007,0.949283900601959,0.949286243373304,0.94928786557309,0.94929101622677,0.949294494388236,0.949297553160896,0.949298068153301,0.949299123101575,0.949300945501707,0.94930189932875
0.487339629833271,0.593908921658854,0.673997903543132,0.677478298308552,0.679189144964896,0.689221869363075,0.699957296644501,0.710622397701252,0.717742266375454,0.730247836342487,0.763856897517898,0.776227033635119,0.785295043718884,0.789112841878266,0.801868269763295,0.809380206399355,0.813740269706886,0.824194809863211,0.829584107637222,0.835446511649166,0.837615735165922,0.861002639782875,0.867624079998272,0.886874859264354,0.892570887488164,0.897943459730653,0.900665045233546,0.907189831266592,0.919595376366427,0.925840008845967,0.927176999804865,0.928636880171315,0.930261033047862,0.934483693146352,0.936481278268582,0.937767743852063,0.939158346003681,0.939993513499812,0.940449536418892,0.940703625890694,0.94183039604569,0.942817590292495,0.943388082647809,0.944010384390089,0.944840169177356,0.945703458430287,0.945895098804761,0.946204201668881,0.946653094923718,0.947890177536443,0.948347964615735,0.948544995193526,0.949082939855878,0.949301227836609,0.949974031803125,0.950115921439562,0.950285824059135,0.950523545913556,0.9509564036911,0.951230854639749,0.951411285653727,0.951586789584252,0.951843904803162,0.952089672255286,0.952554919431436,0.952704661703617,0.952999276427253,0.953253588510022,0.953448056855726,0.953681926319756,0.953934092118641,0.954059807994371,0.954159270489873,0.954284783179794,0.9544190772848,0.954483568285009,0.954720264182655,0.954923981353059,0.955027129092118,0.955117516195169,0.955318237961649,0.955372892857785,0.955526848022558,0.95562189687265,0.955677483012187,0.955773430959227,0.955846693602913,0.955946810013523,0.956117879050121,0.956178878532994,0.956348370667381,0.956452008932829,0.956501215066581,0.956783689088142,0.957142521659498,0.957395985819426,0.957480959822946,0.957522048270686,0.957655930912947,0.957727454300426,0.957847389007067,0.957905112062882,0.957998829825228,0.958117811101147,0.958201549914209,0.958247607845102,0.958292605706437,0.958398511142651,0.95845670899337,0.958612031800223,0.958672158960732,0.958708802327528,0.958738504480907,0.958785259739586,0.958805004203664,0.95885088056696,0.959018901901236,0.959048237503905,0.959112429939427,0.959156954284134,0.959193414537984,0.959282906499938,0.959308185936589,0.959345273396755,0.959422197575586,0.959466171331528,0.959494088673072,0.959522048123741,0.959627575943788,0.959655337750963,0.959696545083215,0.959758045913088,0.959790274751121,0.959848673276277,0.959882778699365,0.959924299394892,0.959950793201473,0.959973963440411,0.960007414585323,0.960049098805939,0.960100510988915,0.96011532878898,0.960147488552841,0.960191918106049,0.960209384585022,0.960234691509751,0.960258720469983,0.960305176505568,0.960342864466002,0.960369105570409,0.960386571428662,0.960411517245777,0.960435653417177,0.960439992321207,0.960447881866823,0.96045217853795,0.960491851540691,0.960509690849183,0.960524577149721,0.960552536646739,0.960588179805573,0.960642317236493,0.960655449026328,0.960685396054392,0.960696706834024,0.960703376284443,0.960724725563888,0.960740954737847,0.960770809258614,0.96079717482107,0.960843644452931,0.960873821684272,0.961036867653182,0.961045076216695,0.961068625625059,0.96109845058197,0.961108710262213,0.961122912182386,0.961146050731404,0.961184051035714,0.961212894797735,0.961227369918609,0.961239099708671,0.961262540531218,0.961275752288892,0.961282900637556,0.961295867388539,0.961297766356904,0.961303841970882,0.961318221192085,0.961328475309377,0.961333430335691,0.961344375125783,0.961353091147437,0.961359894874614,0.961369323439382,0.961376455954834,0.961385126675651,0.961399875185131,0.961414679616886,0.961423875754711,0.961436714663096,0.961448697297518,0.961458129501143,0.961469586414488,0.961476737934297,0.961483218282568,0.961498448555273,0.961516533118546,0.96152639088151,0.961535273250805,0.96154050944503,0.961551201765506,0.961574544222591,0.961578363407313,0.961595526656514,0.961616870767795,0.961626255312008,0.961636201379972,0.96165887664904,0.961660211362237,0.961669346357009,0.961670300387168,0.961675296004372,0.961682382468535,0.961694246182413,0.961706989191711,0.961710118154685,0.961722562824216,0.961725807922104,0.961731244494982,0.961732354499255,0.961734646124081,0.961750079635389,0.961754535154653,0.961756587102297,0.961763916914972,0.961769018599488,0.961772571307092,0.961779798332837,0.961782599474372,0.961796117096271,0.961799858654797,0.961807276669561,0.961809327239034,0.961822144403602,0.961834264721904,0.961839016589999,0.961847001411343,0.961853237510991,0.961858121437796,0.961864851226436,0.961870967044302,0.961873729740968,0.961876480156118,0.961885968181952,0.961897741846656,0.961900624225283,0.961909461782968,0.961916555563136,0.961920298184575,0.96193049449599,0.961938192335062,0.96194573388181,0.961950064953598,0.961957227600979,0.96196294385658,0.961968003300808,0.961981526636614,0.961994216418963,0.961996281608085,0.962002971130556,0.962005218442303,0.962007243262338,0.962016349688994,0.962020277673692,0.962036674047314,0.962042928613333,0.962043635531891,0.962047594023095,0.962050740775796,0.96205489238813,0.962073340883247,0.96207995674632,0.962087214788201,0.962093451280952,0.96210362738728,0.962110042603672,0.96211170381174,0.962121029086764,0.962123353203621,0.962127785341691,0.962140481328455,0.962145619165894,0.962148844743849,0.962161243621252,0.962165820855494,0.962174585698614,0.962178473013588,0.96218182765166,0.962184469647162,0.962187333028067,0.962191025228276,0.962199425828357,0.962204169222432,0.962206269210578,0.962207564411288,0.962213033471068,0.962222545824871,0.962228259413113,0.962232324864298,0.962242129657065,0.962246163464529,0.962248740092829,0.962259024144847,0.962261716669279,0.962265585747882,0.962272232724158,0.962276155844014,0.962280076274747,0.962285666996309,0.962287500779728,0.962291138154286,0.962294273676542,0.96229441978025,0.962295719067448,0.962301216262273,0.962303390524077,0.962310228702497,0.962312195457578,0.962313568058358,0.962324386217768,0.962327528586907,0.962334565838345,0.962337487249533,0.96234417317759,0.962345548268748,0.962349300441388,0.962355449626847,0.962356923996217,0.962362206531287,0.962367023154249,0.96237474813734,0.962380593430422,0.962384851117964,0.962385993588342,0.962396022834665,0.962401377933004,0.962402798708766,0.962406321019732,0.962409298422939,0.962411901237387,0.96242094636934,0.962423202844444,0.96242902970698,0.962430347325812,0.962432346596342,0.962436933441667,0.962439027301503,0.9624414504732,0.962449958192026,0.962450422610835,0.962452094630459,0.962456415908989,0.962456591342775,0.962457248311064,0.962459271034383,0.962461747639145,0.962462926992707,0.962468388600019,0.962471061651243,0.962476077652735,0.962478341838105,0.96248356185176,0.962486838207669,0.962488236677641,0.962488687234613,0.962494706017398,0.962497680557352,0.962502042942747,0.96250272822275,0.9625056630842,0.962509902372339,0.962510977265072,0.962514139229945,0.962516417245712,0.96251795688371,0.962518720556147,0.962521476542325,0.962525307805551,0.962530826647204,0.962534857503593,0.962535505522841,0.962540633101393,0.96254088729676,0.962541595297387,0.962544479357044,0.962547869263265,0.962549517380603,0.962549671562738,0.962553206585691,0.962554236744522,0.962557730446243,0.962560972966771,0.962562006476141,0.962564782375798,0.962566361131874,0.962566958232718,0.962568516930987,0.962568933299595,0.962572594952844,0.962580497813093,0.962581001425275,0.962581660878043,0.962589638464912,0.962589829311229,0.962593489005473,0.962594433649164,0.962596819094563,0.962598092420778,0.962599687509133,0.962601844476396,0.962605699606081,0.962607384355334,0.962613171525635,0.962615547148504,0.962616308612364,0.962617234413659,0.962617398481273,0.962619991078988,0.96262097869791,0.962623630907936,0.962624073841978,0.962624917096722,0.96262597486844,0.962626498111463,0.962628935078056,0.962634204049991,0.962637302874787,0.962639626668967,0.962642179532061,0.962643532747915,0.962649228444579,0.962649597164173,0.962651777742907,0.962652846025765,0.962652921366895,0.962655346048936,0.962656161820773,0.962656816808029,0.962661086803458,0.962662745276761,0.962663385507662,0.962663680097341,0.962664468858725,0.962669260971334,0.962673930830664,0.962674057787561,0.962674725607024,0.962677106678757,0.962678506783986,0.962681589580368,0.962684397591003,0.962686288970768,0.962689577092131,0.962691892488792,0.962692442650133,0.962695880360576,0.962696394848043,0.962698172588679,0.962699403734393,0.962702551326751,0.962703105989666,0.962705115199646,0.962706298496078,0.962708759029763,0.962712876674892,0.962715479589239,0.962716944405923,0.962719522194793,0.962720701305914,0.962721966373048,0.962722668069852,0.962727748621821,0.962728983564021,0.962729244077174,0.962731418264998,0.962732878845854,0.962733871428596,0.962734243784717,0.962740376256104,0.962742674200224,0.962748711116136,0.962750141108533,0.962751618664238,0.962753719421062,0.962755526560937,0.962757895314404,0.962758643219031,0.962759708207205
0.534107255822892,0.570880449684003,0.586218826699161,0.586513613570741,0.621127435095665,0.628266430250649,0.631410360647668,0.638033238343337,0.641976604688547,0.664980297166342,0.678918501041807,0.685938393239767,0.716276458352872,0.722626831101966,0.782864097558607,0.809140022278734,0.822421800586347,0.829817500573271,0.833669189527638,0.838680724218732,0.848731459067971,0.855829790991254,0.862566475380852,0.868638997190946,0.877094215729915,0.879745018890973,0.882819760240607,0.884742924922945,0.887996747653287,0.889676114194991,0.891801172776896,0.895680731066553,0.900138861517348,0.901504283885266,0.903726403317331,0.918504652967605,0.92092492364451,0.922399666448698,0.923566043497056,0.925874690134664,0.927513032899964,0.928282279365666,0.930446642182529,0.932083435533998,0.933313072591144,0.93396974427595,0.934453668731385,0.935377983910153,0.936264337951331,0.937133607717425,0.938109212181674,0.938600721057961,0.938729103048357,0.939326958020982,0.939690693715373,0.940251545925058,0.940511091463847,0.940892916097361,0.941402361491006,0.941606962991225,0.943093602113757,0.943421157156675,0.943567358978286,0.943861342423356,0.944196933130612,0.944363063853335,0.944626972867289,0.94497882589581,0.945192589812409,0.945519097248298,0.945825122751801,0.947907250793587,0.948169250188717,0.948496678328389,0.948657539289186,0.948733095264463,0.948956775487591,0.949105127646809,0.949278402582667,0.949329707095773,0.949450802071084,0.949577027182996,0.950342645853522,0.950464343190913,0.950618647440675,0.950725449774541,0.950782071542449,0.950828571771466,0.95091743234787,0.951122720213043,0.951191850531885,0.951387785434421,0.951463883182914,0.951597300744939,0.951667848173968,0.951738396332426,0.951828229567488,0.951932965310835,0.952403761093395,0.952545277395173,0.952631554743934,0.952752776150059,0.952841604852564,0.952930669548358,0.953016881158247,0.953131596381284,0.953214455466571,0.953244309965486,0.953334226672326,0.953373292588625,0.953438258797239,0.953493631366143,0.953540998477846,0.953629582971799,0.953687071783393,0.953730482247351,0.953773394865934,0.953829915106955,0.953870255405228,0.953940094960957,0.954424727312849,0.954460156454915,0.954469756308423,0.954507322008072,0.954548354049993,0.954581043956638,0.954616049656558,0.954677584211535,0.954716201545393,0.954771809601601,0.95481841589407,0.954852433705059,0.954895710122275,0.954935239738455,0.954977342307871,0.954988155686507,0.955011348430572,0.955053162318478,0.955092648944985,0.95511498988002,0.955139247314281,0.955166821246871,0.955192719486722,0.955223123556445,0.955245644249793,0.955258994110774,0.955299105291792,0.955310191347775,0.95532478235072,0.955343108964755,0.955365408458647,0.955395622308739,0.955410547717165,0.955438591901587,0.955449532684335,0.955459331347414,0.955480701175324,0.955504005616031,0.955521197933391,0.955523406018761,0.955557566183485,0.955567146970687,0.95559265850623,0.955596196235263,0.955616493667126,0.955634477961062,0.955644915876645,0.955663352270172,0.955686191602394,0.955703437221019,0.955727053386861,0.955761706078711,0.955775955778682,0.955800080743552,0.955819375142418,0.955829454953346,0.955834540548096,0.955850314865683,0.955857064949043,0.955865616977233,0.955877050665603,0.955902782644274,0.955916782009934,0.955933143766976,0.955944716932153,0.955956484828988,0.955960872091108,0.955965289575772,0.955978990963116,0.955987044163754,0.956001797391272,0.956008528941972,0.956019762959543,0.956027313196917,0.95603762483434,0.956043769210926,0.956049402243935,0.95605488045133,0.95606072743475,0.956065710391404,0.956077455244775,0.956081145517106,0.956097531489237,0.956102748963758,0.956112655398239,0.95611789803145,0.956124544648365,0.956135568033414,0.956143859754015,0.956152676055807,0.956163153205365,0.956171372488934,0.956184105303337,0.956188294203454,0.956201650928774,0.956204070382015,0.956210901081718,0.956219525297827,0.956223320440995,0.956229664137647,0.956237685393333,0.956252803769139,0.95626766124576,0.956274398226882,0.956280635209258,0.956287873991614,0.956293712264232,0.956296649243429,0.956301630610776,0.956309953397799,0.956315841989433,0.956321832802275,0.95633008999809,0.956336880717439,0.956344001941974,0.95634795217637,0.956361625134058,0.956366392281618,0.956372494560079,0.956378088511445,0.956385285475563,0.956391040429973,0.956394726509363,0.956395550381364,0.956399334168661,0.956405954704123,0.95641416215441,0.956418643487957,0.956422545435049,0.956430887672315,0.956433768676389,0.956436513899985,0.956450234157759,0.956455211768634,0.956462483866897,0.956468257190923,0.956471024542581,0.956476977597348,0.956481137551987,0.9564854717247,0.956490129981795,0.956497121507464,0.956498579168567,0.95650729402907,0.956510863400478,0.956516770365461,0.956518332091708,0.956521712403738,0.956526058042195,0.956528012154561,0.956531127598789,0.956537372944363,0.956542583178939,0.956551003589965,0.956562925431774,0.956566303322364,0.956567045469702,0.956569497262072,0.956571108885662,0.956575602404741,0.956578051481575,0.956581111783906,0.956587261336668,0.956593064752572,0.956600295645313,0.956606187474271,0.956612392356525,0.956616995039201,0.95662065826125,0.956692051411818,0.95669345450033,0.956698274703827,0.956699960467567,0.956701456520335,0.95670415783969,0.956712954895811,0.956718692041013,0.956721341509274,0.956725968362261,0.956734183266598,0.956738530347016,0.956750073800899,0.956755170319807,0.95676028329655,0.956764752865354,0.95676894763903,0.956771450565199,0.956771990911624,0.956777242594091,0.956780905927198,0.956785308704235,0.956791033300745,0.956792319152736,0.956792975776547,0.956795237015666,0.956796623226881,0.956799819145294,0.956801567812949,0.956806702767142,0.956808143744146,0.956813559482604,0.956814659920369,0.956819797304139,0.95682155578307,0.956826018167945,0.956829314232013,0.956830708100839,0.956839209730283,0.956845944907839,0.956851355580209,0.956852988132092,0.956855692862587,0.956858151551767,0.956884691038587,0.956885377300895,0.956890655490764,0.956900478442499,0.956904261766142,0.956910785306063,0.956911422535652,0.956914343044479,0.956916742174416,0.956920461288815,0.956921490523504,0.95692583135827,0.956929170641507,0.956931614398868,0.956933395061093,0.956939644154333,0.956940770031389,0.956942243112568,0.956944870345419,0.956950517725502,0.956952295166804,0.956953122452875,0.956958101910865,0.956963864455347,0.956964928420128,0.95696680423828,0.956969093729428,0.956975307071161,0.956976779166734,0.956978209980534,0.956981767354275,0.956982587968356,0.956985977348744,0.956987723434543,0.956990006772369,0.956991741991153,0.956995342643139,0.956998219282987,0.957001697745763,0.95700570513551,0.957008017708421,0.957011038839366,0.957019411025494,0.957023041261788,0.957025562836703,0.95702739272091,0.957030982398312,0.957033487414221,0.957034507193805,0.957036387668534,0.957038270248444,0.957039223749956,0.957040409909985,0.957045740822896,0.957046060589199,0.957048333408496,0.957053472174064,0.957055857815702,0.957056503112995,0.957060095848069,0.957062885036473,0.957065782813212,0.957067104253097,0.957069878989408,0.957071407087492,0.95707154643716,0.957075338193886,0.9570810200375,0.957083524766593,0.95708396205128,0.957086800280901,0.957097923632279,0.957101043257934,0.957102810338497,0.957103579516883,0.957104292850184,0.957107519918162,0.957113280686566,0.957117261222312,0.957119731086113,0.957120528410912,0.957121274863594,0.957123055645517,0.957125816432067,0.957128667362405,0.957131097066494,0.957139351612273,0.957140848618366,0.957142982605832,0.957144370688743,0.957149076707746,0.957150713768516,0.957153032197268,0.95715342940908,0.957156384150699,0.957156388584047,0.957159315948437,0.957159899669805,0.957161575044518,0.957163274845574,0.957164343309724,0.957165841010204,0.957166965117193,0.95717237027692,0.957174821068734,0.957177419726214,0.957183389057838,0.957185645263597,0.957186117536588,0.957188556733435,0.957190240028844,0.957192209548935,0.95719268765848,0.957194613131354,0.957196880770799,0.957198159320408,0.957199881601909,0.957200938949116,0.957202617815664,0.957208161620328,0.957210937068314,0.957214656986423,0.957217431715012,0.957220029157735,0.957221515309262,0.957222945527828,0.957230345151387,0.957233983883709,0.95723760207925,0.957240150796372,0.957244317081202,0.957246250049196,0.95724895415528,0.957250526928359,0.957255449024074,0.957257534162678,0.957258700289399,0.957261565009862,0.957264197669779,0.957271666678252,0.957274844726838,0.957276402716652,0.957278134276917,0.957279349992374,0.957283287857139,0.957284796316378,0.957286267195348,0.957290046494251,0.957291294853917,0.957293070288261,0.957296223712161,0.957298408234716,0.957301404724262,0.957301605846367,0.957302722716366,0.957305762266966,0.95730740584437,0.957309721416342,0.957310884530132,0.957312591204512,0.957314534360738,0.957317602740645,0.957318822114646,0.957320007799131,0.957321110205342,0.957324464317499,0.957326415354371
0.570431538584034,0.636523883035048,0.670747042394749,0.67595660339299,0.684178261673716,0.722813121808562,0.774898267038237,0.780967149695205,0.802636649285925,0.809041060369134,0.837419905588434,0.840994535437434,0.842607961059975,0.849709338466608,0.856861571610281,0.867147251000987,0.873539805333465,0.874197384038658,0.880340064275514,0.883885679918232,0.891403767891473,0.892038668969213,0.893084965973872,0.894891004041969,0.896355214690986,0.898557287474868,0.900659047084258,0.903828692878056,0.905512925493665,0.907985798562275,0.909826577967898,0.911888327900365,0.912426757872487,0.91450078283451,0.920939552094819,0.922693203520009,0.925003713190494,0.927549064052802,0.929298909721407,0.933004141758393,0.935328090520555,0.936441794556325,0.938820721632462,0.940308636156309,0.941050384430427,0.94319827873862,0.944900926539524,0.945961471372043,0.947607184508694,0.948456166090521,0.949294588616178,0.949817515995269,0.95018000019165,0.950702598927348,0.951167457387779,0.951717607295244,0.952045350099579,0.95233037126659,0.952551285293597,0.952979871965316,0.953604500835637,0.953886923397866,0.954140369892935,0.954266489560528,0.954635213830922,0.955191981671867,0.955433326792783,0.955657451247976,0.955728323938099,0.956062578925239,0.956465423187726,0.956603611220182,0.956756287679751,0.956974124210738,0.95723137534741,0.957451055445534,0.957634560282223,0.957754938455203,0.95810666867611,0.958322928825195,0.958492164285599,0.958561861165309,0.958797853210386,0.958990461241436,0.959024220630082,0.959713466638073,0.959836419970035,0.960426630063003,0.960556328115226,0.960658171863077,0.960772194329422,0.960840242411024,0.960948952479932,0.960988412849377,0.961110404892358,0.961184992556639,0.961313082331416,0.961373370643491,0.96149450294743,0.961542440039082,0.961826296519356,0.961986126543307,0.962123329176146,0.962196142665259,0.962228391973183,0.962345524985729,0.962448540841569,0.962473048703902,0.962611722162202,0.962648278437299,0.962712137357669,0.962736333495984,0.962809509805387,0.962909741545707,0.962977429959668,0.963009041336,0.963099490087516,0.963151713370743,0.96335341921946,0.963357762726624,0.96340629753442,0.963435424844862,0.963695313492828,0.963747730624733,0.963780785169938,0.963877989411975,0.963932329743987,0.96398467338924,0.964016628775082,0.964050707715092,0.964102401548885,0.964150941759187,0.964184082897212,0.964207620427459,0.964214689532656,0.964239970939536,0.964265216950121,0.964320358468304,0.964352052096341,0.964376898852392,0.964427287201962,0.96446535431585,0.964505487931095,0.964524971217394,0.964541070192021,0.964575511170669,0.964601527499167,0.964623198745466,0.964655298893917,0.964670640682239,0.964681559779011,0.964702148538417,0.964728699473663,0.964738367965923,0.964758379602785,0.964805329131303,0.964861666309665,0.964893120217438,0.964910785493591,0.964925734257091,0.964941252845707,0.964959956874688,0.96496431332104,0.964977489616719,0.964984714320613,0.965025153120976,0.965035334497451,0.965054196740035,0.965076001805833,0.965088039097986,0.965096398360179,0.965108209935212,0.965111525512938,0.965123507227145,0.965134124361919,0.965138377534519,0.965149276403024,0.965160981064209,0.965175201635366,0.965186605658671,0.965195202308513,0.965202630783839,0.965219418458371,0.965243105224181,0.965255812600624,0.965283189567978,0.965283995168878,0.965290770616356,0.965297910591675,0.965332434436273,0.965335664060683,0.965359651775495,0.965380839728691,0.965384252599928,0.965402743489735,0.965421450540691,0.965451697276443,0.965488786518417,0.965512398067999,0.965547012084907,0.965557346179204,0.965570789960342,0.965591863232008,0.965596827618329,0.965618631948142,0.965640067646732,0.965671659269022,0.965679795291103,0.965708049409455,0.965718126064691,0.96573193711077,0.965741630636873,0.965755684395819,0.965762404835637,0.965764571048021,0.965769821533264,0.965786000445147,0.96580946362779,0.965817789419314,0.965821384352376,0.965842117966486,0.965856135451536,0.965872243412953,0.965874642564395,0.965884312284461,0.965890489376875,0.965900162176917,0.965906999498772,0.965912713542027,0.965924722209513,0.96593205942172,0.965938509648669,0.965948874120216,0.96596617412387,0.965980851762998,0.965991537182402,0.966047915049512,0.966057010920148,0.966064925085023,0.966076237126818,0.966078294338278,0.966080409732531,0.966086046432246,0.966091186205679,0.966094583110385,0.966100862991819,0.96610836630451,0.966115839215772,0.966123720334426,0.966135683044035,0.966139928207164,0.966147637806753,0.966160444016691,0.966171921170901,0.966182161328221,0.966186056097196,0.96619420743626,0.966200172290227,0.966207150162012,0.966216779130799,0.966223082016092,0.966224300818068,0.966226950667149,0.966229949903721,0.966232432219939,0.96623851223593,0.966242752171731,0.966249425824128,0.966252130822105,0.966262437028221,0.966269530108448,0.966273089187202,0.966277351519413,0.966282633109272,0.966288386346679,0.966292488799982,0.966297946810054,0.966301278332788,0.966304537038204,0.966307251015941,0.966313344890944,0.966319179564572,0.96633336247071,0.966337129128899,0.966346289509177,0.966349111302642,0.966356347679127,0.966359788368238,0.966363912536247,0.966364487627918,0.966374303499329,0.966377584309333,0.966379782958673,0.966382297414328,0.966387796468999,0.966392912220584,0.966398690752187,0.966400531752344,0.966410153418819,0.966413657572366,0.966417661703669,0.966419908876881,0.966423851047393,0.966426214369875,0.966428622169527,0.966432520906762,0.966434696304577,0.966439111456759,0.966440869721737,0.966444519612513,0.966453353515067,0.96645594764946,0.966462755398532,0.966465559461286,0.966471129173013,0.966476602377714,0.966482981507061,0.966492231120838,0.966500748659024,0.966504676075824,0.966511103277274,0.966513873369842,0.966517989020313,0.966519772394109,0.966523995196293,0.966526506653345,0.966529510622884,0.96653453248291,0.966545159335962,0.966551344206778,0.966552201069315,0.966559843807229,0.96656115563387,0.966564542007348,0.96656796113601,0.966570278654057,0.966577553158403,0.966579710355925,0.966580397108488,0.966583192172352,0.966585639256144,0.966591482033806,0.966595586993041,0.966597463149281,0.966608253855235,0.966614345672246,0.966616265461996,0.966621598330428,0.966624622103321,0.966629392020607,0.966672587154001,0.966680911183139,0.966688444243266,0.966689674490747,0.966696586718875,0.966701834479874,0.966706884097747,0.966707870408564,0.966712111352955,0.966716161521992,0.966719313136109,0.966721649244465,0.966726231743592,0.966731394156038,0.966733400941432,0.96673657127304,0.966741006380955,0.966741418275607,0.96674482875062,0.966753278864406,0.966759625746796,0.966760145909267,0.966761552094401,0.966763623839494,0.966772438150212,0.966777588845937,0.966780320927577,0.966780869327263,0.966784532647914,0.966787129052417,0.9667885009829,0.966792944506381,0.966794897339777,0.966801010948052,0.966802971620059,0.966807313193933,0.966811867747762,0.96681726612177,0.966820250099273,0.966822320975795,0.966826834163342,0.966832671873064,0.966836641128945,0.966838821379965,0.966839379283105,0.966842223218887,0.966842829459583,0.966845456879482,0.96685048150495,0.966854907667633,0.966857055072975,0.966861278621461,0.96686243523368,0.966864725087944,0.966865263360029,0.966872181744039,0.966874363540618,0.966875641461502,0.966879705652223,0.966885448039068,0.966886743662399,0.966890438998422,0.966894068251737,0.966898921139318,0.9669002306584,0.966903769945939,0.966906843492441,0.966911586431572,0.966916960068215,0.966919863892467,0.966924229946448,0.966928785449444,0.966930513698597,0.966933836964429,0.966935006096377,0.966936328876173,0.966940431793573,0.966945134969914,0.966947480801304,0.966954185061895,0.966958419418955,0.966959069330191,0.966963499044671,0.966967795534346,0.96696931859645,0.966973407643351,0.966976856259496,0.966977419370352,0.966980813768532,0.966982860803104,0.966984742962994,0.966987984840949,0.966990841715379,0.966994867189369,0.96699915349244,0.966999628240591,0.967003034907173,0.967009738815011,0.967012330606461,0.96701720751002,0.967019730012056,0.967020827743973,0.967025537598741,0.967028533440619,0.967029123021296,0.967032055454665,0.967035645144524,0.967039031997193,0.967041098269828,0.967046862224541,0.967053237295602,0.967056721316534,0.967059927293359,0.96706310412179,0.967064519777731,0.96706587310557,0.967066672801754,0.967067188435123,0.967069629849519,0.967074018952244,0.967076074183658,0.967080454405261,0.967082442577232,0.967087239891407,0.967089632906266,0.967093207404193,0.967100601637588,0.96710205177245,0.967104173675326,0.967105102629821,0.967109125749342,0.967115563057687,0.967117537772232,0.967122060672086,0.967123317399865,0.967125835130616,0.967129571631152,0.96713053134849,0.967135459415891,0.967138116522192,0.967141133118121,0.967145788502752,0.967149149376417,0.967150882360526,0.967152614690927,0.967159382454004,0.967159713681136,0.967160237761248,0.967161698609039,0.967166757853141
0.62312528334482,0.668398665176061,0.672653642897113,0.674875390365205,0.68220962373447,0.716334590286766,0.732643006213412,0.740686212332142,0.743158428568955,0.76239093378267,0.773902708366489,0.782992267807556,0.78912354515091,0.789769413736827,0.793742738089511,0.800454525614716,0.815566731885936,0.830295752100703,0.837613115157733,0.838872340429847,0.856346800458687,0.864758164238289,0.869230276273987,0.8753566453719,0.877431257120039,0.881660962068223,0.882851748252795,0.90139820790637,0.904262677285945,0.905977015332974,0.922137415148703,0.923193666412199,0.927081054973136,0.933658488368115,0.93491913097945,0.937579349918493,0.948834769594004,0.95061586856994,0.951749376483679,0.95421451665698,0.955102032277414,0.955638027672268,0.956228277069769,0.957187189999265,0.959149114263991,0.960062289166211,0.961067927164622,0.96174447334497,0.962354655773742,0.962658638629883,0.962983886567813,0.964435203586975,0.964843638797539,0.965271621567157,0.96556987447597,0.965932553557942,0.966208625313339,0.966410235469519,0.96661148555364,0.966751884595779,0.967189491034206,0.97134727951549,0.971567698836874,0.973281198301683,0.974041452564808,0.974222485073556,0.974619936460255,0.974776584835926,0.975013148645131,0.975248271650774,0.975334498135891,0.975577512232083,0.975666518784016,0.975846288045513,0.975896317050873,0.976021622255196,0.976131807301684,0.976252211492122,0.977080480990188,0.97722162748126,0.977257762805772,0.97737873352128,0.977488552644339,0.977548908578232,0.977739827670592,0.977829670934789,0.977938850079542,0.977980496397287,0.978080364273851,0.978558228927063,0.978603543916943,0.978687803981875,0.978730914115743,0.978854292339242,0.97898785048152,0.979026877804597,0.979112351495758,0.979150357038232,0.979191910681612,0.979241742799133,0.979497275203372,0.979531624095464,0.979576964881291,0.979607044746514,0.979654301183732,0.979699828278592,0.979771197855045,0.979807649338289,0.979831491102016,0.979892882849368,0.979911356826338,0.979948904111192,0.979970438716622,0.979994659351264,0.980071779902365,0.98009481091281,0.980146977026521,0.980200126567455,0.98024663805229,0.980289302273958,0.980376864433262,0.980386876030097,0.980458719258444,0.980487644049014,0.980530621448382,0.980544577607896,0.980923283300641,0.980954721492462,0.980988947885775,0.981046789742477,0.981061973769488,0.98110308794276,0.981110317606451,0.981130361093385,0.981139944930093,0.981180953577907,0.981202585543001,0.981424554491921,0.981464855676791,0.981491521225506,0.98150545947401,0.981516589784211,0.981537985566392,0.98155296857598,0.981579827786411,0.981611207889731,0.981649845576209,0.981654264237063,0.981698628463145,0.981730374334609,0.981747449253467,0.981768425747851,0.981853945773734,0.981911909126746,0.981923592727525,0.981925845019124,0.981939241254952,0.981959478178191,0.981975973288655,0.981991826907925,0.98201586312375,0.98202318847109,0.982036155871512,0.982044831397348,0.982051612494778,0.982060948489547,0.982111105423526,0.982129547778065,0.982141150495025,0.982154681652794,0.982167313790182,0.982181502641245,0.982191752960677,0.982204801592037,0.982212710115521,0.982231220480078,0.982249485691707,0.982265372251624,0.982268486644121,0.982280744910111,0.982307652506018,0.982317597395149,0.98233039045281,0.982340560393418,0.982392900686085,0.982397062250032,0.982408627408002,0.982419299330964,0.982420571775806,0.982423565286244,0.982441292396768,0.982458048770594,0.982467217207478,0.982473868163745,0.982477197445717,0.982499329854742,0.982508653737228,0.982526016786798,0.982535339494401,0.982542315637986,0.982629570062238,0.982637863211729,0.982646898488231,0.982655973564958,0.982660609551451,0.982665936684001,0.982676494105679,0.982683077478198,0.98268853426676,0.98270296498316,0.98271079791286,0.982716230479171,0.982720079116216,0.98273035590037,0.982738096957447,0.982740372471548,0.982756341714731,0.982759265409332,0.982762279367405,0.982767282405165,0.982774888242875,0.982782196177143,0.98279364241341,0.982795467462034,0.982800202378751,0.982803216346121,0.982816893376118,0.982823553994037,0.982837000137446,0.982842105635522,0.982854755098159,0.982867344295347,0.98287061835454,0.982871711735792,0.982877231513316,0.982882812502505,0.982901272573867,0.982913587123957,0.982916929386779,0.982923170209346,0.982931663656862,0.982953520136407,0.982956283780056,0.982961171948615,0.982974409580768,0.982987512120175,0.982996720584256,0.983000959842758,0.983009184618031,0.983013501405977,0.983022942602572,0.983026093262057,0.983029917627106,0.983046073162316,0.9830503504196,0.983076933754879,0.983085268133075,0.983091785300097,0.983099861936757,0.983106371936872,0.983108195838285,0.983118981693648,0.983125296599922,0.983126948223881,0.983131015934233,0.983132236286696,0.98314370422979,0.983145190454632,0.983151674600167,0.983162046883663,0.98316838883428,0.983170364020722,0.983177473385385,0.983180128994869,0.98318075702743,0.983187469422288,0.983192552247655,0.983195673188929,0.983202835802345,0.983209805816901,0.983212944896425,0.98321555193856,0.983217904791032,0.983221278155059,0.983225619284763,0.983227504632044,0.983231868556406,0.983236935615998,0.983245786504896,0.983252045199651,0.983257800237204,0.983262346646005,0.98326574969524,0.983277101133515,0.983282462062194,0.983309881522437,0.983313839435376,0.9833217209285,0.983330332440622,0.983340120057876,0.983345841156884,0.983350348931571,0.983354600515323,0.983357097611248,0.98336565638476,0.983374880884934,0.983378161933932,0.983383878242491,0.983386070334916,0.983391049016596,0.983400001474138,0.983403721465234,0.983407566358573,0.983410818826081,0.983432507711608,0.983434202572478,0.983437781727541,0.98344177479104,0.983445292713186,0.983450471912162,0.983456038052137,0.983458108117474,0.983469042404854,0.983473492764508,0.983480070415788,0.983481984949441,0.983482709619902,0.983485041177399,0.983488242199777,0.983490206919056,0.98349742032387,0.983498403010692,0.983503513739044,0.98350762487483,0.983509389177857,0.983513041557305,0.983517078804662,0.983522912103776,0.983534085537346,0.983538243203361,0.983539779421571,0.983541384949803,0.983541962088554,0.983549593353242,0.983554684788357,0.983557591617079,0.983563429529088,0.983565068172509,0.983567116952368,0.983573503388038,0.983577958678563,0.983581994168836,0.983589487242382,0.983596581885015,0.98360036565188,0.98360531351545,0.983608309060506,0.983612106516174,0.983619078483825,0.983627309205506,0.983634259271366,0.98364347853111,0.983653776764872,0.98366111634715,0.983664513818096,0.983667126818283,0.983674422873903,0.983678272741792,0.98368160834965,0.983684488630417,0.983688326680862,0.983690987023009,0.983693809464792,0.983695870677658,0.983698863641504,0.983701658495186,0.983706800437462,0.983709377486256,0.983714016718244,0.983717820156926,0.983723457262565,0.983726023273584,0.98372958785364,0.983734328165555,0.983737291183444,0.983745381210028,0.983754009076907,0.983755468478434,0.983760010486667,0.983761498305438,0.983767913146852,0.983781920581744,0.983783681160699,0.983787132627675,0.983792816500663,0.983794201849878,0.983798916239543,0.983801885362371,0.983802948952375,0.983804962354598,0.983807785795563,0.983811691145594,0.983813689958246,0.983817122036961,0.983817824044148,0.983823543708615,0.983826074926595,0.983828534214012,0.983830130593986,0.983832794815249,0.983836065914724,0.983856533289599,0.983858279037813,0.98385887967645,0.983864350601257,0.983865325160051,0.983870213729857,0.983871217718658,0.983872940179808,0.983875419145468,0.983879078527133,0.983879825371764,0.983882408263497,0.983884917049839,0.983888306519621,0.983890691683898,0.983894769161254,0.983895697290301,0.983898004315366,0.983899909837297,0.98390107138987,0.983903622133489,0.983909119064603,0.983911854966762,0.98391409908039,0.983915580087425,0.98391840251235,0.983920496143757,0.98392130097965,0.983922363949616,0.9839240119789,0.983927444741142,0.983929049363334,0.983929483927973,0.983931743145844,0.983934521872739,0.983937851068258,0.983940206392635,0.983942893373613,0.98394613037675,0.983947088291801,0.983948012245332,0.983950829446315,0.98395110683446,0.983957649748168,0.983960524207997,0.983961647905305,0.983963882777167,0.983966101844424,0.983968217050145,0.983970375714512,0.983971035970883,0.983972512418408,0.983975228443748,0.983976418902311,0.983978078245697,0.983982638657886,0.983983825871571,0.98398501619617,0.983986215162839,0.983987334292305,0.98398736560093,0.983991468759066,0.983993127828466,0.983994465559253,0.983995517159551,0.983999457773851,0.984000977623179,0.984001467021928,0.984002179837138,0.984002549225323,0.984005583879935,0.984008201555978,0.98400997668283,0.984011166453921,0.984013452937285,0.98401529315054,0.984018647822108,0.984022250848769,0.984024795439798,0.984030823377992,0.98403497559203,0.98403655042613,0.984038100900127,0.98403927900547,0.984039565121169,0.984041067330845,0.984042569173651,0.984043221843051,0.984045839650759
0.688221583097528,0.700245005890306,0.702601814804658,0.727317699408205,0.73717799954762,0.761306834371755,0.76911536248386,0.775870397661551,0.777900815462461,0.797294110695484,0.800523803452688,0.819283101662327,0.821801859901612,0.823173384868749,0.8259747690351,0.831577231958788,0.847127213153818,0.851790574892701,0.857400240372934,0.866865907698407,0.873800983872252,0.877880004609148,0.879623494856043,0.882444562087837,0.887268066529633,0.889167555770701,0.893666061075511,0.896315322957108,0.899186553741528,0.899911809162797,0.901901662557864,0.902849814921357,0.905862084361821,0.909027029063737,0.910236040093438,0.910847641821757,0.91154968157852,0.91240825712599,0.913223319039006,0.913819769285441,0.914444460922359,0.914796895029903,0.915367721273043,0.91564085626943,0.915929149065817,0.916269669550563,0.916590325554627,0.91679955109851,0.917326446851305,0.917487483383522,0.917690892897442,0.917836983388197,0.917986326845077,0.918220128785485,0.918369508074834,0.918486924183292,0.918655807837712,0.9188548044333,0.91901280200642,0.919160987030163,0.919233094417578,0.91935831226859,0.919627046681891,0.919695181068959,0.919770231392297,0.919900330187136,0.919987841510959,0.920059091295549,0.920131976340435,0.920197994822352,0.920281025123056,0.920338552638287,0.920415642256921,0.920505073673387,0.920699342718384,0.920754603255791,0.920822881173851,0.92091828532402,0.920945278867919,0.920995810891833,0.921347093591908,0.921379827438344,0.921478859636811,0.921544070422095,0.921612745497205,0.921670737978658,0.921730365711001,0.921793123579865,0.92185686375502,0.921896824934875,0.921953781494592,0.921980955153425,0.922005215755467,0.922034226726136,0.922059511606911,0.922086101112518,0.922111365292837,0.922134186250453,0.922184317182324,0.922201234563852,0.922239601957413,0.922283281614849,0.922333992503496,0.922353908539755,0.922387439022992,0.92240727095565,0.92242549663518,0.922448460284716,0.922469403114711,0.922485709635904,0.922516672093168,0.922542166495461,0.922559657561607,0.922589082663921,0.922603874587433,0.922631635853868,0.922649367898114,0.92266785811962,0.922677275745253,0.922697150042549,0.922865445100763,0.922893513170779,0.922905684835576,0.922926628643871,0.922945982190434,0.922967546353069,0.922995990491886,0.923036120148975,0.923047078412081,0.923065268981892,0.92307400262077,0.923081121834636,0.923097371491034,0.923207018157228,0.923223952132455,0.923256655482599,0.92326236173464,0.923276127808726,0.923285319979115,0.923300542459099,0.923309051375363,0.923321586024484,0.923328784957642,0.923346109122903,0.923357435824363,0.923362949147175,0.923374250489941,0.923385655646117,0.923393024913601,0.923401266862405,0.923408862792495,0.923429463928326,0.923439229470459,0.923450168152973,0.923460245081531,0.9234769100667,0.923485488251384,0.923491932683974,0.923502461663031,0.923520266982531,0.923527763711691,0.923539801862473,0.923544404822703,0.923556110166549,0.923561698883583,0.92357667927791,0.92358835964307,0.923601814021318,0.92360923937167,0.923616790661173,0.923622011493402,0.923633581184789,0.923643695669472,0.923649839632531,0.923659605229739,0.923666400046987,0.92367616743381,0.923693201483428,0.923697734989301,0.923702214555542,0.923752510233794,0.923767947949903,0.923776649510667,0.923781522864777,0.923787269159069,0.923793272544826,0.923799652437832,0.923807248767798,0.923809653482847,0.923815563782404,0.923828311752208,0.923837560205089,0.923843818255346,0.923849815815291,0.923867721388098,0.923873645527576,0.923880506960999,0.923886870667887,0.923901283604337,0.923906433037482,0.923912678015189,0.923916001399907,0.923918934952934,0.923923138304275,0.923929055406441,0.923932625932338,0.923943935085632,0.923949050077976,0.923952214459056,0.923956020449525,0.923961510468336,0.923969852495432,0.92397247824644,0.923978876947617,0.923982437685921,0.923987602247847,0.924007791147759,0.924012373364934,0.924013586537891,0.924023103578341,0.924028579523005,0.924037523490944,0.924042292121975,0.924046808417288,0.924050991109169,0.924053571840738,0.924059720890435,0.924066395954387,0.924068416536354,0.924072947201802,0.924076159790216,0.924080641520286,0.924083343119718,0.924086351407092,0.924094806460277,0.924095271756106,0.92409634732806,0.924102037877715,0.924103426822071,0.924109170973358,0.924110615523514,0.924115270788958,0.924115651352848,0.924120274116082,0.92412336647156,0.9241253218935,0.924128116446294,0.924131804336115,0.924132697572283,0.924157229808211,0.924159119524854,0.924164999685555,0.924167561879409,0.924194806485345,0.924198236893807,0.924199314186109,0.924200866801645,0.924204170584648,0.92420683985332,0.924207773232415,0.924211891172935,0.924212627770616,0.924214575186632,0.924218453054565,0.924220938580634,0.924223441519736,0.924227625913438,0.924230877443872,0.924234308624096,0.924238321121445,0.924239819287949,0.924242336447499,0.924242556575877,0.924245546000008,0.924248025692952,0.92424969412134,0.924252111034122,0.924254309323364,0.924258433960183,0.924259362627371,0.924260636262319,0.924261557505887,0.924262909147551,0.924266439186597,0.924267936800639,0.924269476508504,0.9242749010343,0.924276621879032,0.924278160279673,0.924281911433983,0.924282585565631,0.924287554024253,0.924296333258924,0.924301728488031,0.924303022705183,0.924304694939117,0.924308108356007,0.924310978387207,0.924317759743791,0.924320104468206,0.924324067469665,0.924326617647255,0.924327354401081,0.924330425660652,0.924331652782898,0.924334462970589,0.92433785809424,0.924339992103319,0.924343209778351,0.924346155101245,0.924347465550051,0.924349780859948,0.924350239501577,0.924353554365083,0.924357381360673,0.924361029013695,0.924366692615162,0.924367751557206,0.924368485163376,0.924370022318618,0.924371950541974,0.924374043913814,0.9243754577047,0.924379188296711,0.924381629106899,0.924386179827222,0.924389896173506,0.924390963373352,0.924391778946891,0.924395798569952,0.924400326640285,0.924402696909483,0.924404643729814,0.924407235911926,0.924412934266145,0.924418453867038,0.92442125510375,0.924426217134347,0.924429264729878,0.924437496074335,0.924438895972741,0.9244514050674,0.924455238428006,0.924455960094022,0.924458565471833,0.924461746439056,0.924462492511365,0.924463890672263,0.924465630208791,0.92446773780753,0.924470580271592,0.924475109132891,0.924478135395347,0.92447901302214,0.924482432126934,0.924490325727087,0.924491670257406,0.924494114155746,0.924495266327102,0.924501376522909,0.92450674469058,0.924507705583655,0.924509113543203,0.92451031666262,0.924512538256844,0.924516076193432,0.924518191041025,0.924519827250448,0.924520215948822,0.924521903851444,0.92453065445735,0.924533000245368,0.924535997126744,0.924540532143812,0.924542188582565,0.924544934055539,0.924548418464652,0.924549498171053,0.924551249160508,0.9245522852083,0.924553675384988,0.924554870407409,0.924561208667324,0.924565604382215,0.924569239803151,0.924571851469108,0.924577473663969,0.92457993454527,0.92458039043098,0.924582007544336,0.924582600521228,0.924583970304395,0.924584590052274,0.92458639184907,0.924589563318102,0.924592153740578,0.924597088881193,0.92459873837819,0.924600891263267,0.924602496400469,0.924605692169196,0.924607914310026,0.924610358224415,0.924612695734888,0.924614116702286,0.924616077431757,0.924617524668141,0.924620035578909,0.924621564207258,0.924624845621846,0.924629138730164,0.924631014397306,0.924633159957983,0.924634506643893,0.924636426531241,0.924639173386988,0.924639984023998,0.924640927297849,0.924643283166305,0.924645261246449,0.924646757301244,0.92465014351294,0.924651402610365,0.924652376319486,0.924653567691613,0.924655104713487,0.924658442068231,0.924661243520433,0.924663581859312,0.924665193629736,0.924667977467831,0.924668994216454,0.924669655483573,0.924670549403481,0.924670757973863,0.924672325804872,0.924673570749125,0.92467473093452,0.924676285032839,0.92467675224139,0.92467742798317,0.924678595056692,0.924680732095097,0.924682521592017,0.924684348854079,0.924684921732116,0.924686665071882,0.924687427278768,0.924692330172311,0.924697831787937,0.924699007084995,0.924699612707879,0.924701164505403,0.924702330299572,0.924702761696446,0.924703793619075,0.924705190556042,0.924705958071491,0.924706407591597,0.924706927523455,0.924707508101693,0.924708822646019,0.924713020538327,0.924714491778079,0.924715179330143,0.924716564176999,0.924717787372351,0.924718918832664,0.924719554424547,0.924721061377066,0.924721247695381,0.92472378470144,0.924725049658415,0.924725321632488,0.924726298520511,0.924728047472655,0.924729197810159,0.924729282058546,0.924730482437286,0.924731371021349,0.924732542738296,0.924732988580346,0.924734424640313,0.924735188246088,0.924737269858794,0.92473767841461,0.924738357597052,0.924738987517369,0.924739540762121,0.92474078603061,0.924741878065503,0.924742442166638,0.924743040877519,0.924745327277709,0.924746942508449,0.924748194469324,0.924750245068415,0.924751689389593,0.924753164511919,0.92475383039553
0.509755685787395,0.602660788075517,0.616797238377948,0.625359251563683,0.673200948799084,0.683707772838849,0.729443028548107,0.733118936384449,0.740940532285879,0.756006208519126,0.764395333095301,0.784540234118995,0.788739810943568,0.797295371067525,0.8123966791404,0.815499982756508,0.827880540554871,0.834529086841239,0.842346104115095,0.85354486425098,0.861252068628915,0.86656686030036,0.902583261311296,0.905160366626324,0.909917127558532,0.91446505288231,0.916109955872672,0.921948917684211,0.926382269953788,0.927953984686223,0.929425524461701,0.934435405248745,0.935575816039967,0.936114318571297,0.937117398004013,0.93839282853132,0.939065910362975,0.939713853888975,0.941957873835697,0.942537383829626,0.945124780388784,0.946106905140363,0.946938923966569,0.947925365460543,0.949075401123497,0.951029566805129,0.951392002019768,0.952175266504296,0.952823598296251,0.953050335341382,0.954117798811445,0.954697605777563,0.955651631281987,0.955868572764407,0.956203719100175,0.956712597978807,0.958007834915318,0.958956995606721,0.959192592077474,0.959809970726625,0.96002355829224,0.960141708816304,0.960310039993481,0.960642248313124,0.960733521395053,0.960911316218144,0.961187452614458,0.961306904782662,0.961469169019199,0.96155535564363,0.961719665476718,0.961778861140001,0.961833799167033,0.961902153503732,0.962027702946665,0.962122117195271,0.96218504426094,0.962299335157919,0.962472158190278,0.962556984214879,0.962615946766161,0.962686241714899,0.962770303667145,0.963610572786127,0.963634436422925,0.963698634496996,0.964792022248634,0.964832336358129,0.965111841614279,0.965225988479924,0.965382619781829,0.965402853326178,0.965460510274582,0.965529362660398,0.965624946327893,0.965682543234482,0.965716065394991,0.965756232483303,0.965790711281759,0.966118531876099,0.966207620369435,0.966258736617131,0.966304732409686,0.966333495034193,0.966403091092139,0.966432327842963,0.966461842276363,0.966503502511597,0.966537769862092,0.96657062562322,0.966601758275403,0.9666517919744,0.96707070640145,0.967147947211881,0.967195914471559,0.967341121065765,0.967414716602118,0.967491309828762,0.967539879784808,0.967588301529192,0.967615117970154,0.967644181318332,0.967704200607545,0.967731777032497,0.96780869909218,0.967855345044663,0.967874496328173,0.967909515949784,0.967932394874718,0.967959850181009,0.967980588385083,0.968017653498805,0.968044813139719,0.968076721734739,0.968101325107764,0.968113873777916,0.968134923569164,0.968153319653489,0.968166185711005,0.968211858713979,0.968241930473864,0.968261468909398,0.968282683642685,0.968308583578855,0.968324428819346,0.968375258248395,0.968398209960282,0.96842632212474,0.96843328969446,0.968441045843561,0.968465019848583,0.96848137918371,0.96851835525019,0.968539197932151,0.968558504712005,0.968607382140334,0.968613552409968,0.968623939026559,0.968654100344165,0.968660699462595,0.968672774120141,0.968705331458137,0.968734030266922,0.968751084611442,0.968765569237577,0.968779464020375,0.968791180745972,0.96880424090765,0.968823674183802,0.968841794882052,0.968867970032865,0.968869121567653,0.968885987987362,0.968901260591052,0.968909834188753,0.968937730453636,0.968953103036889,0.968968407639204,0.968979414656337,0.96899635195382,0.969059990779369,0.969061828221013,0.969082487028244,0.969084605980859,0.969105886202468,0.96912362976496,0.969156336005531,0.96916097792668,0.969173804867501,0.969178090196407,0.969197378427703,0.96932874523571,0.969411613500237,0.969420369082173,0.969428502521048,0.969434219708679,0.969447654632466,0.969460941270373,0.969482794564717,0.969486201681468,0.969488846756684,0.969496732873612,0.969503218441866,0.969504857931206,0.969538405883188,0.969550299289278,0.96955608524851,0.969566025897368,0.969571956262444,0.969578483126355,0.969584026256082,0.969591011968604,0.969598458374678,0.969604041510474,0.96961208375107,0.969616841414871,0.969629988610667,0.96963300809399,0.969645368068149,0.969652342088316,0.969664027398911,0.969675162353457,0.969686941242006,0.969697319327623,0.969711718888079,0.969717271499754,0.969719819985853,0.969733447996678,0.969742127981469,0.969745818108233,0.969753930417168,0.969760018546453,0.969765323985691,0.969784623493314,0.969789506271489,0.969799178045899,0.969812269983709,0.969819995242806,0.96982377899954,0.969841981078712,0.969848747405853,0.969849087719531,0.969859583740695,0.969868891796914,0.969874847816266,0.969877245916233,0.969884194741185,0.96989205930957,0.969894127229864,0.969908787294843,0.969915877827936,0.969921060031128,0.969932999108633,0.969938005439869,0.969942852146367,0.969964355508149,0.969975437698177,0.969979832606399,0.969981583070226,0.969992307245409,0.969994345460822,0.969998867155245,0.970001110678825,0.97000563930684,0.970018610348375,0.970027530402825,0.970042679312616,0.970047412960746,0.970059054193317,0.970064599691637,0.970065864378575,0.970072820333514,0.970076158628076,0.970081523031311,0.970095104717191,0.970101189018141,0.970105049058309,0.970110123730855,0.970111338347767,0.970118214019805,0.970121464191037,0.97012540546201,0.970132119974191,0.970137190202202,0.970141994384463,0.970145149357389,0.970146546410041,0.970153134964316,0.970156542968443,0.97016674383898,0.970167578665845,0.970172921473717,0.970175729749737,0.97018746360115,0.970191236027109,0.970193877675639,0.970195612898579,0.970199749628003,0.970210581857244,0.970220563824524,0.970223143553561,0.970224898722019,0.97023777355968,0.97024143486757,0.970247304322426,0.970250857085799,0.970252977224628,0.970255269917754,0.970260240581762,0.970263847705427,0.970265983728326,0.97027241100026,0.970274702122067,0.97027947256269,0.970297086615921,0.970300930488883,0.970304638494995,0.970308972407995,0.970325434347076,0.970330647203231,0.970339961735165,0.970342433602414,0.970346675916247,0.970350494875841,0.97035201125563,0.970356740684255,0.970358760870385,0.970362723310522,0.970364078983683,0.970380517766669,0.970383412609321,0.970393299540733,0.970397944691764,0.970400391387016,0.97040178902775,0.970410721520976,0.970418220367837,0.970420240867032,0.970426479393483,0.970431958559364,0.970435985186819,0.970437258646496,0.970443550160133,0.970445287958991,0.970447922737978,0.970448920954278,0.97045192695239,0.970455290705788,0.970456654811137,0.970461289461834,0.970464544356398,0.970466432529665,0.970474784812168,0.970477796586259,0.970480247902391,0.970483071332784,0.970492733006498,0.970495881773845,0.970498228794986,0.970502075834684,0.970509102399106,0.970510639876453,0.970512324618383,0.970515646732592,0.970517176936131,0.970520329252921,0.970524021841553,0.970525556853649,0.97053395052051,0.970535073619761,0.970536256896556,0.970539121658378,0.970540317652113,0.970542501961155,0.970546775600168,0.970549321961101,0.970550525935124,0.970553980137532,0.970564834331113,0.970568329484259,0.970570663108405,0.970575369074905,0.970578090801027,0.970580050214392,0.970582690895635,0.970585808189146,0.970589189534306,0.97059616506169,0.970597421687686,0.970602399430502,0.970603581490416,0.970610077032102,0.97061242197006,0.97061725645498,0.970618460054692,0.97062184551175,0.97062318340989,0.970626306267121,0.970630396630498,0.97063049975412,0.970632149276552,0.970637151610974,0.970638305126879,0.970644466709607,0.970647927859235,0.970652912475489,0.970654680916932,0.970656357042036,0.970659652858785,0.970660944605575,0.970667506647267,0.970669846921186,0.970673098655993,0.970675517198408,0.970678435914359,0.970680068357323,0.970681034866355,0.970683155660626,0.970684522925691,0.970686250009233,0.970689833248337,0.970691963866105,0.970694317839508,0.970696181259597,0.970701862013597,0.970702230707816,0.970704749429739,0.970706599726052,0.970707330430463,0.9707117339515,0.970714427765231,0.970715462435819,0.970716291711762,0.970718977989175,0.970721349930142,0.970721871666835,0.970722505240541,0.970724952419402,0.970725080284072,0.970726865144332,0.970727504461801,0.97072869037901,0.970731085321521,0.970732873583575,0.970733334026599,0.970736010579158,0.972293065024021,0.97229381470436,0.972294533127144,0.972295683910572,0.972498032918534,0.972499650099597,0.973716719896202,0.973718097971368,0.973720944755742,0.973722601088844,0.973724711929561,0.973774454201028,0.973776450203591,0.973778158121315,0.973963174718157,0.973966049195867,0.973966555469766,0.973999407325446,0.97400329592444,0.974007240383711,0.974010611435155,0.974017590742889,0.974052255658885,0.974056198033711,0.974058653283379,0.975999332550602,0.975999352866715,0.976061433896707,0.976063172732682,0.977501471785547,0.977502372240464,0.977512003428111,0.977514120529979,0.977548892422951,0.97756686767986,0.979202183519529,0.97926911862194,0.979354207913764,0.979365923163889,0.979370306618166,0.980735207511299,0.980759638001117,0.980872803100986,0.981769206397692,0.981965814100192,0.981974858170052,0.982147515716534,0.982232622413698,0.982459681726656,0.982536233018417,0.982547905374217,0.982564709892485,0.982639158628053,0.982746267950772
0.522102243284476,0.536492526348019,0.537658554923697,0.55532254245044,0.582250436483443,0.608432012113008,0.610947006618619,0.614197699186905,0.640459841589814,0.654571201815944,0.717059528329508,0.728053003772183,0.737248903268413,0.765667235174191,0.783768864687218,0.804666739118194,0.819863225685475,0.841301198392387,0.851363303697995,0.85396185942768,0.862998570728385,0.873944267715116,0.87745500391029,0.880649840493549,0.889284468914611,0.89272578365336,0.896573283774524,0.898122775033016,0.905796380396873,0.912721269297053,0.917314160270473,0.919770293517899,0.921909550059595,0.923511967788762,0.925920675818457,0.929036343348475,0.930523911869925,0.931464716651286,0.932727072944868,0.933328659479251,0.933988494489144,0.934881573235195,0.935512910637865,0.935881287388607,0.936406217477182,0.936921046427717,0.93744826334715,0.937933383967022,0.938217108020822,0.938653390241289,0.93892514480047,0.939452479736894,0.939774929881645,0.939995830288617,0.940355018715586,0.940753276741153,0.941140171791207,0.941354845820917,0.941555075235245,0.941667661164727,0.942667707184851,0.942819240140381,0.942998927801977,0.943110329355664,0.943242951030493,0.943340561392908,0.943575310881339,0.943744484924318,0.943823927225976,0.943946700541529,0.944081845184387,0.944251166938184,0.944399095449394,0.944467029077533,0.944528648055388,0.944650110378368,0.944730628918237,0.944806128209554,0.944872720075928,0.944957542235441,0.945039940128945,0.945100928536636,0.945224663026739,0.945262184758409,0.945316153464637,0.945382963139463,0.945452906595686,0.945521917104883,0.945576430711472,0.945589579393893,0.945646103378375,0.945705109679067,0.945745423756492,0.94579001327411,0.945848058012555,0.94590087002645,0.945953176119464,0.946005492851268,0.946044141887323,0.946071641627121,0.94611996682348,0.94615360742983,0.946200036270613,0.946223715095532,0.946240931899914,0.946299309114998,0.946316845456384,0.946341360571264,0.946384759897515,0.946407875953259,0.946442876170938,0.946481388479002,0.946502746045674,0.946548981867827,0.946580530674256,0.946616191458629,0.946647586361722,0.946680802906817,0.946713157026855,0.946730998031895,0.946759222510527,0.946797928489549,0.946826190960856,0.946854231280311,0.946877204859611,0.946903354567268,0.946917716500935,0.94694723882275,0.946987538808047,0.947029776675548,0.947050320609705,0.947067057808033,0.947079184543259,0.947091181417787,0.94711823300476,0.947142519384991,0.947156822788379,0.947192068803564,0.947219721979855,0.947240932780754,0.947265459308331,0.947287522181757,0.947301896720643,0.947315363772255,0.947337491332837,0.947343280967278,0.947353728916893,0.947363089278775,0.947391839627428,0.947538988796454,0.947552909007078,0.947576210960261,0.947589841109867,0.947603316021229,0.947615501544266,0.947634485563703,0.947645380470699,0.947660675281476,0.947685425079337,0.947697363577555,0.94771181269905,0.94772318831478,0.947791870015116,0.947794153348147,0.947809632646166,0.947825905925961,0.947841343304835,0.947866662873865,0.947873993687003,0.947880067337067,0.947887657046888,0.94789968917996,0.94790925139009,0.947922175287633,0.947926927436319,0.947932955406249,0.947949151663276,0.94795995815265,0.947972968884212,0.947992703034277,0.948002311435706,0.94800616110294,0.948014887565722,0.94801928378447,0.948037786235346,0.948043298348133,0.948050027493529,0.948059137816143,0.948073835447312,0.94807818366097,0.948090550025014,0.948100281930146,0.948107869934739,0.948116878114973,0.948126107609,0.948148427780233,0.948155650377611,0.948167495311979,0.948176719357687,0.948185930132015,0.948195496975844,0.948211053858596,0.948220819087552,0.9482277786115,0.948245362590758,0.948268714154428,0.94828110204273,0.948288843824759,0.948293811934585,0.948298866675781,0.948306149818525,0.948311120216794,0.948317682522988,0.948320134094478,0.948330013676424,0.948334541980708,0.948344770167775,0.948350342861529,0.948357346256487,0.948360913054649,0.948369682411153,0.948383522729625,0.948387393744653,0.948393847339612,0.948398368991646,0.948407242025349,0.948418497451376,0.94842536908666,0.948436298230565,0.948440554958926,0.948444620179821,0.948453203438256,0.948456359146151,0.948485574200876,0.948489713769098,0.948496838506597,0.948499785919165,0.948505138395979,0.948510680506798,0.948522255697138,0.948525920434163,0.948563107100832,0.94856874602505,0.948575279234507,0.948580623464035,0.948587772980431,0.948596861282925,0.948606900698003,0.94860947847899,0.948615601773956,0.948619734333294,0.948627171271646,0.948767064437628,0.948773883159631,0.948781991156674,0.948785755124728,0.948790690740221,0.948796072318107,0.948803177261742,0.948804453724402,0.948808646788198,0.948848745621715,0.948852966941812,0.948933253584289,0.948936156338795,0.948939234208495,0.948946211546953,0.948950010117928,0.948957329701372,0.948963714351921,0.94897016947086,0.948976808719075,0.948980833217316,0.948984960180629,0.948987809159334,0.948994554896089,0.948998696460149,0.949003626295311,0.949011465580028,0.949018726615073,0.949026560599519,0.949031971974305,0.949041093755329,0.949043074376502,0.949045776138601,0.949051550738568,0.949057299438905,0.949060776037765,0.94906451700613,0.949067620248234,0.949071135158061,0.949076851366657,0.949078534310511,0.949081470222361,0.949086904836399,0.949093986462435,0.949103939621633,0.949105709540452,0.949107552894087,0.949111676699466,0.949115766729064,0.949119834863482,0.94912627586288,0.949131389758082,0.949139053987238,0.94914413265347,0.949148636303323,0.949154419905739,0.949156528947518,0.949158100862994,0.949158889681717,0.949163132266614,0.949168634644428,0.949171363689258,0.949176567245368,0.949179831257381,0.949183160067669,0.949186702519944,0.949188600920357,0.949191627059634,0.949193692976221,0.949199269729138,0.949202877601979,0.949208012049933,0.949210865622423,0.949212960310591,0.94921449439338,0.949215256506034,0.94922530553496,0.949227258369999,0.949234223635186,0.949235158758277,0.949237529998093,0.949239992961519,0.949240364861929,0.949242755142439,0.949245063738705,0.94924707328289,0.949248825187216,0.949250375156738,0.949251962187455,0.949252572828236,0.949254885875101,0.949255764778809,0.9492572162253,0.949260580201593,0.949262277809009,0.949265639752765,0.949267184830323,0.949269469893193,0.949271314933506,0.949273135668176,0.949274899833484,0.949278274972674,0.949280560572147,0.949285090986412,0.949288984801237,0.94929344222619,0.949294766916967,0.949296826867677,0.949298308956964,0.949299512305829,0.949300354807668,0.949304782405445,0.949305794759276,0.949307690101533,0.949309395653241,0.949312414141015,0.94931441710316,0.949315328764184,0.949318113540196,0.949322207947861,0.949324237562202,0.949327641991459,0.949329809267982,0.949333748529251,0.949336630501027,0.949338388374962,0.949342233929282,0.949349664413561,0.949351741450128,0.949354495224275,0.949360118217505,0.949364561638117,0.949366554731903,0.949368832810195,0.949372496100801,0.949374414034646,0.949378371520111,0.949382232461337,0.949387340154622,0.949389733912249,0.949395216943833,0.949400350065721,0.949403429833035,0.949408970190476,0.949410446544072,0.949412078201354,0.949413484634621,0.949416087024237,0.949418145509645,0.949418921217169,0.949422347763041,0.949427053286348,0.94943404452942,0.949435767054948,0.949437795216023,0.949439544623072,0.94944031342812,0.949444165032382,0.949444487564529,0.949447943296998,0.949449972099015,0.949452495345133,0.949460203404165,0.949464800402761,0.949466016435686,0.949468094425289,0.949469135997243,0.949472381309137,0.949473135272883,0.949476038748937,0.949479841737143,0.949483166766965,0.949488000420694,0.949489039824193,0.949492391940639,0.949493517509863,0.94949689247244,0.949498059280774,0.94950252025652,0.949506405417857,0.949508978692418,0.94951395265216,0.949517507219571,0.949522282447069,0.949524591722497,0.949526522196645,0.94952967739293,0.949531505631751,0.949533151800445,0.94953619602032,0.949536753460993,0.949538909177669,0.9495400908842,0.949541771035504,0.949545605548148,0.94954608664688,0.949546736139067,0.949547989956221,0.949549437581706,0.949552219059608,0.94955578583412,0.949556046601963,0.949557214019839,0.949558125036025,0.949559531779315,0.949560905408923,0.949563104035377,0.94956640211553,0.949567709756156,0.949570039820703,0.949573230785817,0.949577567880479,0.949581860696299,0.949582763012303,0.949586110348466,0.949589485537786,0.949594795707107,0.949596996825866,0.94959992909987,0.949601916379588,0.949609234464125,0.949610554889943,0.949611637231288,0.949613110675889,0.949615201861281,0.949617172630851,0.949619766454391,0.949620327028992,0.949624521674264,0.949627167103764,0.949628277110605,0.94962999644421,0.949632302424697,0.949633373984985,0.94963391501743,0.949635785878185,0.949636569982994,0.949636606184927,0.949638003305318,0.949640249790371,0.949643150884016,0.949644542995211,0.949647499824814,0.949649313209902,0.949651776406559,0.949652565237751,0.94965395899374,0.949655133984349
0.58771351606464,0.605695664007807,0.648781808451818,0.655372128645228,0.663394722494409,0.677998987145028,0.683887240760223,0.702311656328493,0.764868486417787,0.770268255964434,0.795430901848953,0.802050933452292,0.808511529719677,0.816594330391271,0.837080570412782,0.838386709144116,0.847656450145332,0.853205950475306,0.856904287224346,0.863402727269907,0.868450165405425,0.877392616897294,0.880117106141769,0.883250369522729,0.885782784084797,0.891735592423592,0.893252206218929,0.915608727823973,0.919226089661211,0.922940724652345,0.92652899002269,0.931735901866765,0.933718412940121,0.934694282640414,0.936041511892682,0.938593230718459,0.941484516907897,0.943492447227297,0.949772443558109,0.95112843807437,0.953395094355205,0.954131463192967,0.956336584198406,0.957633488863575,0.958768685505836,0.959439356928276,0.961105006669436,0.962385618059957,0.962968430691653,0.964039309047894,0.964598704026516,0.965328429951254,0.966241023396646,0.966734459998967,0.967226317997746,0.967539063326193,0.968067685499232,0.968389668440442,0.968599300729864,0.969440774863872,0.970803301320945,0.971029805140865,0.971503633059304,0.971654761694268,0.971841583497215,0.972247892822718,0.972804309402525,0.973213206957082,0.973540571590615,0.97374307142934,0.974091400347618,0.974462186312626,0.974847254691023,0.975141549397243,0.97524514170789,0.975441693441364,0.975581990584659,0.975691463534426,0.975910544246972,0.976096053423522,0.976165112922841,0.976254623561562,0.976563677793597,0.97674457102832,0.976872962638868,0.976967242335427,0.977155686669686,0.977204971873647,0.977300114380369,0.977390806498489,0.977520003372335,0.977575661348812,0.977751155585263,0.977868586893227,0.977951667431002,0.978046218009602,0.97807867347084,0.978191144532181,0.978315859606041,0.978369887305592,0.978468402625837,0.978530993069882,0.978553593688386,0.978608208189217,0.978751453372188,0.978810154641685,0.978902896958088,0.979028301568215,0.979141763275524,0.97921893546964,0.979315735344204,0.979376101805343,0.979418373975086,0.979594869816514,0.979655489980314,0.979755332236127,0.979965210323516,0.980046445866547,0.980103676429703,0.980156518000973,0.980343672901115,0.980459545296205,0.980646445391588,0.98071687432964,0.980940991928135,0.980977184911943,0.981073524825709,0.981144989718842,0.98122923523161,0.981259730183398,0.981299078132034,0.981320829994788,0.981330593310467,0.981424167485075,0.981466624933488,0.981518312159146,0.981537334930073,0.981570948624124,0.9815938279051,0.981667573717499,0.981740478380926,0.981834924454915,0.981877013350683,0.981925025576489,0.981969943031395,0.982030538898282,0.982101390954857,0.982133166986547,0.982213020576643,0.982263552558213,0.982301464571446,0.98238329443975,0.982395607043955,0.982408229125056,0.982505681509918,0.982552588098998,0.982575124727283,0.982718303563947,0.982722709057372,0.982801683031298,0.982859589613102,0.982904976648169,0.982923582533734,0.982956569435993,0.983010992714916,0.983054086284228,0.983072195829656,0.983126081779664,0.983157746704893,0.983180585474603,0.983193866659216,0.983209073911141,0.983264688221542,0.983309539318724,0.98334558119095,0.983394152901588,0.983448171945072,0.983534019607515,0.983564446628094,0.983585176841225,0.983594607285703,0.98360954439916,0.983638941024421,0.98365986432688,0.983715146512591,0.983735820218676,0.983758932847537,0.983792565872278,0.983819464716551,0.98385560799382,0.983873708101226,0.983886096407265,0.983932528776511,0.983942357660136,0.983969937333674,0.984021520478283,0.984027943434499,0.984051382074558,0.984078367284144,0.984109980494495,0.984122524793669,0.984131687348017,0.984174822973863,0.984200364372286,0.984219835347148,0.984283493261417,0.98433075787136,0.984402665245513,0.984430494210355,0.984481742566869,0.984508111852601,0.98452470181081,0.984566812063756,0.984599859827408,0.984628784469516,0.984664723355866,0.984684081271393,0.984715983467708,0.984726603200701,0.984743662178242,0.984750441767271,0.984778079869982,0.984804007770202,0.984821866986055,0.984835329109736,0.98485474486954,0.984882799863652,0.984902404294567,0.984926200140195,0.984952257734037,0.984969993372978,0.984980142227233,0.985007979816029,0.985019798866872,0.985036023639717,0.985045943447858,0.985047611626579,0.985069867429765,0.985088426644849,0.985092172356993,0.985110357226056,0.985114166961134,0.985155421828155,0.98516282119732,0.985172665736102,0.985197142106717,0.985206313036177,0.985214049178912,0.985226058379205,0.985236087920153,0.985242632049553,0.985251531663311,0.985267965844229,0.985300349333506,0.985309519544497,0.985320128226791,0.98533362669275,0.985334563543765,0.985342198995736,0.985347112915733,0.985351720121749,0.985369319977862,0.985375084982109,0.985387798623304,0.985401193775201,0.985426854633786,0.985435777206661,0.985441781367001,0.985444721589035,0.985449395745438,0.985452833234361,0.985459653212357,0.98548425915073,0.985496662778766,0.985511781483566,0.985522184615083,0.985523747765325,0.985533596455229,0.985545874222048,0.985549008600979,0.985561609842428,0.985573720919122,0.985583364917373,0.985588083609321,0.985595822231193,0.985597431166205,0.985607764611197,0.985614267397533,0.985619245912644,0.985627097094032,0.985637803972639,0.98564415803621,0.985645250633851,0.985653430222122,0.985659581214419,0.985667054583851,0.985676801749277,0.985682473315087,0.985685173438417,0.985686939983733,0.985697376788169,0.985701135425432,0.98570210714813,0.985709071423049,0.985717229226821,0.985720805729315,0.985729699186874,0.985732637113668,0.985741154608845,0.985743945607958,0.98574616963267,0.985750291702535,0.985751711925072,0.985761330853016,0.98576317473926,0.985765105900804,0.985769099507419,0.985773340190334,0.985779024249021,0.985788253509617,0.985794109696367,0.985797664820936,0.985800715898177,0.985805840904114,0.985807295911728,0.985819096779084,0.985823402039188,0.985824166210971,0.98582554188548,0.985832249410123,0.985833848338243,0.98584222260557,0.985843782534683,0.985853869076838,0.985855325218053,0.985857244306908,0.985858196632207,0.985865225142831,0.985868459643765,0.985873759473289,0.98587777264043,0.985882226906102,0.985886735277838,0.985890553060283,0.985892467087007,0.985897736915057,0.985901424141899,0.985903470544535,0.985904219761712,0.985908270465813,0.985912749427945,0.985919027158023,0.985926771657497,0.985928437270915,0.985931557936341,0.985934398583792,0.985936162504663,0.985941201857169,0.985945028224071,0.985947870038389,0.985951092609816,0.985957400554106,0.985960756679692,0.98596544340305,0.985968176236554,0.985970666346443,0.985974327998836,0.985975590308723,0.98597879419761,0.985984732513932,0.985991301607722,0.985992274689387,0.985993878272595,0.98599941696052,0.986002544717414,0.986012146209955,0.986015640056269,0.986016491700208,0.986019162566452,0.986019165857103,0.98602352733799,0.986024334043304,0.986027542841815,0.986028430758474,0.98602987496689,0.986031161432537,0.986034468543096,0.986035555350712,0.986038443812252,0.986042124818122,0.986042540987613,0.986046545638897,0.986048154027234,0.986049653001833,0.98605173479593,0.986052997121585,0.986055369142157,0.986059176092666,0.986061550467517,0.986062195276713,0.986063775521423,0.986066338293684,0.986066461432179,0.98606658859155,0.986068197354897,0.986071637138626,0.986071770586469,0.986075808368652,0.986079022373015,0.986082928571457,0.986083830520041,0.986084705207917,0.986089018041507,0.986089842096644,0.986089926490349,0.986092657356696,0.986094307571775,0.986095139464139,0.986096742283094,0.986100169307607,0.986101903654614,0.986102733971644,0.986104986343475,0.986106542063156,0.986107365645474,0.986109541427108,0.986113974193102,0.986115663901382,0.986121226375414,0.986121675967613,0.986126466459473,0.986131866975114,0.986132684127555,0.98613687943129,0.986141221296833,0.98614568860358,0.986146383497004,0.986152173860102,0.9861530004202,0.986154675152847,0.986159052946417,0.986165251843026,0.986166291526894,0.986167146668791,0.986167536025356,0.98616783643074,0.986168919254373,0.986169579317494,0.986170669510532,0.986170976466384,0.986173014729605,0.986173200173091,0.9861742552678,0.986175000122198,0.986175044082131,0.986175361464434,0.986178315485428,0.986179722146526,0.986183893106535,0.986185803420436,0.986186123218493,0.986186160710727,0.986188168805548,0.986190380585737,0.986190469274514,0.986192474210503,0.986196338005969,0.986197962032375,0.986199661544266,0.986201378150752,0.986205462705167,0.986206271780494,0.98620688381771,0.986209963925593,0.986211108197819,0.986211787614306,0.986215538815787,0.98621707032012,0.986219367652292,0.986221685453762,0.986222844499727,0.986224893460243,0.986229522988889,0.986229746942693,0.98623026843772,0.986232527941978,0.986234154921247,0.986236731573091,0.986239238044644,0.986240508163189,0.986243400681775,0.986244904412487,0.98624643187635,0.986250698992955,0.986252147176858,0.986253215545865,0.986261867984657,0.986262525944862,0.986263126422361,0.986268376330471
0.496358311488765,0.52272679733106,0.522787766513526,0.589738719409073,0.622356458133503,0.674847022902659,0.68815692105127,0.69062073956551,0.703563164472425,0.725535412688219,0.793949425308321,0.800929405817098,0.821930849520643,0.827009601025129,0.852958680692737,0.854831287276086,0.869308518388022,0.882642828824209,0.887163667765596,0.895198965225488,0.901101727164742,0.905432387204775,0.910993064654659,0.915104920856056,0.918330484114689,0.921091519051739,0.924242657911058,0.925802029398521,0.928111457865536,0.930819294678887,0.93592446858233,0.936975090688893,0.939652297396068,0.939815882725302,0.943405197328138,0.944627879033886,0.945946843109375,0.947719901564147,0.950579310055411,0.951113091372655,0.953034268917238,0.955158530214306,0.957562069771333,0.958624640321853,0.96004331283547,0.961036010759037,0.961374199454902,0.962414964246553,0.963347758986682,0.963849875678474,0.964900651442904,0.965668359449722,0.966566462146098,0.96685817429098,0.967329473158949,0.967519604926196,0.967719070576516,0.968651907269631,0.968866182085973,0.969030933077651,0.969339664535193,0.969874778578182,0.970213319616764,0.970866956016372,0.971394250894219,0.971619541373736,0.971912485448547,0.972146882127229,0.972468730364212,0.972915906195804,0.973072331684968,0.973416816834049,0.973703122348411,0.974064734247526,0.974541161700633,0.974778225721623,0.974991100568443,0.975188763718092,0.975753930763446,0.975948044925871,0.976121408062225,0.976251467461759,0.976370551320312,0.976443485240445,0.976518630419406,0.976640703464412,0.976769331120899,0.976907130253923,0.977051391417243,0.977133027827415,0.977227836488849,0.977333685905593,0.977430028623431,0.977539050297834,0.977655481867203,0.977736030253147,0.977840300369156,0.978113946269998,0.978362322584752,0.978409278118705,0.978437042342005,0.978579087846069,0.978644568390688,0.978693465756492,0.978708960989589,0.978759038763509,0.978893609053117,0.978990750567665,0.979086257583398,0.979106724966676,0.979181114124591,0.979218862735279,0.979262369304821,0.979308738023832,0.979441952540134,0.979534332346055,0.979574057515737,0.979710045192106,0.979744362417202,0.979909559665562,0.97996859674981,0.979988328499786,0.98001211348868,0.980053189320272,0.980093338672044,0.980140596696116,0.980168584660221,0.980225080318125,0.980342083294084,0.980403622939496,0.980565512997202,0.980607389140058,0.98061562366952,0.980644100675321,0.980670803372258,0.980702418635518,0.98071198736096,0.9807190570503,0.980751477861163,0.980769197152855,0.980822126508253,0.980866174388635,0.980900625274213,0.980944378867674,0.980972821329139,0.981041302611079,0.981071931296394,0.981095908010314,0.981154226493305,0.981178497071534,0.981215416864573,0.981233173901104,0.981255261467109,0.981322101321968,0.981359604041794,0.981393920977511,0.98141275089144,0.981431238237659,0.98147102042701,0.98151358177222,0.981539667200205,0.98156708349463,0.981572040844568,0.981579156892094,0.981596696760887,0.981619271807838,0.981659784175591,0.981695781980488,0.981720070631303,0.981762784118349,0.98178051438377,0.981793309098108,0.981844484086867,0.98189313167927,0.981912853010872,0.9819275400403,0.981942669421735,0.981961764144926,0.981974987696371,0.981985607217048,0.982000565887373,0.98201040220401,0.982017067322624,0.982036301846406,0.982044551789606,0.98205440622285,0.982066409084515,0.982076069229369,0.982092929146421,0.982106591121959,0.982120863027112,0.982138249645591,0.982167443745597,0.982181204219871,0.982189495961912,0.982224766475628,0.982252216722768,0.982261743221556,0.982281433510289,0.982288549856828,0.982320114110997,0.98234608360267,0.982376200732442,0.982381591242706,0.982393328197079,0.982402213517615,0.982409321864226,0.982414287837472,0.9824224400549,0.982445840982422,0.982454238195939,0.982467365835131,0.982484554331567,0.982500576609921,0.982514330992777,0.982530013474592,0.982543568574937,0.982546502812909,0.982573584708263,0.982586919929998,0.982619932336025,0.98262080612232,0.982630782347075,0.982639880741229,0.982651099705268,0.982658038379628,0.982661730369003,0.982676554904173,0.982687637617226,0.982693437832837,0.982698462784498,0.982704024637122,0.982719921292336,0.982721218531239,0.982728300786776,0.982757857428957,0.982761908762807,0.982766985531636,0.982779527310282,0.982782123894977,0.982786980782601,0.982791066957672,0.982791283742584,0.982801552461881,0.982806601421867,0.982818716420234,0.982822069999094,0.982830661354158,0.982840344139242,0.982842590301059,0.982850548089234,0.982862741301941,0.982871905946876,0.982885250606362,0.982888978726331,0.982892593663573,0.982903393820085,0.982917644168063,0.982927058473143,0.982931486145372,0.982942314762391,0.982944189870303,0.982962462412767,0.982963527144906,0.982970332103616,0.9829740403117,0.982979140813252,0.982984874002852,0.98298765717835,0.983005374207916,0.983014401173468,0.983022665105273,0.98303132519209,0.983047501616054,0.983059761942212,0.98308402835783,0.983088327402985,0.983096150163772,0.983101092017946,0.983110507864528,0.983117954595887,0.983124473138094,0.98313057398098,0.983139205490139,0.983159580929609,0.983166702105135,0.983172735920168,0.983177840514056,0.983178609337225,0.983192990634366,0.983195873715239,0.983200360650144,0.983205005178907,0.983206595356923,0.983210424043315,0.983214336095201,0.983217534908269,0.983224413309675,0.98322496490167,0.983228064090069,0.983241471558604,0.983247264703843,0.983249511261247,0.983254736276021,0.983265315288663,0.983267237108292,0.983274326415313,0.983277130345758,0.983279041783717,0.983287032104751,0.983292567526209,0.983295305080826,0.983296915276357,0.983300892244147,0.983305154228497,0.983305919921837,0.983307963226002,0.983308845139391,0.983312487829835,0.983321868818038,0.983328423770326,0.983331683479309,0.98333366889162,0.983335992406298,0.983342001760923,0.98334556072548,0.983354169991051,0.983365661031171,0.983366527908197,0.983370348222111,0.983371290470754,0.983374914390986,0.983377168248026,0.983380202225733,0.983382367835919,0.983384634958875,0.983387599315623,0.983399231097367,0.983402321716786,0.983405848650861,0.983414373633491,0.983415819501589,0.983420440297452,0.983432452395381,0.983438012385964,0.98344735770535,0.983455593249875,0.983459193621517,0.983461474949097,0.983464732881268,0.983468061742004,0.983469968506804,0.983475348256441,0.983479003125195,0.983480118127573,0.983482177560038,0.983486106063969,0.983486994409446,0.983492852291879,0.983494267161915,0.983497601831759,0.983499891201221,0.983500162925422,0.983503993354321,0.983512597438865,0.983515769881451,0.983519874810438,0.983527303947458,0.983528801925311,0.983529653799876,0.983531966770759,0.983539028474424,0.983541996161516,0.983542591733883,0.983543188244347,0.983544185442971,0.983547345515218,0.983547996467274,0.983553210456033,0.983555465771885,0.983559345688189,0.983564121478987,0.983567132692759,0.983570136385008,0.983573892207599,0.983574532489673,0.98357571660227,0.983580867941051,0.983581392985267,0.983584199592716,0.983588048513569,0.983590255509274,0.983591083782814,0.983592345547848,0.983595403930975,0.983596650795386,0.983598377006928,0.983600875585042,0.983604866046298,0.983605778210191,0.983607881815895,0.983609674993707,0.983614992238488,0.983617903052005,0.983622020059519,0.983623022464584,0.983624690176342,0.983626956738964,0.983630208911037,0.983632332341478,0.983635462184289,0.9836371928116,0.983644873573905,0.983646930909964,0.983649896305818,0.983656104446597,0.983659290029527,0.983661198392202,0.983664617384144,0.983668486416565,0.983671060633508,0.983672328544195,0.983676317834204,0.983677652218584,0.983683677143673,0.983686740141862,0.983691122733745,0.983695194939819,0.983698809747557,0.983701253983908,0.983703026511502,0.983705300325788,0.983709023597226,0.983712061801434,0.983712791660828,0.983716319351047,0.983725168002268,0.983727170751843,0.983730092756239,0.98373432288679,0.983736244169493,0.983739196623992,0.983741785988858,0.983785925799534,0.983788791285247,0.983791892875773,0.983796810677345,0.983801055603196,0.983801986262831,0.983805375276278,0.983811481209076,0.983816028744773,0.983821725894726,0.983822687463984,0.983825134471826,0.983829734375733,0.983832066429179,0.983834199163647,0.983850607126858,0.983854259059243,0.983857522182305,0.983862887076047,0.983865382764867,0.983867496578904,0.983870497967956,0.983873542936027,0.983876715576046,0.9838785702544,0.983882627043559,0.983885631573199,0.983890895760892,0.983893103876251,0.983895069036157,0.983897430964293,0.983901532031793,0.983904965464478,0.983906806395995,0.983908223327092,0.98390979938439,0.983910823565031,0.983911184836907,0.983914405218575,0.983917836203778,0.983918604550874,0.983920714589991,0.983922096065373,0.983924182243268,0.983926007773761,0.983931899407172,0.983934196691802,0.983940225052553,0.983941097970987,0.983941663307508,0.983944981137475,0.983945791774663,0.983946689879868,0.983949502714111,0.983954908539039,0.983956793621134,0.983958520699737
0.501548729100469,0.504118474563676,0.63079360939913,0.633881651301534,0.686259032582291,0.730604723341105,0.735638365528907,0.7377324123301,0.780463869747005,0.783089368188289,0.800813255394474,0.822207049585268,0.834132228202436,0.840351228653171,0.848563079773353,0.85250853655401,0.860786157946433,0.866462350904664,0.871983530631848,0.882346541191366,0.900037182475768,0.903401146113484,0.912737011681517,0.914741711542585,0.917127115510042,0.919920034825103,0.921612711620815,0.927752843853881,0.932392435784027,0.934232191190297,0.935811865931383,0.940985022669275,0.942302885788712,0.94534068317748,0.947479381518863,0.948240309382345,0.949645184365229,0.951144523895628,0.952025865031711,0.953805572040921,0.95493694062221,0.95595544294592,0.956884011796121,0.957478647533207,0.958492815480068,0.95904548788441,0.959937804414277,0.961397790226558,0.961763803243398,0.962569188701295,0.962896464585901,0.963464838115565,0.964184668698912,0.964356254392614,0.964667333231188,0.965121150361018,0.965508735292214,0.966819664679735,0.967383100781453,0.967863283063757,0.968472273406189,0.968778434392848,0.968998643259453,0.969505192892025,0.969913464469397,0.970200337507219,0.970467220453457,0.970537686594706,0.97077954243185,0.971011485051334,0.971132845808136,0.971306490496304,0.971519564158217,0.971666591321806,0.971885087348944,0.971985366271516,0.972138970990418,0.972295073508365,0.972574061136927,0.972662101183294,0.972772668804127,0.972954053229164,0.973113462081439,0.973215561912021,0.973291693154584,0.973529521137796,0.973686674338442,0.973752680729017,0.973871433876089,0.974412659063325,0.974513578562231,0.974651923864675,0.974716224735989,0.97484887821947,0.974949495963226,0.975048861756639,0.975108618146945,0.975187893049135,0.97523828346522,0.975292352479138,0.975346286148431,0.975441393702633,0.975476226888836,0.975561001960043,0.975644336006833,0.975698300751819,0.975742252061574,0.975780560898763,0.975849618082809,0.975880990174245,0.975904122931318,0.975954011410175,0.976022480808749,0.976076780359508,0.976112195154744,0.976123603301104,0.976538879858428,0.976591751844325,0.976636873369181,0.976867078691668,0.976925196755695,0.976948868322662,0.977013970713927,0.977079426306393,0.977109701820255,0.977136322678563,0.977199662108267,0.977222993940691,0.977247935216591,0.977279180200504,0.977321205298631,0.977342341466655,0.977364931499305,0.977397106729868,0.977444224221103,0.977464688390854,0.97754553195241,0.97757379154342,0.977590017606577,0.977626144048236,0.977654056748136,0.977676689847056,0.977702638728169,0.977713302490797,0.97772114441773,0.977741416155245,0.977770874741052,0.977801513349844,0.977816104058133,0.977840012241755,0.977876293132998,0.977916190801284,0.977929791064703,0.977976512345079,0.977998430742346,0.978026342931933,0.97806336192563,0.978091548499539,0.978149143767205,0.978171842334838,0.97819074188838,0.978219854701782,0.978244693092397,0.97825603408547,0.978281703295668,0.978307021593123,0.978337346416563,0.978369594872758,0.978390997260221,0.978417531383117,0.978448229486261,0.978464823434557,0.978481722545954,0.978497122352159,0.97852912253868,0.978542309998432,0.978569388117596,0.978602567209206,0.978621159062233,0.978640111135022,0.978668180968354,0.978683211988146,0.978689116748645,0.978700714927563,0.978716420182411,0.978734950755033,0.97875084699351,0.978759379655265,0.978773038121371,0.978784843873012,0.978798397592052,0.978811139889885,0.978826506132384,0.978831671048262,0.978847364672812,0.978858474403467,0.978863471621006,0.978879355965024,0.978889977698899,0.978909394237645,0.978912071888828,0.978943183766941,0.97895087282315,0.978969029330876,0.97897344505074,0.978986593255741,0.979013753451481,0.979024971866914,0.979033999325245,0.979047634153874,0.979050423535607,0.979060559860226,0.979079590359225,0.979091463100687,0.979100574308228,0.979116169877425,0.979127393022893,0.979137451803558,0.979145684438752,0.979166404099111,0.979170081541869,0.979250699667602,0.979259987444833,0.979274014102864,0.979281746668683,0.979288746293984,0.979296641840374,0.979305995606003,0.979312247257481,0.979315350050651,0.979320908269163,0.979324375394971,0.9793361957885,0.979342241345201,0.979351379939791,0.979367889719622,0.979389701872096,0.979393305762456,0.979395312234022,0.979400756572887,0.979403766932691,0.979411354536885,0.9794172559575,0.979429544044079,0.979438793954272,0.979443814801683,0.979445573596044,0.979462437280183,0.979469734719263,0.979474206621787,0.979483131288625,0.979493612795936,0.979498102083112,0.979501878241815,0.97950449093951,0.979509384835968,0.979514803273673,0.979519278761157,0.979530227461464,0.979536127537172,0.979542070598314,0.979545811283982,0.979548812182284,0.979554356852536,0.979566695274566,0.979572272199371,0.979579191835731,0.979584281107459,0.97958498670782,0.979591429238926,0.979599558457262,0.979612512209548,0.979615927896982,0.97962144605937,0.97962324106637,0.979627154923622,0.979635805640861,0.979638433309281,0.979645378153136,0.979648336243548,0.979654846260593,0.97965742395439,0.979670647390448,0.979675832005596,0.979677840450624,0.979678633317601,0.979681542093557,0.979683917720654,0.979686833070552,0.979693446331,0.97969699223794,0.979700576165712,0.979705468723089,0.979712094265682,0.979714949784181,0.979719316295119,0.979725714923892,0.979730126214827,0.979734698603673,0.979744753369726,0.979750321123182,0.979753949677207,0.979758583953822,0.979760720939034,0.979766497800385,0.979770285405755,0.979772383180198,0.97977533440167,0.97978223663045,0.979786235633374,0.979790964179329,0.979797473664942,0.97979985345137,0.979804776303954,0.979809613340502,0.979818957743419,0.979821991268431,0.97982557008973,0.979827320525069,0.979834179946873,0.979842830556293,0.979848453516832,0.979852872583288,0.979854275156347,0.979859218066752,0.979865463141043,0.979868867314775,0.979874412732813,0.979879827140974,0.979882262099614,0.979883958598948,0.979886896685187,0.979887766137183,0.979890797493771,0.979894478959772,0.979902919331813,0.979906699725061,0.979908254257771,0.979912523324495,0.979914691717481,0.979917136609165,0.979922937460589,0.979927148987958,0.97993040636211,0.979932146847648,0.979933743062558,0.979937468824671,0.979941596860735,0.979944464834895,0.979948930510672,0.97995297309873,0.97995503278782,0.979959067171024,0.979960433584767,0.979962546787066,0.979963411649497,0.979965529742755,0.979966394847887,0.979969283858135,0.979972040713876,0.979977509937378,0.979978676496294,0.979980463620542,0.979982919988896,0.979986018309613,0.979989787783463,0.979993473705089,0.979995569876123,0.979999326494688,0.980001608973193,0.980004337820334,0.980006931820472,0.980010335029285,0.980013182285114,0.980015277694558,0.980016887193771,0.980018919562222,0.980034516278402,0.980044250046171,0.980047198985729,0.980050954623613,0.98005615240936,0.980057332129577,0.980060948713704,0.980064166783435,0.980065009639159,0.980066845981776,0.980070021293351,0.980073184762019,0.98007700267389,0.980079867561808,0.980084925053542,0.980087392394616,0.980089387435895,0.980093781141808,0.980097973523666,0.980102976744446,0.980104767636288,0.980107971376312,0.980108636940005,0.980112195023039,0.980117035788264,0.980120583322833,0.980123632391439,0.9801241618915,0.980125049211207,0.980126300133288,0.980128578898695,0.980130257655073,0.980133993103599,0.98013725266589,0.980141299981063,0.980143512985899,0.98014414352183,0.980148814901794,0.980152396342961,0.980155347550183,0.980159953305812,0.980161792095176,0.980164440965542,0.98016725846606,0.980168057191316,0.980172672466436,0.980174086172647,0.980174899196256,0.980177235424521,0.980178273875118,0.980180059550231,0.980181758600017,0.980186045069092,0.980187711987247,0.980188789364734,0.980193652361168,0.98019430750027,0.980197283800874,0.980199494440999,0.980201800663443,0.980202384062516,0.980205683290745,0.980206771020941,0.980207870261476,0.980208789550186,0.980208944069692,0.980210043849447,0.980210472355125,0.980212825644451,0.980214334969363,0.980215829953647,0.980216850412452,0.980220589413217,0.980224628335733,0.980225341526143,0.980227173096654,0.980229568515307,0.98025148472587,0.980251693596994,0.980254982560687,0.980256138593752,0.980260636337773,0.980261861196804,0.980262930788974,0.980265976335414,0.98026804034576,0.980268552492942,0.980271143616174,0.980275200593077,0.980276008593263,0.980277585112188,0.980281140541569,0.980282377744454,0.980283779409947,0.98028554515628,0.980288016051259,0.980288458599078,0.980289239298228,0.980290058348624,0.98029196949808,0.980292642256975,0.980294104317517,0.980294418496246,0.980294932384369,0.980296351046981,0.980297022748278,0.980298334041046,0.980298789228951,0.980299945868285,0.980301207691293,0.980307676064745,0.980308611531435,0.980309669572242,0.980311951132503,0.980315004335331,0.980316170187616,0.980318054748686,0.980342648260934,0.980342824252193,0.980343757576117,0.980347180891039,0.980352257718793,0.980354241471612
0.542955845300025,0.567075373362152,0.568698434618243,0.579321189191065,0.719016989231835,0.722735907082778,0.730972236685719,0.736878524733917,0.752388957207076,0.755811639845705,0.777963915527416,0.8281529827135,0.839779582419818,0.845831276435083,0.850006237352209,0.852816978907554,0.868337951243884,0.869638580536903,0.877090599243475,0.88135741582955,0.884547891890456,0.8908570139085,0.89349060242365,0.904850906851895,0.910289306704266,0.911768278429465,0.914662081165327,0.918141523156414,0.921435176565432,0.925692879136892,0.928609506574218,0.930798013637959,0.932598713632085,0.937105422151635,0.940884738106935,0.941712962349212,0.943026045814547,0.943414474494118,0.943972250768708,0.945316513433321,0.946600993523387,0.948008012572418,0.949462596131789,0.950288841660789,0.951794157927493,0.952210952039953,0.952917906193917,0.95421039633233,0.954756027963704,0.95542688313785,0.956294233300654,0.957318676325163,0.957435688433367,0.958094772185209,0.958669998861296,0.95904804480886,0.959268573405442,0.959796456996247,0.96023086800825,0.960792777514936,0.960900191769534,0.961409714014426,0.961733007991987,0.962371448280879,0.962713905628519,0.962945637268721,0.963377495597795,0.963691568852653,0.964015910582671,0.964153001680231,0.964382692177577,0.964518833753891,0.964646142248553,0.964703203846099,0.964811273723582,0.965975568988364,0.966109424116186,0.966228061314384,0.966568791070228,0.966934719482989,0.967034683042582,0.967354585956672,0.967424010849717,0.967627447201789,0.967737241751659,0.967804875699015,0.967910547177392,0.968266009289118,0.970232150150945,0.970298541774842,0.970490970474557,0.970574466651861,0.970643330645336,0.970679398490782,0.970890178107649,0.970951559800815,0.971011167604263,0.9710840835411,0.971217937554115,0.971292176370714,0.971313999596469,0.971366711094404,0.971461312012062,0.971548600387733,0.971570857991999,0.971600986453019,0.971654328547351,0.971740221536503,0.97191992608976,0.97200059326648,0.972043385304942,0.972061520383212,0.972228130570187,0.972265782085674,0.972281926903182,0.972313181604206,0.972320391663385,0.972358201155959,0.972377616722653,0.972418028061844,0.972431323769269,0.972547156574673,0.972572881016311,0.972589394380638,0.97262761505576,0.972649327383211,0.972864699733115,0.972932459307699,0.972985372592493,0.973001669085603,0.973037370880004,0.973061265842696,0.973391995969082,0.973421301175503,0.973435981054274,0.97346223267936,0.973489215525945,0.973499758920958,0.973510196615623,0.973521080182062,0.973543241987489,0.973561329419607,0.973577050576407,0.973585717480843,0.973595455988422,0.973635114210403,0.973780118856953,0.973794339782786,0.973821759091475,0.973836109281339,0.973854399391894,0.97394192506699,0.973959234109599,0.973977401427537,0.973983757211062,0.974025385689387,0.974054817494844,0.974066775160245,0.974082695084197,0.974100268289929,0.974109771025236,0.974130424264762,0.974147060957871,0.974165855930809,0.974188439358534,0.97422309267542,0.974282245824807,0.974299953664777,0.974335475505206,0.974348123083087,0.97441383354206,0.974432257004831,0.974440483578056,0.974455264478541,0.974480650424201,0.974498574625248,0.974533984597327,0.974560086104158,0.974573752693567,0.974580241349866,0.974591113359105,0.97460247144892,0.974614268199643,0.974620302159558,0.974628926320248,0.974632593420126,0.974655920487975,0.974657070668153,0.974674593527138,0.97468758939093,0.974694787216843,0.974702797938459,0.97470868885586,0.974715769946185,0.974737458539945,0.974746953803132,0.974761252048302,0.974772093781022,0.974798423909018,0.974802320346142,0.974821087287698,0.974829719675687,0.974834134971897,0.974840578677637,0.974849031437278,0.974872824953376,0.97487408586868,0.97493069737874,0.974931409071817,0.974934116608613,0.974941665306618,0.974944717396019,0.974996546262626,0.975004759611616,0.975010814632092,0.975015075092636,0.975025834219116,0.975031052291902,0.975037509293327,0.975043033704881,0.97504875910788,0.975055985709951,0.975062466853864,0.975078164510283,0.975083225284879,0.975089961552538,0.975097526318421,0.975109681505733,0.975114891386708,0.975116750392781,0.975118061884264,0.975129946431021,0.975136910881137,0.97514309240158,0.975144254239123,0.975152858010251,0.975165615014443,0.975185617407942,0.975198346745431,0.975202354576866,0.975210979098354,0.975214628893992,0.975218636878194,0.975226247501867,0.975232718424515,0.975234757687945,0.975240999286186,0.975247365738085,0.975250550578004,0.975251745698263,0.975258427419639,0.975266376907322,0.975268153230288,0.975270359651633,0.975286653046095,0.975288286732346,0.975289257404403,0.975298076937225,0.975303573350252,0.975307522037682,0.97532813626075,0.975337491633295,0.975345098412598,0.975355889355155,0.975363950319114,0.975373258948811,0.975378847989759,0.975389662879673,0.975392397399177,0.975398609703723,0.975401498939602,0.97540393613971,0.975406374963043,0.975408209432056,0.975410741452742,0.975419818229433,0.975430660546655,0.975437096473608,0.975441460575127,0.975449686122769,0.97545754591066,0.975460148178489,0.975460944708422,0.975463393138449,0.975475518310708,0.975485884577216,0.975490302539769,0.975492062396583,0.975495155993958,0.975521897677877,0.975526422996624,0.97552953875497,0.975531412419162,0.975538169683551,0.975538260577538,0.97554382168397,0.975544744089587,0.975555843318169,0.975558595096,0.975562396449298,0.975572065920688,0.975576482683821,0.975581485497306,0.975590981006558,0.97559656398441,0.975598251700963,0.97560398564665,0.975616791093679,0.97562376667998,0.975626046473478,0.975633215630796,0.975634054320408,0.975636119351069,0.975641230599958,0.975644486559884,0.975649209306518,0.975682585024753,0.975683793324043,0.975688134879916,0.975697402997625,0.975704708073971,0.975705926353288,0.975715072729578,0.975716605995027,0.975718097596906,0.975719644154493,0.975723883993209,0.975725633916819,0.975739928133472,0.975746366688996,0.975754510498213,0.975759281125939,0.975759525584186,0.975760589763859,0.975763162773506,0.9757675464102,0.975779624291091,0.975780596453454,0.975781186685468,0.975784743716016,0.975790917561385,0.975794528598542,0.975795195135541,0.975798556202779,0.975802226388464,0.975810832791541,0.975812381677844,0.975818554266255,0.975820799757649,0.97582487113435,0.975825518713156,0.975833391286924,0.975833743581483,0.975836741883315,0.975839104314107,0.975839650025795,0.975840312459843,0.975849014359603,0.97585041352554,0.975851877065093,0.975858176499329,0.975860729346375,0.97586351489319,0.975870181410142,0.975872548651676,0.975877315868185,0.975883587581042,0.975885371366641,0.97589128983309,0.975893389918259,0.975896174396961,0.975897703779476,0.975897729611314,0.975901534806322,0.97590470076874,0.975907694314296,0.975910122741934,0.975913508888634,0.975918075293266,0.975922773668546,0.975925615811485,0.975928344102237,0.97593063882107,0.975931022168419,0.975931912667051,0.975932370273215,0.975934617835018,0.975940765567225,0.97594421953591,0.975945624517984,0.975947483418418,0.975949277383126,0.975950781542153,0.975957193072004,0.975962257520259,0.975967405970731,0.975970828675464,0.975974238966961,0.975976216476349,0.975977915381525,0.975982469319836,0.975984045294097,0.975986831335828,0.975988906516153,0.975990210769327,0.975995130859016,0.975997236214379,0.976000184057807,0.976001768421037,0.976004182680071,0.976007417898113,0.976008476701785,0.97600951764834,0.97601389523522,0.976020927019266,0.976025201042211,0.976031065999277,0.976032587773521,0.976034553034126,0.976036177240949,0.976038781144964,0.976039812843687,0.976041045250449,0.976043767194506,0.976045666332043,0.976048277260541,0.976049593236746,0.976056482428947,0.976058724388834,0.976059375611917,0.976060980636105,0.976063167178643,0.976067078190315,0.976067242135538,0.976067990777346,0.976068599270485,0.976070534791914,0.976071337186789,0.976075168904386,0.97607769971028,0.976080654933394,0.97608434158443,0.97608581775463,0.976086177390448,0.976088186268661,0.976091896008636,0.976092144362899,0.976097258687709,0.976100201855214,0.976100459475066,0.976101384225431,0.976102281007576,0.976102631770682,0.976103455179278,0.976106344850336,0.976107702168723,0.976109642529337,0.97611166820731,0.976113076236512,0.976116646905204,0.976154554525571,0.97615655611804,0.976158084661998,0.976159074002012,0.976160005011075,0.976161905359035,0.976163050858194,0.976167062010549,0.976167773452712,0.976170654316986,0.976173042310973,0.976176604624505,0.976177021833452,0.976178304441505,0.976178697858767,0.976188690239376,0.976191926145822,0.976193227313664,0.976193834179673,0.976197402880952,0.976197700871774,0.976198334454743,0.976198896377452,0.976200059965362,0.976201647330388,0.97620464969656,0.976205942444654,0.976207098290137,0.976207228103155,0.976209867887845,0.976214046496038,0.976216228190533,0.976217089804742,0.97621977134319,0.976223871980101,0.976224025627322,0.976224818055247,0.976227378902746,0.976227969900925,0.976229705133515
0.512132610545377,0.597638702116155,0.605955795057943,0.609880092953052,0.618945275950762,0.632298137965623,0.649762119075393,0.679977967387806,0.775101798252939,0.781529849015706,0.808239479953422,0.812971809334376,0.835578060390991,0.843107048627332,0.850254591619878,0.851685065752091,0.855705547599351,0.861767167175835,0.868635461143464,0.872249795808306,0.892190885095984,0.895696413684627,0.903261376802456,0.904594451333354,0.906786556468463,0.90836607174155,0.909765703602259,0.9114024356411,0.914358932466261,0.916173715629392,0.917636114046196,0.918929970208007,0.920877587968429,0.922078744081601,0.924599709719936,0.925550815455018,0.926379117923425,0.926998725712299,0.928258117390901,0.928573142193304,0.928967338634014,0.929920297434205,0.93027859915384,0.931120741109254,0.938439471188508,0.93944290866648,0.9406799423211,0.940855510320048,0.941990068100888,0.94249832288247,0.942789347182513,0.94357770001277,0.944001466560064,0.944249800206338,0.94444199298655,0.944865621054512,0.945402063974743,0.945779428967257,0.94601580677142,0.946284831637983,0.946584632780807,0.946698813066978,0.947064065229222,0.94747722046356,0.947711250362266,0.947821580783086,0.947927703626535,0.947994235782567,0.948080328417602,0.948319050976879,0.948726599626157,0.948819092142463,0.948991753140513,0.949247234727305,0.94933184653274,0.949438228777575,0.949538778548201,0.949652052587303,0.949767444619777,0.95002747843601,0.95017093311178,0.950324853547654,0.950406442355405,0.950493248092818,0.950524693114916,0.950607364350355,0.950707971929466,0.950796614986782,0.950848166022652,0.950883683071788,0.95104531010853,0.951251713688732,0.951361393437673,0.951486417860659,0.951557849010744,0.951648993486506,0.951687635729382,0.95173315958515,0.951782717156509,0.951836684383466,0.951908826422567,0.952006009717773,0.952059396281167,0.952162192261596,0.952222583583638,0.952259694067751,0.952281320527238,0.952350429489807,0.952372543474118,0.952418572423347,0.952465665004301,0.95250961124347,0.952544924159014,0.952594179077789,0.952609690829949,0.952644004373887,0.9526723871702,0.95268284004603,0.952696648689122,0.952783519839837,0.952842304297164,0.95286274134146,0.952891546988027,0.952900707852466,0.952917895740407,0.952960612651417,0.952970924158193,0.952981913922737,0.953002032036659,0.953045321611611,0.953061892058094,0.953082728243247,0.953122582157084,0.953142953121591,0.95319296100618,0.953200563042571,0.953219259974038,0.953265135261745,0.953274410278636,0.953296433418681,0.953317773797708,0.953341612519467,0.953380108781949,0.953416618772581,0.953429121832165,0.953441046397408,0.953475388700066,0.953487719656527,0.953510018729567,0.953536744597689,0.953560255436962,0.953572091867387,0.953641969973755,0.953667117164622,0.953687911221447,0.953703621495857,0.953732697491335,0.953758529099745,0.953772831705449,0.953783525790114,0.953801422220638,0.953818482250438,0.953824270290549,0.953836847329782,0.953844081101322,0.953856113055565,0.953860969516371,0.953892218766858,0.953907237597351,0.953921999965528,0.953942127012385,0.953951458548843,0.953979373133342,0.954003745280876,0.954013989390294,0.954038491555203,0.954072081698649,0.954085372157732,0.954104969132956,0.954110235724483,0.954125826707398,0.954146505629976,0.954160867681346,0.954176282470938,0.954186028546015,0.954199437645712,0.954213693007213,0.954225995625888,0.954236255210574,0.954241327167569,0.95424408861098,0.954255515742573,0.954265959820026,0.95429324716972,0.954309046069202,0.954318951339909,0.954327869426091,0.954337338795552,0.954347353443494,0.954366984670705,0.954371469931038,0.954377796554493,0.954393896410476,0.954413856456462,0.954421862030493,0.954435172732848,0.954443137281851,0.954453597236535,0.954465935109719,0.954470317869605,0.954499127889009,0.954512618471033,0.954514562883033,0.954518079791472,0.954533988511062,0.954557420975086,0.954568581410579,0.954573035275193,0.954586591295449,0.95459542386245,0.954598068108969,0.954608576467109,0.954613941492824,0.954621572442057,0.954622271803853,0.954627806979578,0.954631190584206,0.954638076511782,0.954646345510445,0.954663392112311,0.95466783429217,0.954669348857912,0.954675209718063,0.954681190009716,0.954688510170241,0.954692346994528,0.954694811504504,0.954698914698198,0.954704544821648,0.954713109301142,0.954718396954681,0.954725314212104,0.954732768986979,0.954743572200204,0.954750469661785,0.954767553144162,0.9547809486577,0.954790734864971,0.954797281741712,0.954802908645759,0.954815966670585,0.95482150002824,0.95483052005063,0.954843832487221,0.954847372547566,0.954854723938752,0.954860741444754,0.954865730004148,0.954881826398683,0.954893478167279,0.95489855252869,0.954901783446439,0.954911560935605,0.95491652885993,0.954921582841986,0.95493169062307,0.95493583352451,0.954940983876029,0.954946194334422,0.95495301332841,0.954955183637935,0.954960924127976,0.954972339032897,0.954974821576841,0.954977944082052,0.95498227796164,0.954984534470601,0.954988375371086,0.954990648838321,0.954991464003686,0.95500503817837,0.955009552145291,0.95501338809892,0.955016668166525,0.955018539678934,0.95502553269742,0.955030328537355,0.9550337600791,0.955035239867476,0.955045890980609,0.955053358469567,0.955055351432284,0.955066537387769,0.955071920707791,0.955074443893445,0.955080297182778,0.95508674282787,0.955093136949233,0.955097447669092,0.955100677271202,0.955105425622748,0.955109673875995,0.955116605661735,0.955121893864911,0.95512690016779,0.955132255826267,0.95513570485132,0.955139248060103,0.955142869051199,0.955148159070927,0.955149379171918,0.955151702763877,0.955155603576019,0.955157647892585,0.955160388587885,0.9551636198312,0.955172086299162,0.955192113896828,0.955195001408984,0.955198592772209,0.955203363423057,0.955205965344722,0.955209008270871,0.955210744143235,0.955212462112831,0.955214032994083,0.955218297040617,0.955224840568731,0.955227602436364,0.955232088151136,0.955239328185138,0.955244972322644,0.95525261648127,0.955256258045484,0.955258061225336,0.955265100521225,0.955268637947342,0.955271319909718,0.955274118537493,0.95527758185388,0.955278582535155,0.955282310034954,0.955286288611,0.955291824193813,0.955294665300242,0.95529664854475,0.9552998763096,0.955308319536469,0.955316840474499,0.955319056428176,0.955320417393637,0.955324666487058,0.955326543769631,0.955327724312891,0.955328412657271,0.955330563536426,0.955333058182023,0.955335976810175,0.955339258288256,0.955341377365774,0.955345908757324,0.955347418512722,0.955352091847541,0.955353075377055,0.95535569649547,0.955357159614391,0.955359843641728,0.955360212663301,0.955364631656299,0.95536482531656,0.955365743071754,0.955367212528599,0.95537042400939,0.955372584487052,0.95537379014877,0.955374592193574,0.955375251580881,0.955376632728565,0.955380412283846,0.955381526372164,0.955385013404178,0.955385537777959,0.955387021096646,0.955390366764469,0.955391468817065,0.955393505317962,0.955395257969444,0.955399735713946,0.955401455372291,0.955404104574658,0.955406527770134,0.955409329190624,0.955410764468612,0.955413446963094,0.955416023517007,0.955418119556577,0.955419794525639,0.955422765974548,0.955424596775551,0.955427603913887,0.955429537630274,0.955432172462886,0.955432907121524,0.955435906664797,0.955438235462503,0.955438768674927,0.955442265844679,0.95544468738343,0.955447520260768,0.955449818999966,0.95545126491153,0.955454527378457,0.955457310020754,0.955460796072634,0.955465479503906,0.955469179851713,0.955470796058949,0.955472341932487,0.955472586872013,0.955475830625641,0.955478180766971,0.95547967116683,0.955480686596889,0.955481607099819,0.955482172628282,0.955487519802758,0.955490294916129,0.9554916753252,0.955494565099331,0.955496778340397,0.955497517698205,0.955498432222931,0.955499621862537,0.955501710373093,0.955502125188849,0.955504312508789,0.955505254101405,0.955506945003659,0.955509670806399,0.9555113882443,0.955513986893629,0.955514681829496,0.955515357127217,0.95551645079435,0.955517792862292,0.955519754229688,0.955520378155406,0.955521776804505,0.955527842763724,0.955529018518032,0.9555296704106,0.955531654256157,0.955532432584119,0.955533227773579,0.955533641680144,0.955534728085706,0.955535941055149,0.955538760359288,0.955539865854657,0.955541174414401,0.955542685890053,0.955544002089512,0.955548028172239,0.955549500034115,0.955550327120161,0.955551805481339,0.955553466833524,0.955555813158835,0.955556491165103,0.955557314096654,0.955559629192257,0.955560501301105,0.95556344800646,0.955563784779422,0.955563914555789,0.955565733539704,0.95556629358812,0.955567989115626,0.955570664680782,0.955571364437027,0.955572729754528,0.955574318996701,0.955576464329441,0.955576999587256,0.955578076933102,0.955578883143386,0.955581318931071,0.95558392262781,0.955585166078623,0.955586256233271,0.955588303738709,0.955590351846984,0.955591404839226,0.955593257710421,0.955595555194601,0.95559716851487,0.955597778463651,0.955599654205015,0.955599804534274,0.955601478074535
0.388393735010014,0.609025882808328,0.617582378105941,0.621258865432575,0.630484331900428,0.644913685051754,0.663383205981688,0.674365255425097,0.687947607086099,0.695062612301426,0.699570768675868,0.715516395619307,0.737895432190036,0.761738092375304,0.770945972705237,0.78748527266767,0.794402418638616,0.798936983135579,0.803732142637918,0.810361556464423,0.817903052979788,0.839505377940118,0.843796970809308,0.860125106260067,0.882053981921004,0.887148434656408,0.8956859634044,0.899885387768978,0.910677617145044,0.911797177266071,0.91553384628369,0.916727471887335,0.917536647342743,0.92238598832441,0.923872275465796,0.926559078627113,0.92895770577367,0.937576661856664,0.940179425468123,0.943474365726825,0.94484135224836,0.946468715575287,0.949250654799175,0.955357380363345,0.955987801365548,0.95656050319936,0.958075925367284,0.958851771386319,0.959095966431032,0.959762760303766,0.960101420121904,0.960566098798495,0.960893131557506,0.961397540890313,0.961931144602219,0.962265360453571,0.96259589145403,0.962937180184431,0.966876452183082,0.967344200230978,0.967737069728769,0.967978414849603,0.968285127875732,0.968464705937085,0.968776198962554,0.969049620025233,0.969251148827793,0.969375580859059,0.969517202270574,0.969806405812444,0.970006571688965,0.970156035716636,0.970334055348897,0.970419275379885,0.970541343168047,0.970698570972188,0.971085863371125,0.971189789519801,0.971296354531742,0.971355425784562,0.971550980658528,0.971570230803671,0.971619255848414,0.971712523803963,0.971833932506738,0.971886280500518,0.972011545490806,0.972062299345994,0.972121749144784,0.972165574969181,0.972274717847165,0.972369547537592,0.972427583197104,0.972484552732074,0.972523290711612,0.972586967495328,0.972627880495602,0.972683553688021,0.972745506957038,0.972840625802105,0.972868569168591,0.972908265596369,0.972938331984975,0.972971860214879,0.973034812315693,0.97306380264392,0.973178562754211,0.973241103479401,0.973312949553864,0.973371189378076,0.973414377485683,0.973439310817551,0.973467364878701,0.973488163487989,0.973514617918545,0.973549999290087,0.973592314225911,0.973616150897847,0.973656157498239,0.973706988580954,0.973735103050501,0.973761855743083,0.973792590983574,0.973805306330843,0.973823259928716,0.973853229111284,0.973877861526781,0.973916651482613,0.973930908530885,0.973964095069892,0.973991844230985,0.97411266762251,0.974142352575146,0.974167713593429,0.974182415744905,0.974231633851473,0.974252322553542,0.974270509956258,0.974278949200079,0.974304197879453,0.974320457206568,0.974329793272816,0.974537935791087,0.974571090175056,0.974582488386559,0.974591109339064,0.974614643849182,0.974625654346999,0.974634330869581,0.974644627200738,0.974661918271343,0.974691429082892,0.974703299656987,0.974713466879356,0.974722742703191,0.974733323743958,0.974742995732855,0.974750086222824,0.974757248693646,0.974772129924638,0.974779537487341,0.974791350254908,0.974804697138199,0.97481845012206,0.974861333995856,0.974873611761699,0.974888271083391,0.974893423928418,0.974901603359118,0.974906482883919,0.974916518351279,0.97494416592612,0.974965710073897,0.97497640193871,0.974994625077376,0.975018893789753,0.975041180767279,0.975063373977952,0.975074309452822,0.975089942761768,0.975109241191369,0.975135812057626,0.975141977750827,0.975149409944647,0.975174475286417,0.975184643397369,0.975187585286446,0.975204617856175,0.975220374392933,0.975238213204296,0.975247274595098,0.975251376980231,0.975259569721258,0.975297689715186,0.97538194171974,0.975392422985487,0.975396306991249,0.97540593413732,0.975418161751348,0.975427939224477,0.975435019162178,0.975444216992842,0.975455738654645,0.975471971313992,0.975479977946397,0.975492715587891,0.975504157908479,0.975513676175455,0.975522131283351,0.975535091848675,0.975548492914591,0.975557524594891,0.975572511729243,0.975584354555122,0.975599362308894,0.975608640360706,0.9756248244575,0.975630929680173,0.975634649452953,0.975640832608827,0.975651460467895,0.975655390459505,0.975665186314681,0.975673039963874,0.975678165953436,0.975680672562501,0.975690035493241,0.97569329210114,0.975705527161212,0.975719233447269,0.975730004743518,0.975734237473631,0.975737935525908,0.975744376212613,0.975751450312851,0.975761655880495,0.975763978627738,0.975773180625172,0.9757792613373,0.975785011649174,0.975789345823477,0.975797723821655,0.975798273696795,0.975801606027582,0.975804360606572,0.975808889512135,0.975816508781945,0.975831745602341,0.975842501746004,0.975844211290697,0.975845742021428,0.97584817181301,0.975853752126555,0.975857959796073,0.975862576314059,0.97586897986724,0.975870699987267,0.975875998541341,0.975882215575376,0.975891297340165,0.975894962993534,0.975897703642372,0.975901326413983,0.975904566686147,0.975909761666618,0.975912775614643,0.975919107869199,0.975922815224276,0.975926117003644,0.975929683798193,0.975931705384171,0.975937925414086,0.975941214997811,0.975944329096582,0.975948773360098,0.975952138688266,0.975954501518883,0.975960241910476,0.975965758229316,0.975970999160807,0.975977954760263,0.975981392465076,0.975984010337218,0.975988516245024,0.975995181642961,0.975999013738828,0.976006049168399,0.976008640004466,0.976011009452904,0.97601425685206,0.976019662459073,0.976023326430982,0.976026809738785,0.976031874517299,0.976032763994372,0.976041062216756,0.976044487013659,0.976046802346488,0.976052284287123,0.976061395914074,0.976065016538888,0.97606637018582,0.976067809971655,0.976071760987344,0.976074165474541,0.976077389304459,0.976080372503428,0.976093478215734,0.976098303676054,0.976102766381153,0.976107998409132,0.976111733103212,0.976114266606014,0.976131142792045,0.976135248304826,0.976137165428933,0.976141603562888,0.976142315994773,0.976150938873495,0.976152574150781,0.976155931187126,0.976157931411701,0.976161435232324,0.976163764070004,0.976166423855838,0.976168517449798,0.97617074922451,0.976172523229655,0.976175002674823,0.97617609512895,0.97617659531684,0.976178216405294,0.976178999271385,0.97618287098671,0.976184088621606,0.976189355588371,0.976192788305238,0.97619778463983,0.976198496380973,0.976206122750566,0.976207606805888,0.976209125968728,0.976213929493534,0.976215982464518,0.976222789934193,0.976226039180516,0.976230670918573,0.976234228240267,0.976238441500218,0.976251107544076,0.97625212380932,0.976256674158172,0.976257076806683,0.976258909655488,0.976263364123383,0.976265444591296,0.976268832177326,0.976268994255772,0.976269607456254,0.976272255156134,0.976273506849872,0.97627925204787,0.976283113676707,0.976284968292288,0.976285217695375,0.97628848077818,0.976289919270128,0.976294058184684,0.976296267226688,0.97630004512609,0.976301914078125,0.976302297581185,0.976304283511258,0.9763096364597,0.976311753305829,0.976312765934707,0.976317449681642,0.976324330450945,0.976327941783879,0.976329129302868,0.976331952319932,0.976333033728825,0.976336041878873,0.976336969470726,0.97633950306814,0.976372388347303,0.976373665369594,0.976374688353573,0.97637591774998,0.976378528722524,0.976381320978855,0.976382996570972,0.976385211598196,0.976385752518674,0.976386897944286,0.976387180510008,0.976389886601756,0.976391889929218,0.976395290104746,0.97639702158653,0.976399000508635,0.976401114885752,0.976406616746102,0.976410865809893,0.976411092296239,0.97641312546213,0.976414108000573,0.976417246572758,0.976420196069915,0.976421883884265,0.976422871725074,0.976423150796647,0.976423186674849,0.976426794299951,0.97643029637472,0.976437812622552,0.97644058404521,0.976442111574536,0.976443711616348,0.976444590964009,0.976446832542736,0.976447714193556,0.976450327479108,0.976454917365248,0.976455734138726,0.976458224766224,0.97646478699795,0.976467142190409,0.97646727928241,0.976468002235162,0.976470344768857,0.976471765303028,0.976473493004292,0.976476232344444,0.976478568095238,0.976483873091406,0.976484891235621,0.976487007887805,0.976492719992271,0.976493201537476,0.976494930226845,0.976496443052985,0.976502418900913,0.976504865197492,0.976506987743438,0.976507413210324,0.97651209238957,0.976515906672563,0.976518015016105,0.976518964148246,0.976520945513842,0.976523052690783,0.976526092500738,0.976527188000524,0.976529159875602,0.97653020017909,0.976531853466938,0.976533066778874,0.976533786889336,0.976534760794577,0.976536089820993,0.976536870016293,0.976538515278628,0.976540375117192,0.976541574191283,0.976543829044068,0.976549020945012,0.976549360165563,0.9765500761262,0.976553765822379,0.976556527364833,0.976557401589616,0.976558516149131,0.976559233596517,0.97656022479634,0.976565497312029,0.976569824857384,0.976571010088696,0.976572113296441,0.976573524964257,0.97657450225016,0.97657724752619,0.976578139542528,0.976580199442254,0.976580573426326,0.976580705544382,0.976581927851552,0.976582186266589,0.976583346729013,0.976587361730065,0.976592331219191,0.976592950691604,0.976601047652838,0.976601507174549,0.976602290537057,0.976605815220966,0.976615717593539,0.976618523331954,0.976621243676046,0.976622219123387
0.352394054470299,0.470965120754711,0.502062394613209,0.505832791363567,0.526668436693277,0.587156194496065,0.636439832223124,0.659623478814206,0.705570701376148,0.756709957597799,0.762065098408556,0.773695891310469,0.797215160335455,0.810332222774329,0.826384769167194,0.834777679885342,0.84740094164852,0.857437271678757,0.865326050847734,0.868697732116754,0.8716015867479,0.879567831808603,0.882552525787798,0.884589371721183,0.888297693652328,0.891845257512009,0.897638485686996,0.901270926753857,0.906385465515809,0.90829087685903,0.911383196004471,0.912796412239582,0.918971006030508,0.923032014510382,0.925257372567131,0.926539924297117,0.93230719672713,0.932934392104642,0.935133071211122,0.936895937660387,0.937661168934667,0.939829388140353,0.94050788554363,0.940922325842586,0.941489996702821,0.941869518283914,0.942318131552622,0.943546510111885,0.943926916998449,0.944947215231378,0.945339364656166,0.945708125022427,0.945969606027603,0.946251747543543,0.946849712836536,0.947112978575129,0.947357537524016,0.947803882677313,0.947966219864606,0.948430454081888,0.948586331579653,0.948776924156562,0.94896062861271,0.949245113871202,0.949325545801841,0.94955765547461,0.949704671630936,0.949834280610986,0.949919385887737,0.950029943444834,0.950092910617348,0.950146856356332,0.950266623304175,0.950353957817179,0.950440950590446,0.950605439640244,0.950659929112896,0.950756739139504,0.950803422195707,0.95086570665912,0.950926364174982,0.950966786526157,0.95102711221182,0.951128388423473,0.9513106955911,0.951356524675604,0.951412297948627,0.951475630879818,0.951514973176114,0.951550029519643,0.951618007400918,0.951689343264441,0.951717160652926,0.951788212945745,0.951866265132421,0.951910229165344,0.951961406295634,0.952034379995018,0.952064247212068,0.952093181726589,0.952146526043847,0.952225631283638,0.952246531622013,0.952296129964944,0.952364384793178,0.952410255821567,0.952443544950127,0.952484831165838,0.95252852444331,0.952564598827724,0.952592549644911,0.952632089197238,0.95268739099614,0.952721250922724,0.952740191795976,0.952773835199889,0.952800725459312,0.952820914591671,0.952839045850865,0.95286284871281,0.952869180537597,0.952936997125835,0.952973627103275,0.953006717238501,0.953027536542658,0.953039851686173,0.953076245784138,0.953101375005262,0.953112510008404,0.953129521753509,0.953144728130732,0.95315582925734,0.953181637651252,0.953214529308678,0.953238675063485,0.953262967670159,0.953278904543024,0.953289609356066,0.953323164927621,0.953717516566248,0.953730011706102,0.954171501939739,0.954181231761171,0.954196502391511,0.954208504221899,0.954215224816313,0.954226618478674,0.954245339476202,0.954254911021786,0.954276549285533,0.954300135865612,0.954311599774824,0.954331418693796,0.95433650226499,0.954357025715823,0.954366491291808,0.954377036223324,0.954383641677645,0.954409422281056,0.954416719137076,0.954425322433237,0.954436864724098,0.954444542684389,0.954466975170191,0.954480666206832,0.954498956883824,0.954505498384088,0.95451007381065,0.954522658451315,0.954531665149415,0.954539301054204,0.954541715251515,0.954552117094095,0.95456530364669,0.954571382418745,0.95457860839502,0.954584315513363,0.954596315332344,0.954614782241905,0.954625049850858,0.954635094821037,0.954646913080574,0.954653031056112,0.954663689572043,0.954669180383575,0.954681977801726,0.954690542514779,0.954697991452037,0.954701451385455,0.954707412408649,0.95471350238993,0.954721652499457,0.954727281313576,0.954747251320941,0.954757343398071,0.954762008949975,0.954763775970693,0.954771410424185,0.954775175489303,0.954780942124549,0.954789034627956,0.954791268384419,0.954805999620062,0.954807835379812,0.954815149239695,0.954825492615559,0.954831875488196,0.954837477583433,0.95484470976086,0.954854926094742,0.954862197593128,0.954865237773265,0.954870312263542,0.954877736229958,0.954886040123682,0.954890229972334,0.954895700115177,0.954905594937034,0.954916650646261,0.95492131609679,0.954924869147813,0.954925724464371,0.954931615579413,0.954948991527279,0.954956637421627,0.954957826033534,0.954966634007595,0.954973555175922,0.954978586634235,0.954983517040077,0.954985911435432,0.954987595416112,0.954990049622707,0.95500143657617,0.95500593255798,0.955016391016584,0.955021597413207,0.95502284686323,0.955026765716051,0.955034671952005,0.955036581005161,0.955036746314352,0.955039908580595,0.95504174033451,0.955043504080415,0.955049003417329,0.95505692095261,0.955057995289973,0.955059417474404,0.955064204327016,0.955066025608751,0.955068603084549,0.955075151856856,0.955078212516215,0.955081210452647,0.955083233437816,0.955086596762874,0.955092611500063,0.955098529060876,0.955100085007351,0.955105666557067,0.955107750335381,0.955111257494911,0.955115404518783,0.955119466538223,0.955121612200372,0.955128953512815,0.955133397052677,0.955137117339476,0.955139290652702,0.955142013116256,0.955146321564477,0.955156622054809,0.955158273405049,0.955160025405598,0.955163373020084,0.955165890488227,0.955168012530662,0.955173021664288,0.955178849670322,0.955182662384993,0.955184988887369,0.955186377674741,0.955187528877011,0.955189930252323,0.955194412361745,0.955197206462362,0.955203188456998,0.95521368249502,0.95521558980518,0.95521711395118,0.955222702341714,0.9552241225757,0.955225950025,0.955228357042064,0.955235195326639,0.955236220286129,0.955241642444705,0.9552432165204,0.955247902559091,0.955248950610009,0.955253725784946,0.955255008975596,0.955260668472865,0.955265525011079,0.95527019278667,0.955271741632697,0.955274486371194,0.955277921601392,0.955280751344082,0.955284549835627,0.955288750651004,0.95529167422847,0.955293195874264,0.955294215121798,0.955298564259013,0.955300822085148,0.955303674225813,0.955307777226012,0.95530875717405,0.955314128577219,0.955319791526316,0.955323212948479,0.955324305744268,0.955325149859942,0.955327172420298,0.95533068718529,0.955333455399825,0.955335091987633,0.955336028313407,0.955338213594272,0.955340274182364,0.955343395379362,0.955345696608587,0.955350852315039,0.955351917737698,0.955354188320932,0.95535715769115,0.955360350426177,0.955366808675849,0.955369351329247,0.95537323466392,0.955375086769203,0.95537757205379,0.955378674246614,0.955381491167625,0.955382263342331,0.955385086510135,0.955388035465353,0.955390661553102,0.955393612683787,0.955394086122331,0.955396311049399,0.955398224492214,0.955404002186733,0.955405274271505,0.955408085078678,0.955416081583748,0.955419163639399,0.955422507409115,0.955426550120172,0.955427241560609,0.955429023793473,0.955432825269219,0.955436124515036,0.955442490267407,0.955444969027432,0.955449909263915,0.955451461734383,0.955455542296496,0.955455986711658,0.955459635771281,0.95546124261927,0.955464208014108,0.955470139047061,0.95547532192869,0.95547769496879,0.955479572692019,0.955484082116186,0.955486091769148,0.955488816210788,0.955489627497959,0.955492041313751,0.955492687773608,0.955495860206563,0.955498235545505,0.955498512781901,0.955500546830998,0.955503005918586,0.955504499566525,0.955506264416287,0.955507019663158,0.955509314039024,0.955511261521243,0.955514652573675,0.955515521128738,0.955516561991059,0.955520768405201,0.955523846147836,0.955526957928757,0.95552986814139,0.955531967605815,0.955537768590148,0.955538512440778,0.955541231475951,0.955541998056589,0.955543331029429,0.955547393120986,0.955550834575199,0.955551565901316,0.955551927356706,0.955553318667135,0.955554081831959,0.955555052311426,0.955557102746825,0.955558547026042,0.955560114529239,0.955562625308249,0.955564320620831,0.95556654492717,0.95556846034235,0.95556970707124,0.955572192867077,0.955573714720994,0.955576028185619,0.955577799646397,0.955578889180042,0.955579173856743,0.955582277080771,0.955583268161542,0.955585749670518,0.95558772974519,0.955588474028571,0.955590195464595,0.955591862119186,0.955592726546298,0.955593771105502,0.955594961147225,0.955595943175423,0.955597355040145,0.955597938629558,0.955598848641047,0.955600361089282,0.955601217528098,0.955601644005862,0.955601901839774,0.955604504678988,0.955606231252105,0.955606745720018,0.955607321527745,0.955609395361706,0.955610902953713,0.955612328400678,0.955612428884642,0.955612853190938,0.955617707172571,0.955618775219364,0.955619249536035,0.95561981234538,0.955620168998022,0.955621467260559,0.955622789286993,0.955624106262897,0.955625360849132,0.955626541422199,0.955627286114613,0.955628594013092,0.955629068333155,0.955630219854744,0.955630954463486,0.955631098221708,0.955632175398628,0.955633294634234,0.95563369957709,0.955634757966931,0.955635887489979,0.955638019827302,0.955639634296363,0.955641029927325,0.955644237451971,0.955645632134045,0.955647185035529,0.955650118484438,0.955651324170635,0.955652127110506,0.955655026692561,0.955656553610666,0.955657151189345,0.955660073113374,0.955662546540878,0.955665467077355,0.955667185051002,0.955669334010909,0.95567023643692,0.955671060509676,0.955672006575266,0.955673473657524,0.955675311885918,0.955677769985411,0.955678910342449
0.485066150292279,0.530921047253552,0.552442004921456,0.59507905043227,0.655635267166006,0.662764265112366,0.672598147088927,0.68890759075567,0.691365221310929,0.697792900182127,0.705652933968095,0.796082451122856,0.809078916118037,0.810507251901157,0.830008903972131,0.834977008270561,0.84138653604123,0.846944180226887,0.852668538775725,0.863091299848062,0.87115674467102,0.882170368598529,0.886509200751287,0.889471093245035,0.89221460940918,0.89450411603498,0.897612119980965,0.899634371411038,0.901694938304651,0.909614606793179,0.912678751228736,0.913597992066602,0.916851682858703,0.922170286326892,0.925121462767743,0.927408314896347,0.92849418217091,0.931407236338078,0.932794282731809,0.932965344495012,0.93417453230412,0.935303570616352,0.938774563310003,0.93955606204397,0.940147887085109,0.941838266450626,0.943672000898627,0.944024429671866,0.944882018838965,0.945251807506128,0.945417177889569,0.945808714443155,0.946885548175763,0.947286076146141,0.947835727543577,0.948418018781611,0.949994129001336,0.950395009436652,0.951506122813817,0.95186622145995,0.952633473775182,0.953628731344959,0.954349324034407,0.955636088335349,0.956154392062757,0.956631382278753,0.957516860814507,0.957881411890519,0.958454737168674,0.959290981346429,0.95958129232326,0.959829995775619,0.960352277142314,0.960756462199834,0.960996491498474,0.961281946142212,0.961463612664987,0.961653579937436,0.96177526130933,0.961883721787131,0.962329621456493,0.962690130554991,0.962745121188017,0.962889788328609,0.963089176755014,0.963252372193245,0.963456118995155,0.963643367086514,0.963791854865787,0.963921383294568,0.964088619216452,0.964181072267016,0.964256790197195,0.96431345409994,0.964657193719921,0.964788796004426,0.964920101680345,0.964981998426414,0.965142785336119,0.965222100089235,0.965282135680213,0.965448573578303,0.965551279791013,0.965633566967636,0.966121560614163,0.966237395246568,0.966376153447999,0.966455604671051,0.966602078130714,0.966650396828675,0.966709487881284,0.966792416920011,0.966810241448817,0.966915480638789,0.966984419599897,0.967050002038724,0.967140545996427,0.967219230634709,0.967233349235391,0.967269442124899,0.967831017253018,0.967880834241164,0.967934799643179,0.967945964430309,0.968026141069645,0.968146388102473,0.968233941257383,0.96825846991907,0.968290480406002,0.968375718178436,0.968433591164838,0.968534619607853,0.968590825787892,0.968622531002573,0.96863356441103,0.96868094054475,0.968710246400596,0.968752398100465,0.968783818569589,0.968825161114086,0.968842618132502,0.968865109663406,0.968900693624384,0.968929508979507,0.968977111507799,0.968993193926404,0.969052155764369,0.969070402179952,0.969265668192945,0.969348652203033,0.969371672292958,0.969417945087659,0.969533112936828,0.969563031170705,0.969574116630994,0.96963289408041,0.969638075674537,0.969658437839826,0.96969944108576,0.969738101310771,0.969767704172807,0.969781442683247,0.969810668970066,0.969837788158548,0.969851166806385,0.969858330669249,0.969882735362695,0.96992590787104,0.969946301146959,0.969957372122767,0.969962524404464,0.969983009651215,0.969993779312596,0.970012127355297,0.970030572282647,0.970044199033027,0.970077206548668,0.970096430282982,0.97012654682934,0.970137933517223,0.970160279795784,0.970189748008615,0.970201665837328,0.970230532241371,0.970244126828172,0.970265077201494,0.970287811446151,0.970306763285426,0.970321557173109,0.97034458675822,0.970355233218009,0.970373091096942,0.970385264004976,0.970397805849775,0.970410028407539,0.970419411151246,0.970435316854266,0.970451181341194,0.970467744380766,0.970487516929092,0.970535093070298,0.970544673152421,0.970559573144823,0.970571506762384,0.97057952248903,0.970591781654303,0.97059750735214,0.970611839609678,0.970623901618328,0.970674476951837,0.97068941461359,0.970702008306968,0.970713411492867,0.970726535832549,0.970735169789206,0.970772423691842,0.970783666206604,0.970792451273632,0.970804762127484,0.97081583682452,0.970818644223957,0.970831698532828,0.970838407000099,0.970846453248364,0.970866958956103,0.970876454146256,0.970891789866486,0.970900749741974,0.970919208510974,0.970933653697675,0.970945445028073,0.970949784981246,0.970966212815848,0.970972249724935,0.970983484475442,0.970992404056243,0.971008261471914,0.971013708014337,0.971022446115268,0.971031862623101,0.971039549750065,0.97104277205282,0.97105299594967,0.971061785539374,0.971063700317741,0.971080442588769,0.971088978342908,0.97109248072992,0.971098525505251,0.971103930457821,0.971109126391304,0.971123941290311,0.971133894217496,0.971145109042837,0.971157910095787,0.971162315486732,0.971171764254496,0.971180276035438,0.971194289845403,0.97120036083045,0.971212730332006,0.97121978058691,0.971223229722827,0.97123586396281,0.971245511535054,0.97125266342934,0.971267491544414,0.971271338732114,0.971278296594151,0.971280770722167,0.971289636126851,0.971293899143528,0.971300857273499,0.971308890384774,0.971329853609115,0.971343604340741,0.971356588483197,0.971385916310512,0.971387021057886,0.971389081224091,0.971396537507153,0.971423118876474,0.971435390645743,0.971439656457497,0.97144293920809,0.971444597516726,0.971451116727818,0.971451305202332,0.971461161639505,0.971469924241826,0.971476831577818,0.971480211310065,0.971484506807044,0.971492892529763,0.971502199491095,0.971508779968089,0.971515486814525,0.971521301977099,0.971521766096305,0.971523285481186,0.971526315280174,0.971529101396073,0.971535820631829,0.971536647321313,0.971544508172351,0.971562450155055,0.971569158975466,0.971572597951104,0.971577960583686,0.971586055783433,0.971591180137636,0.971595317075742,0.97160592619361,0.971607430480608,0.971614410841366,0.971620707368175,0.971627435945093,0.971629881478102,0.97163306106082,0.971634799781105,0.971637213039748,0.971645001370555,0.971672409766733,0.971684638995172,0.971687444820805,0.971694512193426,0.971696917107198,0.971700993478327,0.971709053737417,0.971713389058665,0.971772683214442,0.971776155895968,0.971776337321193,0.971780862487903,0.971783820810321,0.971787047251087,0.971791611463529,0.971797219189518,0.97180816023825,0.971810998410914,0.971814279799923,0.971825661983549,0.971829438834493,0.971832718470175,0.9718370740399,0.971862466189153,0.971867912573032,0.971869879313127,0.971870204923425,0.971872666110914,0.971874555831394,0.971876826974061,0.971878727373279,0.971883346371891,0.971884454041362,0.971886890326573,0.971889590361808,0.971891449620244,0.971896010237556,0.971898400771465,0.971905881372303,0.971909333632472,0.971910949292674,0.971918418868825,0.971920504986529,0.9719245320514,0.971929793378823,0.971940551500379,0.971943152594913,0.971944890782292,0.97194729480792,0.971952321814928,0.971957322311259,0.971958027314974,0.971959767932072,0.971961980566371,0.971963311345266,0.971965777925736,0.971968425790719,0.971969681287945,0.971978247980766,0.971983292795892,0.971989156143061,0.971991426698517,0.97199262382032,0.971995609689157,0.971997861647102,0.972002772132311,0.972005514728383,0.972007392628132,0.972010374986762,0.972011172516286,0.972014541224357,0.972015274361533,0.97201619375213,0.972019570641446,0.972023557608742,0.972028604099411,0.972031904257111,0.972033182305606,0.97203484119758,0.972036330573727,0.972038366641403,0.97204172335342,0.972042165211725,0.972043273329309,0.972045661393562,0.972045911756438,0.972047043537167,0.972050782682433,0.972054873830211,0.972056234729623,0.972058666408062,0.972063178925487,0.972064452473679,0.972066008357234,0.972066854645098,0.972068187790282,0.972070168644035,0.972074572326268,0.972080231270093,0.972084654044389,0.97208646401278,0.972088869169567,0.972089908198947,0.972094901575117,0.972096464090102,0.972100100011167,0.972100491703476,0.972101288001451,0.972101783475051,0.972104146365636,0.972112420090023,0.972115665460221,0.972118554714603,0.972118663666256,0.972119902883613,0.972121629894434,0.972122951759084,0.972126021685672,0.972128788264796,0.972132625594222,0.972137000222785,0.972137130263801,0.972141201760481,0.972142480403814,0.972143954870411,0.972149116740697,0.972151028799793,0.972155803743792,0.972158619947104,0.972160699097202,0.972161235163896,0.97216914017759,0.972170495031202,0.972171035692065,0.972172689946472,0.972174633414551,0.972178326664956,0.972181233758308,0.97218447661484,0.972185652225678,0.972186520015008,0.972189504938143,0.972191541188388,0.97219365313344,0.9721978854826,0.972199359728935,0.972205969412947,0.972208905920547,0.972211913642036,0.972214597468238,0.972216405378394,0.972216884246239,0.9722181825636,0.972219650279366,0.972226864807166,0.972227982659705,0.972230783938261,0.972236214539498,0.972240698043828,0.972240807890984,0.972242899679217,0.972244244204166,0.972246360231515,0.972249595953119,0.972250825588684,0.972251529874543,0.972252859161974,0.972257234759151,0.972259063257053,0.97226135283426,0.972262615172167,0.972266996592427,0.972269730360625,0.972270742941174,0.972273067746774,0.972275312159183,0.972277069964625,0.972278905513897
0.502442544073664,0.569082702354088,0.5730356364841,0.574604958848191,0.623039866750827,0.643763690811436,0.681331496456536,0.686488590232163,0.700868951326214,0.712732014490002,0.71981007840285,0.722672340873308,0.781402618938457,0.785413978961878,0.792747170994945,0.80186476876794,0.807062610521333,0.812312416355185,0.838206264530031,0.842397212061432,0.868509613975911,0.873415800867356,0.880723723664486,0.884789950335199,0.888946406658048,0.898983363630314,0.903336097610548,0.905707356060362,0.91085700480361,0.913027520193945,0.916115878044003,0.919355848956469,0.921757250985749,0.927146861504534,0.930237804882075,0.931976878815875,0.933043872041073,0.936954035543232,0.939415902714315,0.94068223017546,0.941329777244918,0.942555859267363,0.94374163750762,0.944619846846353,0.945631127531819,0.946531422668351,0.947600428402442,0.948801793031801,0.949904938474311,0.950366878938881,0.950748317706902,0.952018462931059,0.95288927581066,0.952981613110531,0.953904134150637,0.954746636898079,0.955428048346812,0.956134470016734,0.957886584984184,0.959365813929152,0.959676395557332,0.960227301961315,0.961189909446076,0.961535424615195,0.961958485275533,0.962082849515802,0.963397276685336,0.963806175409812,0.964393955704379,0.964745445829983,0.965572704528759,0.96614892344952,0.968999197440849,0.969677828288008,0.970785249449526,0.971379634740094,0.972070569725666,0.972240408563604,0.97256292947354,0.972795507734065,0.972941754642919,0.973187227612594,0.973376091874496,0.973532639186568,0.973963881279314,0.974236932762618,0.974494084470746,0.974577188387171,0.974683235946431,0.974876060858008,0.97495229204111,0.975010669004711,0.975179179782981,0.975237022700134,0.975324486234608,0.975538639381958,0.9757003910349,0.975759589525476,0.975891988528918,0.9759539029708,0.976142696409322,0.976216476346495,0.976374808022824,0.976468283701136,0.976648196933643,0.976685995343317,0.976753549830773,0.976818844312447,0.976873196028115,0.976976147780735,0.977004955283664,0.977092200126296,0.977182592047631,0.977232822373456,0.97732965306943,0.97740763715718,0.977446963002602,0.977509378912916,0.977533448977403,0.977558411779463,0.977610554128345,0.977652003823833,0.977712095521771,0.977763648605191,0.977815014369575,0.977845423259523,0.977863738742371,0.977868647419671,0.978013864599227,0.978036315555056,0.978064512179852,0.97807937222546,0.978111557666388,0.97826158087865,0.978293450600369,0.978313155655266,0.97836587639388,0.97839850424503,0.978408450404335,0.978442169845209,0.978496970992055,0.978518614636986,0.97852851366358,0.978547704827823,0.978562285676572,0.978666280604734,0.978701419886633,0.978737498152009,0.978755791448234,0.978776116259392,0.978799151109082,0.97882697925109,0.978846488535564,0.978861398810433,0.978898302104433,0.978955513452211,0.978982848475666,0.97901542057591,0.979046304737965,0.979175250714608,0.979211644334551,0.979231972585188,0.979245993067308,0.979278385048417,0.979302974221579,0.979314249925754,0.979326990765431,0.979349839130165,0.979475139213314,0.979487215671073,0.979509252413064,0.979534003243427,0.979553960027,0.979585441594445,0.979601283563207,0.979613544534923,0.979663334863004,0.979670310213469,0.979687206491944,0.979705328409333,0.979711445710679,0.979727324096098,0.979740533012569,0.97975892141147,0.979783800840723,0.979789841847602,0.979796423773514,0.979804592305256,0.979837284739647,0.979842922779944,0.979860295672309,0.979883597455473,0.979932629104884,0.979951853701992,0.979964395832053,0.979988580134197,0.980011808708034,0.98002716940542,0.980056510306787,0.980069757191855,0.980080809499656,0.980093347720262,0.980104166089296,0.980124689321444,0.980151943532648,0.98016353431944,0.980166664673638,0.980192210010621,0.980198630858075,0.980209909228702,0.980213785489133,0.980226086308352,0.980231379015154,0.980237347875695,0.980246050755317,0.980263313298914,0.980271446435595,0.98028435056166,0.980307544341128,0.980321176285204,0.980330468505314,0.980340601127398,0.980363990628785,0.98036844346176,0.980379779733698,0.980387297945653,0.980392852719233,0.980409239936647,0.980416706692436,0.980424170515981,0.980429403991265,0.980437952433034,0.980439869362582,0.980449072754316,0.980451210535281,0.980460101116574,0.980481209616009,0.980487568169302,0.980496683965063,0.980500488541118,0.980505622845649,0.980513125935317,0.980523897147311,0.98053426664253,0.980536269227814,0.980549914079734,0.980557174878616,0.980565406178678,0.98056916701716,0.9805752912424,0.980583054991672,0.980593373396081,0.980602184555472,0.980612448846562,0.980616946481587,0.980622270771293,0.980635372653437,0.980645354562198,0.980657173856955,0.980662043576579,0.980664850780405,0.980671010960649,0.980674735595312,0.980681931041057,0.980688093135015,0.980696333543495,0.980701661565136,0.980703461559604,0.980711283094242,0.9807226308899,0.980730274706559,0.980739245963032,0.980747371160945,0.980755990823089,0.980766670850192,0.980772928923242,0.980778257374585,0.980787800605462,0.98078973063468,0.980796886374049,0.980803577629772,0.980807849688091,0.98081388164228,0.980822600129724,0.980831703589831,0.980839671697564,0.98084610964491,0.980851468044491,0.980868596948827,0.980872931448152,0.980876724996569,0.980878899826627,0.980881965002031,0.980888524212315,0.980898789120242,0.98089996581548,0.980906783290012,0.980910844706394,0.980913367391784,0.980914532801425,0.980921452124834,0.980935121195874,0.980945752282332,0.980963774452402,0.980969555460683,0.980974597764759,0.980981028696655,0.980984840252508,0.980992156264931,0.980995417516147,0.980997555609505,0.981005672011884,0.981013015635207,0.981023101132015,0.98102826790738,0.981035566159343,0.981040918032821,0.981045177750169,0.981054994218442,0.981056411991747,0.981063686046012,0.981067716115473,0.981069659343455,0.981075937441234,0.981080975646534,0.981088802669329,0.981097895613047,0.981105781675104,0.981109547706606,0.981112065407988,0.981119954944096,0.981120887995511,0.981126322926848,0.981127472572378,0.981138658038749,0.981140217937002,0.981141521660749,0.981152363957673,0.981158247884153,0.981163597518685,0.981172140953925,0.981174419518912,0.981177908951497,0.981186271765839,0.981194951065624,0.981199082260174,0.981199904086223,0.981201357490745,0.981206770960443,0.981211360185172,0.981218772459519,0.981229399177813,0.981234905454285,0.981239001510449,0.98124245423282,0.981246687038204,0.981251356348386,0.981253444423327,0.981256358259383,0.981265073228879,0.981266263709132,0.981266983993701,0.981270413546819,0.98127229829933,0.981276399809339,0.981277071408183,0.981279459741753,0.981281312434877,0.981288242367983,0.981290980826255,0.981293304286713,0.981298684563404,0.981301873592112,0.98130766721389,0.981310011933679,0.981316164736404,0.981322048735448,0.981325558476699,0.98132663989603,0.981328753713017,0.981332473321077,0.981335903718577,0.981346713784838,0.981353753946629,0.98135646796701,0.981362433389966,0.981363281672595,0.981364668378022,0.981369821847249,0.981375297631217,0.981376444852445,0.981380272647353,0.981386221925886,0.981389924434488,0.981391643311241,0.981393028095574,0.981397587191968,0.981399418958081,0.981399729285972,0.98140116255611,0.98140460322794,0.981410016169824,0.981417402248378,0.981417617013217,0.981421286540347,0.981422072643926,0.981425554531579,0.981427113198122,0.981433548992439,0.98144557479603,0.981450101773596,0.981451978700647,0.981453593836867,0.981459566827269,0.981465488757098,0.981466127674829,0.981467996588915,0.98147017082085,0.981471001013093,0.981475656861838,0.981476273968234,0.981479169721686,0.981480200348191,0.981481944522209,0.981486484508958,0.981487821883102,0.981491009303808,0.981494392606013,0.981498805023742,0.981502397924288,0.981517122892301,0.981519635643857,0.981523107503308,0.9815249871586,0.981527513157297,0.981529141053207,0.981529753654129,0.981533676550082,0.98153519015948,0.981536870929454,0.981541207034169,0.981542027275429,0.981543563541986,0.981545672547899,0.981548080570106,0.981553133475054,0.981557877348483,0.981559114519092,0.981561983630575,0.981565667964181,0.981565813583895,0.981566719627006,0.981572487749135,0.981573235757184,0.981575413697654,0.981576523213083,0.98157821712879,0.98158098210117,0.981585410522703,0.981587877448796,0.981592166065512,0.98159486007536,0.981596860528852,0.981600957987497,0.981605604131596,0.981607726570318,0.981609253118237,0.981611131278767,0.981611808494077,0.981617414704938,0.981618209142429,0.981620125285005,0.981625055115451,0.981626814638223,0.981628174689383,0.981628231340466,0.981630733109863,0.981634945400998,0.981636783460724,0.981639993215587,0.981642206193111,0.981644726091964,0.981645403570695,0.981647233261184,0.981650446936191,0.981651019153844,0.981651428938092,0.98165386314958,0.981655395372478,0.981655441514723,0.981655943987049,0.981657902875655,0.981660502932989,0.981661173509307,0.981661214398982,0.981664385706593,0.981666889862559,0.98166940688855,0.981671875700724,0.981676169914091
0.478015913784857,0.516460731104362,0.598421135440516,0.60601996902332,0.629634036340357,0.633859314341109,0.644298619187926,0.672278694271369,0.721280080715106,0.722179386418142,0.73841386975632,0.761591926652828,0.766119107916354,0.770857471562188,0.802883450945671,0.833859690094535,0.838950112523094,0.853245460258721,0.861687920136144,0.871766030021888,0.875534277164561,0.879678010721895,0.882238506027312,0.889571061282293,0.892078854913119,0.893469666726959,0.899867416049834,0.90155288409629,0.903732785442433,0.904507261139075,0.910226925526486,0.914352567503867,0.916431737904201,0.918825439087608,0.920271178435091,0.922129872608645,0.923229110839248,0.923862212593765,0.925203965946714,0.927246405208772,0.932247896688219,0.933104546055626,0.934167566999778,0.934620487153856,0.935124915075113,0.936554452855996,0.937177480476455,0.937880455105435,0.938104936040404,0.938272945901477,0.938609416447253,0.940402248297346,0.940736505992226,0.941445871064818,0.94175469935137,0.942196411648934,0.942964326074659,0.943153859794706,0.947077110040232,0.947938887767442,0.948672048648518,0.949062236505411,0.950107451283781,0.950478423954039,0.95210436196214,0.952324249977565,0.952921244258035,0.955475426100467,0.956711750051514,0.957401269145598,0.959810974692697,0.960978755512642,0.961888783359185,0.96300577243993,0.963761815815651,0.964437439987686,0.966502350409874,0.967644341148725,0.967864784144808,0.969289692097192,0.969988809686937,0.97028378629702,0.972079082344329,0.97272433196831,0.974543667681235,0.975128479531439,0.976061618626964,0.976605896312685,0.977392797343311,0.978305169788103,0.978879525183761,0.979262665343752,0.979565192879466,0.980479327151947,0.980824449380715,0.981049950721536,0.981562749140635,0.981775298475782,0.981953887251443,0.98214576069922,0.982329554179482,0.982912398527003,0.982998971115609,0.983186177140139,0.98337329902927,0.983449505863054,0.9836000608772,0.983863904764061,0.983958956157069,0.984166502826145,0.984245470484365,0.984416570619097,0.984615069359707,0.984741873298667,0.985078990928835,0.985326866483223,0.985494748547973,0.985669202697707,0.985737628846289,0.986007155769276,0.986072235267888,0.986142564876568,0.986220386624213,0.986265324544567,0.986558097371379,0.986637988455163,0.986871677070701,0.986931776240941,0.987027609822104,0.987081372672794,0.987189409932787,0.987334504038582,0.987432610316583,0.987541707407003,0.987709779451905,0.98777246929309,0.987826536133395,0.987864038347268,0.987962691458339,0.988053730611613,0.988196175721013,0.988213859430157,0.988276281196802,0.988312374206148,0.988377415711325,0.988407802044067,0.988471892705004,0.988596115801264,0.988712415831884,0.988763788648505,0.98880424835751,0.98885059584932,0.988890822072733,0.9889533005493,0.988990806301227,0.989051451735792,0.989129167555981,0.989175288071415,0.989267948546337,0.989283294629889,0.98932642713612,0.989358203891999,0.989370610850698,0.989426589203215,0.989493555160799,0.989643940556819,0.989679673662511,0.989738595172459,0.989771794285148,0.989787844806275,0.989802666126404,0.989823752061617,0.989854260519275,0.98987740936913,0.989894048069783,0.989951478579141,0.989974042197154,0.99001009980323,0.990038858527296,0.990086748176284,0.990102969338002,0.990114887268164,0.990147820702844,0.99033066349455,0.990342561759894,0.990355813474781,0.990386749152832,0.990400473779646,0.990412490073212,0.990430442579181,0.990460949045494,0.990503704927504,0.990517184828053,0.990540240967148,0.990554054259917,0.990578145650351,0.990584006250568,0.990607837691857,0.990624015097463,0.990639402571899,0.990648834711496,0.990654092339524,0.990672074830631,0.990693086775759,0.990740151931172,0.990751453791097,0.990770540149776,0.990786051537191,0.990791698132667,0.990805113790991,0.990815348538229,0.990831319248872,0.990876003716471,0.990889241930504,0.991044039950105,0.991062775917959,0.991082712564685,0.991114262742216,0.991121120833022,0.99113227371154,0.991142462856886,0.991157520783544,0.991177525283037,0.99118654217768,0.991194614281303,0.991204588821538,0.991219673603238,0.991222636224269,0.991234312864139,0.991242028900518,0.991249252285462,0.99125888929378,0.991267129577999,0.991270037519737,0.991283567591567,0.991298168760537,0.991307835141306,0.991319165020886,0.991322432123793,0.991330566511822,0.99133641369453,0.991342283744245,0.991408931182538,0.991415704671333,0.991422515204444,0.991425527635027,0.991434645531613,0.991442244932278,0.991456472906628,0.99147270342041,0.991481767172409,0.991504948441498,0.991511869870123,0.991516158577551,0.991529263389448,0.991537854567601,0.991541303906721,0.991545958387726,0.991552925394233,0.991562251625335,0.99156999265791,0.991576236018129,0.99158486306501,0.99159415524412,0.991600836675564,0.99160705665813,0.991612890912795,0.991619439029109,0.991621379190974,0.991644424782953,0.991648580266331,0.991725469078497,0.991732448739553,0.991734189697552,0.991745691108389,0.991750574236566,0.9917531639592,0.991758661168994,0.991773177345549,0.991778749353066,0.991779982211111,0.991782022806067,0.991811762598077,0.991814411216926,0.991821398142199,0.991871644037113,0.991879448595124,0.991883176590214,0.99188321743596,0.991888828884346,0.99189242153138,0.991894378679165,0.991900006854006,0.991911737348738,0.991914689208804,0.991919741377666,0.991920531788891,0.991921710229047,0.991930410362785,0.991936527859454,0.991942879190475,0.99194813043323,0.99194961342429,0.991951742798947,0.991952687051496,0.991957671351066,0.991960833237345,0.991961378012101,0.991964872412777,0.991969254336793,0.991972887190712,0.991975826462799,0.99197652771996,0.991989500592555,0.99199345094035,0.991996354893868,0.991998154628783,0.992001365869612,0.992005414555588,0.992007830872033,0.992013647731861,0.992015367503944,0.992016643262131,0.992017986667395,0.992024756041017,0.992031034539198,0.992033703456306,0.992035525140473,0.992035939503364,0.992037075068037,0.992040538372841,0.992044221025593,0.992053970928972,0.992185168443013,0.992187209201303,0.992189552317947,0.992190675191324,0.992193640113216,0.992277347080731,0.992280800834065,0.992282131875009,0.992285974971862,0.992292587827345,0.992297979872476,0.992299721505849,0.99230195298686,0.992309250096971,0.992320339661314,0.992321451175872,0.992325546084344,0.992333706395444,0.99233989196629,0.992346801085327,0.992351132514703,0.992353848423074,0.99236253709569,0.992363984883926,0.992364703292717,0.992370816230918,0.992373761009166,0.992379162700172,0.992384551830491,0.992385319176202,0.992387067103068,0.992390917934289,0.992402441390307,0.99240348428206,0.992407328091433,0.992409387455122,0.992413461877698,0.992417508420645,0.992418170426015,0.992420923618713,0.992428903440269,0.992433057898845,0.992434679302695,0.992439056594847,0.992440786772609,0.992445820985791,0.992454360100122,0.992461136447514,0.992462043153634,0.992463416824913,0.992465204769918,0.992471799746493,0.992473763052191,0.992477323895306,0.99248219386164,0.992490050127728,0.992492693060275,0.992494468365396,0.992497333197304,0.99249847125765,0.992498661490728,0.992506062955071,0.99250888393389,0.992512216437884,0.992515375163596,0.992516784298467,0.992518479325535,0.992520849395651,0.992527759622004,0.99252906624307,0.992530581864621,0.992532117926599,0.992536667431509,0.99253717194381,0.992541838888169,0.992544673083362,0.992549086340469,0.992552699704137,0.992555936061716,0.992558179474233,0.992560629106203,0.992569730580278,0.992571830270948,0.992575816826575,0.992577686910469,0.992584752794865,0.992587316165263,0.99259576127735,0.992597610070763,0.992602430870287,0.992605756334054,0.9926081377774,0.992609631945611,0.99261073843303,0.992630596314104,0.992631312276802,0.992634971743419,0.992637445864897,0.992648874110092,0.992650634615396,0.992651680937742,0.99265256584044,0.992655756698902,0.992659376452945,0.992662102927504,0.992663757209387,0.992664221588755,0.992664769264059,0.992665923878249,0.992669603957549,0.992676813041736,0.992677867269044,0.992679684945103,0.992680351076454,0.992684504210729,0.992699274166562,0.992701387257881,0.992708504183772,0.992710019836064,0.992710842133034,0.992711299162897,0.992715731714275,0.99271833198776,0.992722513835218,0.992723239190762,0.992726392585823,0.992730385230885,0.992731552701532,0.992734670447053,0.992734914015606,0.992744738415248,0.992746254389946,0.992748056181375,0.992751313113896,0.992752785467726,0.992755716697792,0.992763363358193,0.992763877925894,0.992766094219833,0.992768093909865,0.992769988447776,0.992772628417343,0.992775993079487,0.992781102422038,0.992783123198168,0.992784750465072,0.992786880140903,0.992789377858391,0.992792778630727,0.992797377102354,0.992798412520839,0.992800109029238,0.992801867498221,0.992804715287303,0.992805628597629,0.992809728978355,0.992813056878098,0.992814543760549,0.992816272196766,0.992819882166636,0.992823761813405,0.992825648249119,0.992827004576892,0.992830195505984,0.992830661042369,0.992831779768776,0.992835411208573
0.53538595313928,0.615542648908301,0.617437064420037,0.640175545015968,0.64928045941174,0.661015615789861,0.66563652037021,0.668815269390292,0.676246413778061,0.702186240611521,0.707008199228232,0.726322483852635,0.750448091479148,0.752018235515513,0.768440305225695,0.770449438778796,0.78325727723034,0.785442084080154,0.787554189757884,0.793269740567061,0.795242101980343,0.815725697173621,0.822661617364126,0.823806366348337,0.82947834464268,0.832424723328563,0.844893735756316,0.868303809518037,0.873160442003738,0.88245595988298,0.885467094688545,0.891478997120948,0.894677293856867,0.896077505795606,0.900156295984076,0.911877195336315,0.917284358256922,0.920232864981105,0.930221019233352,0.931747013461848,0.933544560931666,0.940513683273988,0.942426585818041,0.944316574465783,0.944995733047458,0.945899396475452,0.947148005741619,0.948930691105867,0.951360755304688,0.952770629709683,0.955481089814268,0.955832373757406,0.956415512820047,0.957193402560111,0.95815610358107,0.959123219587364,0.95998221239445,0.960674585998832,0.961334292409898,0.963469898895195,0.965109348103412,0.965718466205695,0.966316322690524,0.966723205923144,0.968217974632607,0.968464602001107,0.96884472800826,0.969271075207697,0.969505304789353,0.969810022660631,0.970169200165195,0.970735861554392,0.970960191514677,0.971228612220836,0.971883539875443,0.972112752527165,0.972260585188986,0.972367467998882,0.97267873706403,0.972907461409139,0.973089494107223,0.973308022413886,0.973485368898136,0.973716400007075,0.97388273093937,0.974772379622079,0.974889760037803,0.975173478453951,0.975416267250926,0.975499330733082,0.975648085522484,0.975735959969575,0.975859307930844,0.976049419523797,0.976104237131783,0.976274761093594,0.976399486658561,0.976471198134199,0.976608569802847,0.976681698433656,0.976785193052775,0.976842272592694,0.976963466061176,0.97710947705926,0.977162426819599,0.977203345988064,0.977275871245406,0.977380039758032,0.977514347031273,0.977599957809902,0.97768106273873,0.97775984787883,0.977947514269815,0.978073932339476,0.978144338215494,0.978236149950378,0.978309858674207,0.978356097001052,0.978417935616536,0.978451482654159,0.978481195603064,0.978547062471307,0.978588955915049,0.978643273881849,0.978713225143463,0.978735111361941,0.979051378333013,0.979118866650743,0.97913937409181,0.979166931058426,0.979195774644248,0.979235081184638,0.979259037327516,0.979277301840453,0.979310485961889,0.979334590849367,0.97937865741075,0.97939779955669,0.979438086638366,0.979466535006897,0.97949192618783,0.979513034544947,0.979539879516954,0.979553596541794,0.97957247832574,0.979591235788405,0.979610616052427,0.979640235232225,0.979692407997771,0.979745811989198,0.979776223581582,0.979827480074803,0.97984775117252,0.979885529009896,0.979901188553542,0.979999256344348,0.980016840705342,0.980025631944189,0.980039430519607,0.98006696256298,0.980092512794203,0.980118108586221,0.980142759939215,0.980155163775715,0.980195238233981,0.980207085698088,0.980216593942698,0.980223429622173,0.980238142201811,0.980255189744308,0.980322490424205,0.980348092165216,0.980381521062144,0.980388630649052,0.980396180242689,0.980410906106185,0.980426053181492,0.980460595117437,0.980464577295204,0.980528835328572,0.980546091462439,0.980562629942604,0.980573413874664,0.980576787012795,0.980583591920218,0.980591299632408,0.980611934387586,0.980648730468223,0.980672312604087,0.980686487710305,0.980700521592641,0.980705496129141,0.980800050797953,0.980816477619858,0.980831078469278,0.980835462687369,0.980858173455151,0.980859510192745,0.980885826952897,0.98099786880625,0.981004710394343,0.981028285157191,0.981050038919905,0.981057112358706,0.981075950898581,0.981104493792056,0.981114652826827,0.981118512328331,0.98112592434601,0.981146698652317,0.981166029326809,0.981176732229982,0.981188680716879,0.981192289318585,0.981196772010756,0.981205034853472,0.981214083693217,0.98123008454711,0.981236399781319,0.981250806507948,0.981268053815843,0.98127861943746,0.981283306188145,0.981298044157713,0.981304278082368,0.981310218575803,0.981312501950508,0.981317748111379,0.981320977656741,0.981327591448326,0.981334266704108,0.981335438630849,0.981341660337203,0.981346091974085,0.981347531738925,0.981352637692307,0.981368481115669,0.981465405122035,0.981478275202152,0.981490057705696,0.981496825160777,0.981502931412958,0.981511497718293,0.981511787594642,0.981521620863949,0.981531391176799,0.981535349431091,0.981544188559059,0.981560811307317,0.98156446222261,0.981571059572075,0.98157822385625,0.981580026908884,0.981588582341418,0.981593649872003,0.981610649586025,0.981617814112664,0.981620413382229,0.981626876806053,0.981629489395892,0.981636267485208,0.981647965116088,0.981654697692521,0.981658288177794,0.981663512756127,0.981667960567435,0.98167117820772,0.981674686047287,0.981686534458221,0.981692843059608,0.981702105259384,0.981705749197743,0.981711875453133,0.981713529746273,0.981715091810083,0.981717116052778,0.981732372417305,0.981736180449664,0.981744904186671,0.981759135544635,0.981761753902214,0.981764622947802,0.981771581723774,0.981774165016678,0.981780719328702,0.98178789143682,0.981791244016864,0.981792837322953,0.981795320102586,0.981801439240352,0.981803270189835,0.981808606710594,0.981812898305536,0.981815937530481,0.981829802039299,0.981833865953121,0.981839167104443,0.981843094728552,0.981853203750959,0.981859274975467,0.981861655303394,0.981903528800266,0.981905935040926,0.981908387628177,0.981911400323972,0.981914269857463,0.981918192471653,0.981923335794952,0.98192681240101,0.98193582776167,0.981939720540909,0.981945245704167,0.98195097812848,0.981957766277762,0.981961157782133,0.981962224770645,0.981964644789685,0.981967263112686,0.981977133091771,0.981979757694494,0.981990893382217,0.981992046367005,0.981995747259007,0.981996324329174,0.982000368017033,0.982003446515912,0.982008934388778,0.982014229624277,0.982019314658315,0.982021289177347,0.982023550232881,0.982028599884478,0.98203249795997,0.98203487894584,0.982038583028302,0.982040668167296,0.982043462088907,0.982048102009521,0.982049700775772,0.982054361834923,0.98205966383904,0.98206537293412,0.982069977813067,0.982074281202902,0.982078946465297,0.98208198132774,0.982091171395697,0.982092139851764,0.982095594318798,0.982096846937042,0.982099846902447,0.982107498415701,0.982109326307614,0.982110600973025,0.982112635291507,0.982114581145282,0.982117431057401,0.98212037184893,0.982127705061164,0.982130581435191,0.982135959902623,0.982137847747531,0.982140633389597,0.982144490013292,0.982152694844784,0.982154880433361,0.982156548022547,0.982162389554056,0.982165488724839,0.982169323051836,0.982175670584305,0.982181040775688,0.982182581771424,0.982188465288431,0.982191997903954,0.982195139464711,0.982199452691814,0.982205150865251,0.982208407008932,0.982209245165686,0.982213599909298,0.982217369133325,0.982218986207268,0.982220275714308,0.982221401162209,0.982232280123146,0.982234715659495,0.982247394291682,0.982250902091055,0.982258061286093,0.982265242716424,0.982266667047387,0.982267822042485,0.982273830019478,0.982276058210872,0.982280094437275,0.982281780821763,0.982282297137139,0.982285566436482,0.982287156570789,0.982293194556906,0.982293856443774,0.982297451838841,0.982301450768487,0.982304015722279,0.982304657954116,0.982307494800469,0.982310071070911,0.982315080891586,0.982315939968835,0.982316942801033,0.982318914549975,0.982324109466148,0.982326908486781,0.982328344404851,0.982331042409545,0.982332372744062,0.982332945229357,0.982338408075067,0.982339971297259,0.982342357602045,0.982345990054363,0.982346256555135,0.982347814312116,0.982349465591538,0.982355760638546,0.98235675146009,0.982357655790939,0.982362189166841,0.982365577519644,0.982369048732724,0.982371737293656,0.982373597889627,0.982375465964937,0.982379456266977,0.982381648791394,0.982384731188665,0.982389346516835,0.982392135637503,0.982395820403642,0.982399565963385,0.982403170297729,0.982406637827863,0.982408708550373,0.982410421761212,0.98241373903055,0.982419319281439,0.982427015711584,0.982428945577366,0.982430006540915,0.982430427800857,0.982430704040063,0.982431843250115,0.982434347546185,0.982437032974868,0.982441225427966,0.982442307794536,0.982445030837391,0.982448378738184,0.982453273464556,0.982455207141407,0.98245843400615,0.982462118817676,0.982464703098619,0.98247014745652,0.982472334226618,0.982473551517438,0.982477704553768,0.982479867665073,0.98248063145593,0.982481406356026,0.982484174096088,0.98248751732495,0.982492396472622,0.982494032001903,0.982496717429972,0.982497553637487,0.982499760897019,0.98250274069993,0.982507100013257,0.982507464277415,0.982509208162086,0.982511385386652,0.982512823080938,0.982513447817908,0.982514295124845,0.982514795039172,0.98251997296023,0.982522843467569,0.982525040651007,0.982526847416486,0.982527520894768,0.982529403575372,0.982534666334466,0.98253712160086,0.982538329252576,0.982539857711743,0.982543512510344,0.982545078973024,0.982545720382538
0.513718919376208,0.548553749496897,0.550938940921214,0.609595722686528,0.615525426392834,0.622907854580044,0.669799736877241,0.700422654824311,0.726235323903805,0.767605475708718,0.784657839978006,0.805905459026778,0.825127260286786,0.829598065722201,0.849976560238545,0.855381065027131,0.859394814511226,0.868690219964853,0.875322084990863,0.877334508243011,0.881699116988311,0.883797512345371,0.890169823787089,0.895413722412233,0.901803898896745,0.905938656385639,0.908800210760149,0.910213927499688,0.913556654026408,0.915710195408392,0.918320645477755,0.920009168331212,0.921143286759363,0.922360216592217,0.924160481749116,0.92513718822032,0.926141901853253,0.927053142345566,0.928016424495494,0.929374853281052,0.930199186382373,0.930954704117057,0.931474178666687,0.931706919429542,0.932372463889096,0.933546660859447,0.933893745863792,0.934654332480115,0.935434554281296,0.935835424797053,0.938173964201386,0.938855071118176,0.939511572581812,0.939879671037775,0.940258084125768,0.940637145664097,0.940800757850987,0.941022451442037,0.94122278188908,0.941573201067865,0.941769051050167,0.942150519366681,0.942313871726704,0.942386916637245,0.942551640839347,0.942755656636475,0.942907233345571,0.943040522533559,0.94317441707211,0.943224818159665,0.944238895308568,0.944405543013299,0.944622541885006,0.944774150124536,0.944826994135298,0.944953817889404,0.945051779411382,0.945203350586557,0.945307269955671,0.945392374025908,0.945547919392081,0.945599097399048,0.945679216840951,0.94577686997227,0.945854603001047,0.94592313811825,0.946192530650759,0.946251957683988,0.946313030742689,0.946351413001129,0.946418751088926,0.946509249704782,0.946616754751214,0.946716842412225,0.946754837244665,0.946784262709452,0.946906902723622,0.946931861326809,0.947039227025135,0.947086294393599,0.947126490614986,0.947172048599238,0.947217654208132,0.947249984556275,0.947300237027467,0.947355172134779,0.947419366566871,0.947457252515529,0.947501042695053,0.94756791757181,0.947618434222886,0.947667244788657,0.947706981878127,0.947728771093984,0.947748160263135,0.947792670844915,0.947824272653749,0.947874406432533,0.947924943857722,0.94799421910444,0.94802461327206,0.948051027765185,0.948101273948504,0.950439207710758,0.950500547573961,0.950554888412535,0.950586317663788,0.950691448024131,0.950758682705641,0.950823195746976,0.950868615187953,0.950883254400814,0.950916691618043,0.950992035681184,0.951041780162401,0.951075099781774,0.95111969909071,0.951134781843889,0.951165541363785,0.95121037579947,0.951226474332759,0.951262925138721,0.951337986958108,0.951355615916258,0.9513692944664,0.951409764467392,0.951428283238868,0.951452902362568,0.951464415382271,0.951497330349151,0.951506430019188,0.951537153961915,0.951577451521148,0.951600401254582,0.951643212280392,0.951661906198822,0.951701111139596,0.951720201340531,0.951734925676867,0.951774931456718,0.951814248125613,0.951819664387894,0.951838748050657,0.951857813585541,0.951879389966071,0.951895067024711,0.951945528421401,0.951969084490115,0.952005121678065,0.952053451535012,0.952066283947053,0.952075074020059,0.952104274800883,0.952122122428865,0.952141831764768,0.95217118661184,0.952195585859288,0.952198828862797,0.95224497430504,0.952250043245698,0.95225751619386,0.95226758293783,0.952273777292833,0.952304343065919,0.952324364125855,0.952357450859915,0.952366555228015,0.952385686188536,0.952396040951631,0.952414657591913,0.952437053088781,0.952445600408257,0.95246263671786,0.952476695888211,0.952481254900662,0.952486170335984,0.952508392487617,0.952518515838239,0.95253354187716,0.952543107917945,0.952549410365945,0.952559727225195,0.952562427313244,0.952575519571916,0.952605192998247,0.952607720688823,0.95261443269885,0.952617709634853,0.952637515569711,0.95264863478924,0.952682048597432,0.952711110476216,0.952714077048219,0.952727528026401,0.952731725307255,0.952742910848754,0.952753788716501,0.952775281224344,0.952783884589496,0.952805477864457,0.952820087056116,0.952829539865474,0.952844589281853,0.952852735612937,0.952859800001356,0.95286329749146,0.952869402846575,0.952879527300101,0.952896762284001,0.952899505834944,0.952911572330671,0.952921216581678,0.952928741501764,0.952936704139985,0.952945837937173,0.95295265365457,0.952957175666789,0.952968446147327,0.952973062481229,0.952986214701222,0.953001883087801,0.953004209930666,0.953026513479479,0.953040980432812,0.95305346503299,0.953056387778961,0.953061013719555,0.953067817836537,0.953069042797665,0.953072741791592,0.953093246742882,0.953112015224302,0.953116599432869,0.953119394971987,0.953127972442691,0.953136804338903,0.953146779851377,0.95315521524651,0.953163938559807,0.953171180510936,0.95318342949737,0.953196354263709,0.95320047060928,0.953209081049912,0.953212098304711,0.95322096812907,0.953222880285206,0.953227590317336,0.953238296555027,0.953244544583418,0.953251278746348,0.953255023645399,0.953257547569719,0.953261303183706,0.953261784502181,0.953271541571089,0.953282148602534,0.953287519752197,0.953289545425223,0.953291877529292,0.953293547014671,0.953295091003721,0.953297549682474,0.953301559102249,0.95330431892099,0.953306923431068,0.953311359799545,0.953312264043966,0.953316298264731,0.953328205043678,0.953332638156598,0.953348994781417,0.953351903755788,0.953360507173654,0.953361887197316,0.953363761534634,0.953370168165096,0.953373958868807,0.953380153981368,0.95338287878964,0.953387865269666,0.953388607445791,0.953401500775525,0.953403007413233,0.953405897123419,0.953411146194952,0.953414578059783,0.953417138898109,0.953426874938699,0.953430656368878,0.953430929208476,0.95343406933295,0.953436918149036,0.953438644384961,0.953439765005091,0.953441078493,0.953443398125054,0.953444250575276,0.953447454152831,0.953449306512836,0.953454226448619,0.953458182638868,0.953461497743387,0.953462574297982,0.953464217932546,0.953470156745785,0.953472288390286,0.953476896370541,0.953480070400105,0.953491714336294,0.953493469743406,0.953498292257714,0.95350178694191,0.953509422500941,0.953512886453409,0.953518915629065,0.953523622262079,0.953524765036088,0.953527935125767,0.953529866997432,0.953531422517697,0.953534234986229,0.953538014667391,0.953539978897703,0.953552290159995,0.953557345661312,0.953565117024709,0.953566741167587,0.953569404830236,0.953574475952094,0.953577766873172,0.953580242115135,0.953584205644741,0.953586085710522,0.953586979980508,0.95359859124024,0.953600921190042,0.95360312601242,0.953605894339105,0.953611891695903,0.953619758005214,0.953621194965916,0.9536256338807,0.953630721806639,0.953632691809758,0.953634756862225,0.953635849316088,0.953638987304513,0.953640861507749,0.953648115261222,0.953653330502155,0.953660282283224,0.953668015033264,0.953671603182654,0.953673603625846,0.953677318728978,0.953679283011466,0.953681594718258,0.953682822536108,0.953684555351231,0.953685960696904,0.95368783472661,0.9536910140408,0.953693103899651,0.953695148296845,0.953697237161459,0.953699302021319,0.953706411825561,0.953707213961562,0.953711596212019,0.953716253443686,0.953718417454275,0.953720039263993,0.95372181739615,0.953723535926901,0.95372751063184,0.953729736761812,0.953730878854884,0.953738324429851,0.95375085297478,0.953757090101318,0.95375851875335,0.953761957868828,0.953765485142051,0.953770032179506,0.953775557114826,0.953776338650386,0.95378068201661,0.953783339899304,0.953785333884791,0.953787545509468,0.953791346669841,0.953794294018437,0.953795048274048,0.953795769307111,0.953796959493663,0.953807960294458,0.953812021838681,0.953817750665376,0.953818796806476,0.953821738612631,0.953826881022375,0.953831007568672,0.953832274951228,0.953834757444043,0.953835910211799,0.953837867773212,0.953841576653821,0.953844258799526,0.953850149538781,0.953854562195102,0.953857221853937,0.953859092904439,0.953862102435736,0.953864422680581,0.95387013153609,0.953874773713349,0.953877555344593,0.953883045058218,0.953885038189151,0.95389261122077,0.953894275048045,0.953896307130417,0.953897205632745,0.95389955170775,0.953902373237555,0.953903082188262,0.953904882990183,0.953906345479724,0.953907699303426,0.953911424523704,0.953915686947831,0.953916343986673,0.953918972307019,0.953923804546657,0.953926516398164,0.95392774736803,0.953938721567663,0.953942772722619,0.953944656153037,0.953947659798677,0.953949446068218,0.953952404570894,0.95395339873645,0.953955922524036,0.953956907355203,0.953958851889466,0.953962301485978,0.953966515658141,0.953969761818577,0.953976943308336,0.953979157766693,0.953983144008428,0.953985101382429,0.953988249702044,0.953993604749383,0.954009909693103,0.954014860205153,0.954017958638108,0.954018771577182,0.954021392666201,0.954028209356573,0.954031164090973,0.954033613271755,0.954034865241149,0.954037677941886,0.954038890157317,0.954039714063596,0.954041399529765,0.954043464188872,0.954045531889607,0.954047715509381,0.95405013342462,0.954055425506052,0.95405940681121,0.95406148470868,0.95406251089328,0.954064045523892,0.954064411957586,0.95406468420079
0.461979015384133,0.493014781826718,0.531803320167869,0.53293468834237,0.566390750087029,0.571400928718018,0.587700573943986,0.593379805485666,0.612109400411117,0.612418337077256,0.615440086414101,0.620267593421076,0.663148511287938,0.685972336276283,0.691997524650024,0.696833032864059,0.700029238571367,0.70673166637351,0.711304892992857,0.74479699376768,0.787073511951294,0.790017684389033,0.801085805389869,0.806444501424038,0.815802267421444,0.833463735176441,0.847341628066383,0.851802343693662,0.876702603701128,0.879048713475483,0.888780808988493,0.89874594902982,0.904448912163945,0.912106146745587,0.915726162058088,0.919152600514951,0.921200234819332,0.922793042012468,0.925272949954464,0.931993964822623,0.933007062582613,0.935519303053563,0.937226954489844,0.938790829951837,0.940756627150407,0.942039914640994,0.944123768872417,0.944899060998188,0.946240795896587,0.946814803978927,0.947524064289864,0.948330482560381,0.949186415525569,0.949803966410536,0.950933606594056,0.951616258773342,0.952517608993857,0.953730748069465,0.953929327416779,0.954370212822591,0.955028155766711,0.955501835654438,0.955917141096731,0.95697499280699,0.958148006558963,0.95868569255127,0.958866634949691,0.961438009990854,0.961749241228293,0.962170067870951,0.962538676342254,0.962795361307894,0.963263962488851,0.96344778207993,0.963610770876189,0.963835755829088,0.964142445397631,0.964560952626353,0.964705669920781,0.964933434821282,0.965145335877704,0.965298067611259,0.965534817564429,0.96559486081456,0.965709629395921,0.965832607298717,0.965965635341276,0.96627831807413,0.966522009236195,0.966809385625887,0.967149827218998,0.967287033833755,0.967532875309917,0.967790693579824,0.968068390687624,0.968250972068501,0.968533728135016,0.968681392169055,0.968856219134684,0.969029988046595,0.969166110568722,0.969232758668825,0.969279469055619,0.969336824031708,0.969457615724136,0.969520033852793,0.969735363657463,0.969884711708931,0.969978314793668,0.97006353892955,0.970138877381216,0.97034154054764,0.970490465362403,0.970571701341305,0.970682006343525,0.970720290219839,0.970800376304908,0.970844708099568,0.970921347505865,0.97098214603326,0.971077617784283,0.971174570938698,0.971364792087874,0.971409136608543,0.971466839342117,0.971530675034863,0.971596839830051,0.971692530392244,0.971730107017854,0.971813564303028,0.971857935289053,0.971958395684749,0.972082560804351,0.972135634176478,0.972338655507778,0.972390905115562,0.972474161458649,0.972525487228116,0.97255261813391,0.97265253700247,0.972672181681805,0.972733010399149,0.972786412450171,0.97283878820414,0.972882947327197,0.972899458041059,0.97295688987938,0.972979051977631,0.973000218523495,0.973038638479491,0.973053075437312,0.973076907380558,0.973093429448421,0.973107646719662,0.973151054505862,0.973164659038841,0.973186471485318,0.973269290786778,0.973278108544681,0.973298901878169,0.973353842446357,0.973375073295822,0.973413543829541,0.973440895641004,0.973464523813557,0.973486628111908,0.973502113477807,0.973521674202102,0.973550524751857,0.973568947249093,0.973577573300269,0.973586513103521,0.97361383038973,0.973654341054062,0.973690896433052,0.973718614856339,0.973738181410288,0.973752618197532,0.973802725860794,0.973837073699481,0.973851489731199,0.973888558200848,0.973904484236106,0.973918484993231,0.973957283295168,0.973973203535873,0.974006226331453,0.974016227898342,0.9740506419679,0.974069269789124,0.974098947752337,0.974124526267037,0.974148789769929,0.974173280827829,0.974179030374232,0.974209925527622,0.974225834777517,0.974240914973894,0.974283707743456,0.97430195535905,0.974328561137835,0.974356221303728,0.974369099410696,0.974381590803003,0.974395798948522,0.974420150554148,0.974426757789741,0.974436523697002,0.974472959821314,0.974494919594293,0.974513575602951,0.974527966553116,0.974541618452199,0.974553837301939,0.974588610443881,0.974593294573297,0.974600815142075,0.974615930311459,0.97464390639046,0.974659481080075,0.974668414365674,0.974692243023308,0.974698482253194,0.974712912127527,0.974722055619958,0.974736344308987,0.974788257209838,0.974799844323919,0.974813731501863,0.974823529540779,0.974834011995499,0.974853389303379,0.974873129525141,0.97489809367711,0.974912797624774,0.974916320397696,0.974924395288855,0.974936252042041,0.974943795044113,0.974951989856351,0.974961531596593,0.974979599113984,0.974995860269551,0.975009099836251,0.97501749386704,0.975023281488412,0.975039056344154,0.975047901710878,0.975050831696837,0.975058191111693,0.975066360481492,0.975082429798299,0.975089122485183,0.975104508103621,0.975114350822044,0.975124219829772,0.975133897539998,0.975142883357092,0.975155447206627,0.975165060674745,0.97516695882459,0.975177887128699,0.975183765810026,0.975192653850457,0.975198466772822,0.975203749838178,0.975209796910051,0.975211879870304,0.975213467902877,0.97522071731584,0.975225400071203,0.975230322104523,0.975232562557195,0.975239081739902,0.975242112034924,0.975248721152996,0.975258090409283,0.975264156098552,0.975273034378854,0.975278426576457,0.975289337815884,0.975297963039125,0.975301976105765,0.975305446870834,0.975307683942494,0.975311426196617,0.975316501427972,0.975318480149308,0.975322874010752,0.975339137415908,0.975342810185569,0.975350198583219,0.975363682096071,0.975370777686225,0.975378010887557,0.975383560718494,0.975403841078487,0.975406486158856,0.975412732003739,0.975415599427274,0.975429127232401,0.975438331766705,0.975441618113511,0.97544800043079,0.975453882808699,0.975459770058668,0.975462420924296,0.975468381800008,0.975471689529173,0.975473992035998,0.975481089849346,0.975485653098415,0.975488974492942,0.975492579792557,0.975499555901215,0.975505046369064,0.975514867257277,0.975517531233182,0.975525357438577,0.97553030440139,0.975536429689559,0.975540123517557,0.975544014109677,0.975545116726509,0.975553615908966,0.975565076470538,0.975572323741184,0.975581054418821,0.975583877777273,0.975589488061936,0.975593689477753,0.975594867838801,0.975604361321192,0.975606642640344,0.975607629955589,0.975609039022777,0.975611375019387,0.975616345737701,0.975617502661866,0.975620974823903,0.975627780181029,0.97563213581953,0.975633768301524,0.975637571841446,0.975638218384945,0.975642158936252,0.975647047406796,0.975647771405457,0.975651479358081,0.975654533415574,0.975659075344723,0.975660760567958,0.975665905544466,0.975668557249136,0.975672751670165,0.975675175561538,0.975675925565375,0.975682607236206,0.975683489915714,0.975691073771926,0.975693889260508,0.97570055020807,0.975702229832706,0.975703765729495,0.975706884341058,0.975709177693849,0.975710708376194,0.975714202745506,0.975716232146733,0.975717682221929,0.975721791422822,0.975724340220156,0.975730209641944,0.975736134593884,0.975740273264333,0.975742821875598,0.975745042285952,0.975746079693953,0.975746927889106,0.975757932067757,0.975759097321314,0.975760518861438,0.975765861047833,0.975768185401532,0.975774573347502,0.975778130431217,0.975785410389938,0.975786002358998,0.975791634432858,0.975796356846928,0.975799467486556,0.975801163980448,0.975804792783741,0.97581131886236,0.975814765495066,0.975819772953134,0.975822595504324,0.9758267493072,0.975834621140243,0.975858455851475,0.975863853213589,0.975868255635067,0.975873007797963,0.975873377825009,0.975875524921935,0.975881867321092,0.975884255462051,0.97588518064802,0.975887173102943,0.975888317895111,0.975890811008432,0.975893247169553,0.975898055024006,0.975899710125978,0.975901840500109,0.975904998071594,0.975905964473577,0.975908117710672,0.975909763618249,0.97591251326717,0.975914215940907,0.975917323144476,0.975917514328895,0.975924237079554,0.975924378507592,0.975925975912471,0.975926503511203,0.975929839683332,0.975930722063268,0.975936472608694,0.975939307636114,0.975940535441656,0.975944695160209,0.975951539911292,0.975952578433063,0.975955209910468,0.975956071802269,0.97595766199556,0.975959076991868,0.975962239386269,0.97596557645015,0.975968461298342,0.975970459538854,0.975972371773886,0.97597358735311,0.97598103120522,0.975985370666576,0.975985769273074,0.975994926785885,0.975995658614198,0.975997847211151,0.975999562035917,0.976004886209026,0.976009792459432,0.97601322073319,0.976013617098788,0.976016485121797,0.976019588483686,0.97602157853573,0.976021995945355,0.976025263568142,0.976027271395889,0.976028290930562,0.97603006236945,0.976035871181981,0.976043309021078,0.976046163731277,0.976047074325966,0.97604979609848,0.976051415791755,0.976053366282761,0.976055460372103,0.976057428679804,0.976061107668257,0.976061509071531,0.976062863826117,0.976067276407727,0.976068905158835,0.976070935437261,0.976071120208022,0.976072476208153,0.976075354629165,0.976083842033711,0.976084066561246,0.976085551532413,0.97608769415103,0.976087872566055,0.976089996640397,0.97609286797626,0.976095679027297,0.976096780488743,0.976097501961733,0.976100986959169,0.976105651364107,0.976106948914869,0.976109791636914,0.976117595844045,0.97611961928374,0.976121076420113,0.976125004340054
0.657270047891357,0.681486613640522,0.684013823149841,0.686511914282895,0.717325747774006,0.719240130034139,0.740814945485468,0.75063729327816,0.768872506789308,0.782735875186652,0.789730454380812,0.795112104992276,0.800161613584313,0.805991497294175,0.80997575086824,0.814856257087137,0.819315842192797,0.827546370667595,0.828327383257916,0.83763947321795,0.863471903284642,0.873107913610138,0.888657142464868,0.891231810850774,0.892810087411295,0.897534188645955,0.901609496243069,0.903590528963354,0.90743489257605,0.913052376238615,0.925815517337661,0.928191267053128,0.93072523755427,0.932320483253548,0.936683124779502,0.939753599842106,0.942139719609538,0.947811171790789,0.951494233797315,0.953023204816592,0.955299258608195,0.957169714482092,0.960185466797676,0.961448854049598,0.962923057771957,0.964111366290087,0.965635744447239,0.966563577833138,0.967454343972898,0.968008031573304,0.968633273483436,0.969459941137394,0.970150680080547,0.970822665278333,0.971352308419656,0.971933530963904,0.972269794003146,0.972619934346187,0.973252844981452,0.9736563975278,0.974006614423069,0.974428404953638,0.974727465349527,0.974890936351542,0.975145643607369,0.975349390332492,0.975614478438193,0.975857215067347,0.97602187569361,0.976162229002672,0.976235293769376,0.976707735534751,0.976852473619647,0.976951509220345,0.977217898565336,0.977355616059314,0.977412996494463,0.977492395205845,0.977586943753361,0.977700245520914,0.978136538868757,0.978184606666348,0.978313337674842,0.978543586491104,0.97860529489621,0.978677189918409,0.978734258990356,0.978820516269555,0.978879102560729,0.978996340737977,0.979263596211897,0.9794505834469,0.979499577177492,0.979567885100579,0.979663063825647,0.979737193922623,0.979826266275327,0.979866264923203,0.979900200767288,0.980748404251241,0.980779739612031,0.980873686262309,0.980909035348609,0.980920059109633,0.980997370583659,0.981034194026199,0.98118520798692,0.981388469072658,0.981483505208722,0.981576587499706,0.981663668944473,0.981690396018336,0.981746266331067,0.981792624222684,0.981974192586317,0.982021022895701,0.982076916874449,0.982098492483225,0.982198445188658,0.98232985759904,0.982431381197993,0.98250101075695,0.982599762671609,0.982685898809961,0.982795180654746,0.982899215232063,0.982972914065713,0.982996154412592,0.983062689586955,0.983112497894744,0.983162205731113,0.983277583351483,0.983282506904667,0.983321567006782,0.983408510508664,0.98349194839075,0.983528909185133,0.983588732305236,0.983605587798803,0.983650507928609,0.983706298855682,0.983747429944189,0.983826992380946,0.983932070523876,0.984003182861283,0.984032347785943,0.984084758595489,0.984177359656374,0.98420822758322,0.984273079706176,0.984363825354312,0.984391252777289,0.984427558897735,0.984447734433618,0.984514148880562,0.984556138238807,0.984595025293706,0.98462139935803,0.984722993288976,0.984765704251503,0.984791324904587,0.984852576804463,0.984884448708507,0.98490025238049,0.984920132174328,0.984932017946658,0.984962378155991,0.984981524800941,0.984997714300229,0.985017468741921,0.985052397358895,0.985062443618423,0.985103219175443,0.985202024838819,0.98539050610265,0.985406138610338,0.985419397062892,0.985461572111146,0.985474664394168,0.985485099598101,0.985516743458621,0.985524411684481,0.985553537084864,0.985563229051134,0.985571616628441,0.985601633104503,0.985609913796049,0.985635580650162,0.985652078439502,0.985673091225544,0.985687478944619,0.98571318143353,0.985737586065067,0.985745810779869,0.985768493294225,0.985791042373719,0.985805583555313,0.985814592750756,0.98583100901142,0.98584292022204,0.985860727716381,0.985894712608443,0.985935946343219,0.985944592543724,0.98595566067119,0.985972795057565,0.985992404532834,0.986009293773374,0.986152700806004,0.986160177286384,0.986177962830436,0.986186481877028,0.986198390570637,0.98621609695745,0.98623781280251,0.986256934502579,0.986269091584872,0.986286889596021,0.986304728861509,0.986311872043622,0.986321278267007,0.986347149524082,0.986357311904192,0.986369274634502,0.986379022774669,0.986441112639042,0.986450865812969,0.98647435523433,0.986500657666794,0.986610452286852,0.986613640244437,0.986626985864389,0.986632581159321,0.986645089752769,0.986654774244377,0.986669239409284,0.986689337686006,0.986691900925466,0.98669792254807,0.986725086148332,0.986734407207708,0.986739472252045,0.986752449409733,0.9867654769422,0.986780944461027,0.986790333744753,0.986799820151249,0.986812628032849,0.986815886270537,0.986821817534124,0.98682897637051,0.986831805486263,0.98684131995593,0.986842842806091,0.986846989924523,0.986862757060532,0.986871228106062,0.986876303916022,0.986887058898466,0.986891466094938,0.986901153393184,0.986910509905736,0.986918727743104,0.986926225510582,0.986937959843611,0.98694103288634,0.986943916303126,0.986961461424934,0.986962253257308,0.986974969348914,0.986981268608456,0.986983753476968,0.987001794961753,0.987006492282513,0.987020602955711,0.987027648949319,0.987033068020474,0.987037449682917,0.987049903741047,0.987052474113771,0.987058984873981,0.987066058445396,0.98707074795143,0.987075470878502,0.987081505585707,0.987086989439347,0.987092088311122,0.987098350391142,0.987104576378826,0.987104667054222,0.987108336504122,0.9871127191309,0.987119027237963,0.987121420257055,0.987123143533984,0.987129964835079,0.987131863503139,0.987135882996759,0.987142617784954,0.987150855385398,0.987156866446366,0.987262254375613,0.98726674849939,0.98727606701394,0.987278615193525,0.987285924619368,0.987294439495438,0.987299984909382,0.987307687792739,0.987320937465204,0.987324771031397,0.987327982795699,0.987328038774416,0.987328988021794,0.98733491657083,0.987341942296812,0.987351229842697,0.987356083117557,0.987361211246775,0.9873732108465,0.987388665443441,0.98738943297724,0.987394398510048,0.987397287284208,0.98740131845673,0.987404895201228,0.987407893565797,0.987415486921917,0.987417745999813,0.98742195244839,0.987425339475186,0.987428412733371,0.987430233056955,0.987432598104318,0.987437483949917,0.987438749498579,0.987444975105955,0.987447331066943,0.987450433862527,0.987450965140831,0.987452093897297,0.98746255635896,0.987469544887726,0.98747274317799,0.987472811766264,0.987510215690904,0.987512721808434,0.987519549551963,0.987522717920628,0.987525174760439,0.987527953031832,0.987530502508838,0.98753604720732,0.987536888604502,0.987540793001841,0.987554959028579,0.987557548557463,0.987560028262641,0.987569560443489,0.987572832792139,0.987575122386876,0.987576239855215,0.987579207701595,0.987583853396506,0.987590679295244,0.98759564998652,0.987597242898656,0.987601112475059,0.987605073400981,0.987610279167316,0.987614350632916,0.987616872337769,0.987626606502855,0.987628609602793,0.987630773938552,0.987635271837752,0.987637182139725,0.987642322971014,0.987643239329532,0.987647077667936,0.98764814034221,0.987649445325198,0.9876578299245,0.987661578676966,0.987663225279067,0.987664310137472,0.987667793121645,0.987671359819896,0.987672349227375,0.98767265031018,0.987680216651041,0.987683696977207,0.987690684008824,0.987691320278246,0.987692682681112,0.987695273482356,0.987697623175386,0.987707215733841,0.987707215892855,0.98770923023067,0.987712081381665,0.987712737720182,0.987713898279397,0.987719345889021,0.987719459562589,0.987721461126651,0.987722414149921,0.987723526673207,0.987725304147506,0.987726616408126,0.987729185600351,0.987730270241763,0.987731296899301,0.987736668639887,0.987752549888113,0.987753722452649,0.987757066556284,0.987761843026911,0.987767504845004,0.987768342915861,0.987771949408355,0.987775840040647,0.987784902935025,0.987788386605861,0.987792755161807,0.987793572525753,0.98780031800192,0.987802055412665,0.987802334372258,0.987803334782933,0.987806798790439,0.987809113858148,0.987811495290728,0.987814124951484,0.987815398159043,0.987817363090288,0.987820849662139,0.987822184023668,0.987826404031955,0.987830407149828,0.987833788814381,0.987834854247528,0.987837401587526,0.987842639630416,0.987844856673451,0.987845188634875,0.987847021135435,0.987847066780882,0.987849732607759,0.987850535105065,0.987853690704975,0.98785488882073,0.987858127484977,0.987859445630797,0.987861995349362,0.987865991248354,0.987867596983353,0.987872073420006,0.987873296543456,0.98787762366659,0.987879624412097,0.987880544906935,0.987881837432081,0.987885057080924,0.987885613012995,0.987886480198557,0.987895820092656,0.987902013527416,0.987904932559092,0.987905441361595,0.987906317529048,0.98790743376265,0.987909839190289,0.987913340134647,0.987914126280236,0.987915245829342,0.987917173029209,0.987919638583796,0.987923889607023,0.987924954192648,0.987932884915685,0.987937210365727,0.987942709178171,0.987943446928179,0.987943560314722,0.98794525261864,0.987947450095882,0.987955497429879,0.987959786082017,0.987960354957357,0.987961694811324,0.98796203622871,0.987962475126334,0.987963282704344,0.987968169231759,0.98797586808934,0.987977114569396,0.987980668230668,0.987983999393972,0.987985813341917
0.590156945474829,0.636201083781486,0.63911663955735,0.639925880365635,0.64064116535361,0.674169577881535,0.684537311151661,0.73681172502288,0.758784454565371,0.782894809648913,0.788439315039818,0.797409488312658,0.802236317535214,0.811673867270984,0.817061079781795,0.82084067603339,0.833832798799212,0.837825180851017,0.844101395940317,0.847179809553415,0.852520841936665,0.855858703731113,0.858815289996412,0.860414781291845,0.863031510151003,0.86562848275899,0.869742235608382,0.878975837335317,0.882010860053897,0.88702516376324,0.889361290238255,0.893085508487433,0.895761850401357,0.896721532578148,0.903071423668318,0.905705240956504,0.910090961955517,0.91242203487907,0.91890907685129,0.921094330742633,0.922966176440428,0.926892244330333,0.930751186314163,0.932313954871353,0.934093035168152,0.935918386397374,0.936244145207768,0.937064122081089,0.940888590134532,0.941262738352274,0.941816363728458,0.943607198578345,0.944230879015768,0.944641644962322,0.946968847913674,0.947480284422247,0.94810070204392,0.948701995740914,0.949353862842781,0.949809248231318,0.950343157861921,0.950790915125649,0.950963069061073,0.951410440029643,0.951758188515202,0.952043085610811,0.952530457991591,0.952635217606791,0.95307040581632,0.953408462206824,0.953548895326564,0.953617063554312,0.953832637656251,0.954409327091248,0.954615496748595,0.954888448717588,0.955254958501073,0.955300532256389,0.955481464161915,0.955543380032408,0.955614417153913,0.955792248903284,0.956111546330259,0.956220520184083,0.956710856279134,0.956929128738288,0.957126192360098,0.95731842560881,0.957439884834354,0.957496841167653,0.957588117549869,0.957671731455437,0.95769914897899,0.957840208647036,0.957886936519517,0.957951536520336,0.958013822747959,0.958129487446266,0.958281079946448,0.958322042092198,0.958400478132978,0.958487727306029,0.95852672780877,0.958740206224097,0.958844436370327,0.958912898635608,0.959044905559394,0.959075020544094,0.959196235696198,0.959254365717143,0.959271911366128,0.959332565526956,0.959539957630864,0.959610481251423,0.959665741531267,0.959752529313285,0.959790496074189,0.959860864737736,0.959922485462142,0.959951322023464,0.960020232320618,0.960084040837278,0.960118666332098,0.960169832095752,0.960182807789368,0.960224331874881,0.960254451969312,0.96029100583801,0.960315830854579,0.960331234676643,0.960380076095266,0.960411040027668,0.960426323546471,0.960455817652892,0.960502141353703,0.960547256466798,0.960570585467835,0.960607944736269,0.960623963007434,0.96065157558549,0.960705989645144,0.960720403483252,0.960734288051173,0.960789760337766,0.960821965706185,0.9608725744228,0.960894016892354,0.960905395474787,0.960921254827442,0.960962445646636,0.961018862762391,0.961045333103484,0.961070391776076,0.961087729243236,0.961122950959696,0.961151878843904,0.961198710575142,0.961223183602522,0.961240644218012,0.961260215680777,0.961270826615331,0.96128391862003,0.961301571515039,0.961325907413726,0.961336350198715,0.961350863298305,0.961377868308884,0.961405214417638,0.961433145383495,0.961445378093461,0.961479373052916,0.961511851865475,0.961515800825993,0.961536788520901,0.961552716107055,0.961568348694515,0.961582754091838,0.961605163009086,0.961633321848118,0.961683136721003,0.961707477339787,0.96172593156346,0.961737570058666,0.961760595818359,0.961771589615178,0.96180302030804,0.961817431246874,0.961840467618647,0.961867271060506,0.961871924537151,0.961897118617462,0.961919276835632,0.961931785326461,0.961936189491742,0.961962803127815,0.961993868303636,0.962006861801234,0.96201305629292,0.962017678859696,0.962027189482689,0.962280870479106,0.962290998505606,0.962307107443497,0.962316929331186,0.96233424656208,0.962353461740942,0.962374374977898,0.962384110395052,0.962441074716096,0.962461229226178,0.962493562285879,0.96272038566845,0.962734460773393,0.962748087633992,0.962779579268758,0.962940684186576,0.962972312113805,0.962982291526382,0.962989445236669,0.962997313101256,0.963002779427266,0.963067080056901,0.963085975257759,0.963095503755572,0.963146531456132,0.963160504176235,0.963185159756326,0.963257218553007,0.963267174693165,0.963355712613235,0.963371454563269,0.963398036458157,0.963445004547153,0.963466091174996,0.963479887009867,0.963529661521396,0.963622592631018,0.963687509697737,0.96371056957844,0.963983198261812,0.963987781501406,0.96401762566705,0.964049092153114,0.964135991395423,0.964169924793498,0.9641832782127,0.964208465176957,0.964218130186608,0.964224637006163,0.964231093274334,0.964244971972621,0.964279063769453,0.964290644982993,0.964292046869264,0.964301262839076,0.964330531498721,0.964342306078781,0.964368994772618,0.964394054960556,0.964427328996944,0.964441247855019,0.96445268744251,0.964465189993994,0.964477521317365,0.964520004533963,0.964534603650847,0.964549965830541,0.965898971354286,0.965904350932664,0.966064885229095,0.966406955680334,0.966423899024781,0.96670360507416,0.966796603601936,0.966808141490747,0.966816371347629,0.966839116598693,0.966999527255618,0.967293521643552,0.968664696805772,0.969054369361728,0.969126857401301,0.969240264083813,0.969324756591327,0.96943020891765,0.969765701562173,0.97035261243026,0.970581760530418,0.970852924679464,0.970864258367988,0.971241192133466,0.971265018314105,0.971286107771332,0.971893681917181,0.971916968118365,0.972080265081623,0.972142479517719,0.972193134431855,0.972789883441687,0.972849505274164,0.972904115320989,0.97294447665365,0.972992299156359,0.973289844968043,0.973675515024666,0.973705435298711,0.973711013418407,0.973808462627567,0.973972909953163,0.97399902934981,0.974380933928927,0.974472038492101,0.974573149785249,0.974714632541651,0.975060853799866,0.975117985502657,0.975525554781426,0.975748006164855,0.975801954056111,0.975942847394588,0.976120829265407,0.976129911741529,0.976288185369711,0.97642927680933,0.976550808851157,0.97662930893851,0.976809923383325,0.976876479581329,0.976892067768685,0.977309918804349,0.977408155515897,0.977504824495947,0.977678694590227,0.977716858630797,0.977879486794991,0.977894507684336,0.977945422128897,0.978022596964848,0.978153333351838,0.978267765354834,0.978423183864645,0.978432197440959,0.978505561737704,0.978549660646789,0.978585068356586,0.978697361077485,0.978775088345342,0.978882796088311,0.978983732621328,0.978989140525068,0.979012326747226,0.979047743009033,0.979144812534432,0.97919782779069,0.979212016968866,0.979232674423709,0.979725535362665,0.979731220308579,0.979752516915693,0.979771613985396,0.979784908887609,0.979787992400784,0.979822904149136,0.979839399808348,0.979856512037082,0.979898938737276,0.979918864345787,0.979920849650318,0.979966622591137,0.979969281130979,0.979983072291878,0.979989991376643,0.98001016804265,0.980020610158688,0.980036927315627,0.98003986459676,0.9800505569346,0.980149024574058,0.980207904454348,0.980209997948563,0.98021644747689,0.980253719669344,0.980265043141587,0.980278948698373,0.980324473473886,0.980348824196694,0.980386020610753,0.980391766030972,0.980400502767191,0.980402763757609,0.980444713336335,0.980468974792551,0.980494242030621,0.980514349787332,0.980542401736455,0.980559782190557,0.980631493881543,0.980632132318807,0.98064961597153,0.980659707756949,0.980673089632558,0.980683439449781,0.980688873214803,0.980693451514834,0.980712112522928,0.980730521711117,0.980744004796706,0.980752761215033,0.98075356967482,0.980756808443541,0.98076095030262,0.980762042037249,0.980768424277866,0.980775117140985,0.980779991435612,0.980782892259563,0.980784029596167,0.980787345666247,0.98079473362725,0.980796874929481,0.980815556158782,0.980831310102865,0.980836965678731,0.980846103787562,0.980851623019457,0.980859950076834,0.980875234156047,0.980877384854458,0.980887189716847,0.980898961810626,0.980902484220606,0.980912682029042,0.980928514313994,0.980941633152398,0.98094568631058,0.980955175443151,0.98096141408082,0.980970870192816,0.980979983565607,0.980983703673953,0.98098573461484,0.980989889880131,0.980992568127767,0.981008086854011,0.981013425732575,0.981029451996762,0.981031728033005,0.981039346130753,0.981050876052647,0.981059550400978,0.981062536689867,0.981067904962263,0.981123645753408,0.981138974139335,0.981146668964036,0.981148617783194,0.981162573888088,0.981165041108003,0.981166946225799,0.981169265946421,0.981175312555111,0.981178866155246,0.981182658389809,0.981190301675678,0.981194237987563,0.981199843165818,0.981200008362942,0.981203258013276,0.981206191680134,0.981335429732261,0.981337170265037,0.98133910658784,0.981345482067241,0.981350210562962,0.981351309672742,0.981352921765359,0.981354706077812,0.98135996420501,0.981361996852377,0.981366442593752,0.981366745146501,0.981372541171658,0.981373535955631,0.981377473896184,0.98138569537168,0.981390438001391,0.981396469226966,0.98140072251844,0.981401685215179,0.981403220731154,0.981408832617889,0.981412792522744,0.981416072742836,0.981420349605492,0.981424358853323,0.981426087441726,0.981431333936824,0.981435397894606,0.981446577342226,0.981447117992532
0.459833212598651,0.529469024346441,0.537134959157857,0.602164411951851,0.60613076220204,0.61957155070564,0.622263988633875,0.661150181967224,0.675886790061125,0.703436128085637,0.708219306960818,0.758470920069824,0.79544754706434,0.800886085166526,0.809195731224042,0.813457438393604,0.830960918801232,0.840407540281565,0.850919657812419,0.85187425115645,0.871109692547415,0.876747926994943,0.878857988385691,0.882918579502092,0.884826478262269,0.891349065695707,0.898109619648589,0.901779131318653,0.902990640537754,0.906690053439984,0.907975339308558,0.910358126073216,0.912303516976339,0.913131296873931,0.916061712419349,0.916627386429059,0.922071094711741,0.924864162274667,0.926579548820799,0.932515137664615,0.934494408178583,0.935926138066038,0.93718954461416,0.938409195165667,0.939575692548338,0.941104288615224,0.943762005730112,0.94473616104046,0.945527883695011,0.946032678575832,0.947022835451473,0.948400504347651,0.948528020300959,0.949070120739996,0.950706925781136,0.951196247070292,0.951685602535238,0.952902610414996,0.953452835746122,0.953853371896333,0.954118578855889,0.954505968245882,0.954810802096841,0.954992518543942,0.955135762476959,0.955261311241944,0.955627841244187,0.955714319039822,0.956778440699183,0.956931007272966,0.957306389682149,0.957544546740078,0.958249044818798,0.958553338953742,0.958849286534717,0.959258633399525,0.959429279104504,0.960260025595013,0.960786614164088,0.961139359311146,0.961280205704179,0.961499205519847,0.961672642187275,0.962042285515096,0.962172938893099,0.962228155129849,0.962369114104885,0.96247043905928,0.962635147413213,0.962701163126277,0.962953952282818,0.963000570920773,0.963786431727305,0.963824616565167,0.963896622192629,0.963939571973659,0.964394747706204,0.964504492232227,0.964557774797558,0.964704685542391,0.964735627237953,0.964814606923841,0.964966309878996,0.965010585885315,0.965061084834646,0.965176314021496,0.965248211398462,0.965326054944675,0.965632537605436,0.966285205833699,0.966321770848506,0.966363530298255,0.966420883670319,0.966536990199288,0.966597500695348,0.966703168734112,0.966725717830449,0.966818022959535,0.966856936433169,0.966871467025982,0.966963986884355,0.966985339720405,0.967038950820896,0.967149185383053,0.967538401562802,0.967579202311003,0.96762479250855,0.967675773741874,0.9677025677932,0.967922250348947,0.967939375501581,0.967982950229938,0.968004964207693,0.968034260803141,0.968059930304533,0.968077463314259,0.968125091207793,0.968147274092552,0.968161136764901,0.968178048092753,0.968199704330013,0.968209444246397,0.96869338915413,0.96870908339337,0.968719588691138,0.968808959941875,0.968847598794297,0.968894890084134,0.968923391508993,0.968973386238248,0.96899865798481,0.96900308409525,0.969122624164805,0.969144589434264,0.969172104842398,0.969200368672854,0.969219051600513,0.969252234437128,0.969330429587277,0.969389952962324,0.969425700633172,0.969431659512297,0.969437573904063,0.969460172596118,0.96950263159966,0.969517723189898,0.969605691487533,0.969606695624469,0.969620456731288,0.969674218961889,0.969705203024804,0.969721227085431,0.969738731843759,0.969755730974014,0.969779611065321,0.969788374488258,0.969807988067926,0.969817819906388,0.969895112540741,0.969909476298732,0.969935538055185,0.969948294594739,0.970006171059173,0.970015117694468,0.970065237156975,0.970071766076334,0.970308460160468,0.970327302271859,0.970374719575484,0.970423544311131,0.970468197669632,0.970624740037111,0.970656258933463,0.97066633887253,0.970680813473523,0.970697292042532,0.970703341339431,0.970714569082923,0.970723121581843,0.970737232667044,0.971147123543186,0.971157497137423,0.97117117814565,0.97117659838242,0.971184354823342,0.971219122025716,0.971237608460286,0.971245250197972,0.971254466032366,0.971257301327149,0.971286940611726,0.971295094487639,0.971315458353829,0.971337880095852,0.971346788669417,0.971358337912492,0.971385366456099,0.97139636793948,0.971415368781505,0.971422495728218,0.97143485779166,0.971449651319336,0.97146654160661,0.971473549936096,0.971480435071054,0.971493516872586,0.971509795323561,0.971526459006919,0.971534830607271,0.971542366670552,0.97155034527227,0.971565349297433,0.97157901302652,0.971594393474581,0.971607241787876,0.971617438920442,0.971624651703659,0.971631440848318,0.971649748824218,0.971654929920308,0.971662795995592,0.971692266730687,0.971698106838135,0.971708821578075,0.971735421835555,0.971737861466528,0.971746278792794,0.971752475924078,0.971763835535467,0.971819183331641,0.971822906572442,0.971827648293377,0.971835452429433,0.972031089147545,0.972033776711849,0.972042462053112,0.972059301745038,0.972091669660154,0.972109846750567,0.972114185524711,0.972116250636603,0.972119008279756,0.972128753754352,0.972133385839398,0.972140779911142,0.972153179739334,0.972157602065183,0.97215910901703,0.972171297152146,0.97217708553017,0.972191256101688,0.972193402386254,0.972202451251848,0.972210636252711,0.97221179984964,0.972217768292804,0.972225655887232,0.972228443526999,0.972230114280956,0.972236988472938,0.972239999419665,0.972249387492373,0.972259185330877,0.972264696108093,0.972280560792284,0.972285909575239,0.972297178825987,0.972320226009951,0.97232708799533,0.972331156524444,0.972333350421845,0.972337911302336,0.972342199022446,0.97234693208977,0.972352912201252,0.972356858388952,0.972360293744928,0.972362963699876,0.97237494538468,0.972378930819884,0.972394630465416,0.972401279581551,0.972405231352873,0.972408799497198,0.972416737110488,0.97242172977858,0.972425482680638,0.972434473921287,0.972435737895724,0.972440797080973,0.972467847674061,0.972469676274854,0.972473613112636,0.97247606220534,0.97251765153205,0.972528019040275,0.972529025653863,0.972531533634746,0.972547742689235,0.972554107520314,0.972556478937041,0.972558191434451,0.972560679055629,0.972567140965222,0.972572322693194,0.972575775107017,0.972582643100064,0.972589930527043,0.972590675105341,0.972593101379231,0.972598862287967,0.972603068598837,0.972612861232172,0.972615547671785,0.972617799916378,0.972676674865709,0.972680630871733,0.972682460147508,0.972687425635099,0.972689749133925,0.97269127819258,0.972697350508135,0.972699763497607,0.97270764315027,0.972718134265556,0.972722833728461,0.972723464187263,0.972729022090513,0.972730519117232,0.972738373678719,0.972741560161523,0.972746815609109,0.97275994085158,0.972764400401948,0.972764821649818,0.972772123403882,0.972778677818426,0.972786295153583,0.972791240793099,0.972794771367093,0.97280361218408,0.972806942603004,0.972807604150551,0.97281032077204,0.972816575014754,0.972817870458963,0.972822817780508,0.972826092044155,0.972827465365919,0.972837168350362,0.972839955009831,0.972846627019818,0.972857372878834,0.972860235672352,0.972863399175498,0.972865364842468,0.972870371323739,0.972874155704848,0.972884239919086,0.972891244743181,0.972902035523471,0.972907991456106,0.972911694981393,0.972954069445444,0.972955071170223,0.972960689722306,0.972963625081976,0.972966271553589,0.972967724492714,0.972975808962341,0.972978752134916,0.972979925721864,0.972983421690338,0.972984509307367,0.972989569610351,0.972991413267482,0.972996886253457,0.97299802537156,0.973006379005889,0.973006962448729,0.97300767790408,0.97300968805415,0.973014055412785,0.97302249745745,0.973025373340387,0.973026378556834,0.973028450763277,0.973037071450612,0.973039543095142,0.973041431760145,0.97304281431874,0.97304398922518,0.973047352919647,0.973049333789889,0.973053620799601,0.973057153729191,0.973057835200864,0.973062169203718,0.973063291963173,0.973076069982345,0.973076999576295,0.973082132023559,0.973082475052368,0.973084371289676,0.97308960166593,0.973095069522518,0.973096643037049,0.973100335227013,0.973103418302473,0.973110510143731,0.973112399944737,0.973118211406679,0.973118936938983,0.973124940266664,0.973129283524094,0.973132520293986,0.973136607105777,0.973141189003035,0.973145426503371,0.973146608885112,0.973152193623062,0.973153650088152,0.973157770116408,0.973160741868124,0.97316481414059,0.973169277444476,0.973170295508044,0.97317432508477,0.973179606819612,0.973184742155651,0.973186615371267,0.973194902002645,0.973198004785988,0.973200433730965,0.973206377885695,0.973217124272047,0.973219508225346,0.97322220857321,0.973222356651767,0.973230982675647,0.973235786759716,0.973236377235334,0.973241972939596,0.97324444981481,0.973245736248858,0.97324891006452,0.973250206895549,0.97325288690713,0.973254323681199,0.973256962046817,0.973260958498711,0.973261948873185,0.973263423321048,0.973266302555053,0.973269205660162,0.973271542833728,0.973272359025839,0.973279163591092,0.973284063450909,0.973285302449856,0.973287065205427,0.973288351781499,0.973291434305237,0.973291909941552,0.973293209150295,0.973296102987561,0.973297305774656,0.973298333495119,0.973300617834697,0.973303044848196,0.973306910093494,0.973309016014268,0.973309942823146,0.973311726826996,0.973316811845641,0.973318247342933,0.973321473520452,0.973328880724878,0.973330548559675,0.973339284161851
0.513100380293603,0.542904662943386,0.61442087295467,0.626685129544725,0.635994593848583,0.639722649143604,0.65070261814186,0.686695901760614,0.706098351718389,0.724747685247335,0.753877349243235,0.760981068466187,0.774527686853613,0.782562896400913,0.792318437263534,0.810847186134781,0.85017251373249,0.851759378318895,0.861205135609003,0.872082537101065,0.878946358255953,0.884658010895621,0.891146341351361,0.893963736886605,0.905978896952255,0.909182885824844,0.926104507083044,0.928654145946264,0.93519490914006,0.936947919022339,0.940281395293719,0.946747469716623,0.949006363397635,0.952460951842128,0.953614454794367,0.956542130286775,0.957288604622672,0.958746643989242,0.9619330669931,0.962739955650399,0.963321241891705,0.963899615797513,0.96441062470975,0.96507765844941,0.965716448380583,0.966373762395427,0.967170171472011,0.967640151741017,0.968782248133147,0.969112445652101,0.969573860840653,0.972945857845872,0.973577730965135,0.974850873951553,0.974998291566119,0.976056823175059,0.97701261399519,0.977312056562962,0.977710324672999,0.977939991834162,0.978276114443191,0.978603081156683,0.978850863870925,0.97904536415579,0.979305814137257,0.979559797981434,0.979668341194531,0.980057367901234,0.980410126682279,0.980663297627624,0.980889309403141,0.981031943298739,0.98117332207922,0.981469646553396,0.981630054669136,0.98181032682108,0.981924055549634,0.982091373057454,0.982157807081091,0.982182930702524,0.982275360327319,0.982386018462887,0.982459193328674,0.982580279023655,0.98260100863775,0.982795078106669,0.982858428173837,0.983218036784753,0.983317274738123,0.983392620819874,0.983474915601257,0.983514874692519,0.983534510010201,0.983640573556218,0.983707584753035,0.983793950217001,0.983889401456843,0.984003723818845,0.984105868755798,0.984147017083109,0.984169705688337,0.98423238426129,0.984432683902905,0.984485974772513,0.984532646384909,0.984592156839561,0.984645862898772,0.984688492258624,0.984713213089837,0.984906352453464,0.984968089848224,0.98499857826072,0.98503392926993,0.985111191312671,0.985159595099207,0.985198406862195,0.985255582256938,0.985295186261534,0.985352819791955,0.985402567018061,0.985440371521407,0.985464233519713,0.985486056846609,0.985491974260868,0.985505141127406,0.985538788000979,0.985571490055254,0.985617947385796,0.985662123100736,0.985813296610139,0.985853034466053,0.985863363084616,0.986291598279051,0.986314140207241,0.986326306979881,0.98636980465484,0.986405320369329,0.986417628923562,0.986452994098343,0.986486529493567,0.986510048041571,0.98652636100748,0.986571677708356,0.986620040891845,0.986650897717458,0.986678079639485,0.986698895601496,0.986734345416603,0.986759572881529,0.986780943408695,0.986795767041569,0.986819168317144,0.986871565254797,0.986877724441665,0.986910815546706,0.986938453621662,0.986961948948394,0.986976054061782,0.986990509156362,0.987008318870152,0.987016070109683,0.987027205368774,0.987041604210138,0.987059840504232,0.987091984267867,0.987105893916286,0.987115064780461,0.987132945124341,0.987137581311346,0.98715907865201,0.987189439506344,0.987210589825734,0.987228217840185,0.987247866382628,0.987255320092622,0.987262623185724,0.987282710193305,0.987304944379034,0.987317087513898,0.987330794800967,0.987374801675902,0.987397960939253,0.987401244916336,0.987418370013917,0.987423097773907,0.987449742839885,0.987458957810772,0.98747459477327,0.987495960061091,0.987511310729744,0.98753153382904,0.987540551139618,0.987562376114456,0.987578916128582,0.98759133012852,0.987603904764023,0.987610796303898,0.987616025227567,0.987628678346051,0.987639429052366,0.987648155078034,0.987670940973877,0.987681323003183,0.987703368263517,0.987718857112135,0.987751581944574,0.987769715357168,0.987777831517228,0.987783313027992,0.98778852015385,0.987803206414806,0.987816582630997,0.987832697818239,0.98784062051727,0.987846148837681,0.987864174542379,0.987870586415225,0.987882051043406,0.987893695341229,0.987912429798553,0.987917159344316,0.9879210213292,0.987934313951916,0.987939661777098,0.987951931667046,0.987964319706706,0.987982009547754,0.987988399810181,0.987994919283135,0.988005265865449,0.988012239915541,0.988018748204875,0.988029215827249,0.988039514562158,0.988048458109737,0.988060292682146,0.988070295263789,0.988077154615412,0.988077810406557,0.988086959737376,0.988090317914617,0.988091845667114,0.988105469418425,0.988112325371415,0.988114011408698,0.988121964577502,0.988127057180827,0.988132567322048,0.988134950995499,0.988141557284291,0.988145913363947,0.988149030226601,0.988157185094389,0.988161428855738,0.988170972325654,0.988182510253472,0.988188494620022,0.988194457013407,0.988199814370281,0.988208620170979,0.988247845495986,0.98826183264593,0.988265359653176,0.988274650997264,0.988279662311367,0.988293926100103,0.988304803265795,0.988311290993041,0.988318460307254,0.988326655496998,0.988331726183541,0.988334754235931,0.988341096307439,0.988342877407492,0.988348760111323,0.988350459670895,0.988353295211215,0.988359716113956,0.988372835302557,0.988378567712739,0.988381663245604,0.988383112065366,0.988394307487661,0.988395983919134,0.988411041925079,0.988427062810059,0.98843325642409,0.988439724745856,0.988445731804705,0.988448395586041,0.988451838717301,0.988458625200304,0.98846141824771,0.988465196530422,0.988467840811985,0.988471765051237,0.988472498364556,0.98847604303863,0.988482850842679,0.988494416985107,0.988498048826662,0.988504492568035,0.988509619968263,0.988513187920637,0.988517433091961,0.988525819798128,0.988530514374741,0.988534846436383,0.988543518788383,0.988547445503392,0.988552567262828,0.988555131258937,0.98856158544284,0.988562080183381,0.988563821764469,0.988566282898827,0.988567821454431,0.988569362937988,0.988572130037878,0.98857991169488,0.98858407325435,0.988585769861428,0.988589790074812,0.98859270720904,0.98860045585544,0.988604177791921,0.988610427686271,0.988617876661746,0.988620107636282,0.988628507272481,0.988632113714657,0.988634321516286,0.988637704298627,0.988642830717269,0.988646545465543,0.988652773542488,0.988654829436504,0.988660307753358,0.988660958626358,0.988667153441355,0.988673245950613,0.988676819012114,0.988678390963243,0.988682545646752,0.988685649295948,0.988689277474939,0.988698509830629,0.988706258333948,0.988712375766137,0.988713839716883,0.988716141312885,0.988722077671208,0.988727497281177,0.98872838622687,0.988730687531107,0.988732995726392,0.98874024339071,0.988748828387309,0.988752990926808,0.988759960807212,0.988763064929566,0.98876783158954,0.98881104910685,0.988814567212509,0.988815566204063,0.98882109936612,0.98882339175249,0.988828987211462,0.988829796695272,0.988832315675657,0.98883459800289,0.98883906528374,0.988842474734322,0.988844361731529,0.988847037890955,0.988852096798724,0.988863915305411,0.988870142076403,0.988872855209057,0.98887657040991,0.988880697080231,0.988884363504066,0.988886825401088,0.98889080181068,0.988895590459064,0.988900184075828,0.988901947662428,0.988903146309949,0.988903740784692,0.98890459223898,0.988906200343441,0.988906674380374,0.988907336704768,0.9889097892521,0.988912778540501,0.988916650893596,0.988920120673012,0.988922018667017,0.988923590016652,0.988924365068295,0.988933667862433,0.98893681845588,0.988937034526441,0.988943164067477,0.988947135494469,0.988947331316515,0.988949477752048,0.988954366419969,0.988960241219883,0.988962647009112,0.988967830971164,0.98897227788569,0.988974591113996,0.988977855063188,0.988979746862016,0.988983428214024,0.988985747070166,0.988988599920598,0.988990175381069,0.988990175381069,0.98899268084898,0.988994835913903,0.988997087620052,0.989000194283748,0.989004252886543,0.989011302177906,0.989014120410634,0.989018002918055,0.989021692488058,0.989027190336532,0.989030657842113,0.989032355359981,0.989036399577542,0.9890394167543,0.989043819459249,0.989049335331062,0.989053276290342,0.989054871734644,0.98905697457212,0.989059653210159,0.989062274670139,0.989063828790989,0.989065354041608,0.989068406830663,0.989070731859243,0.98907228511917,0.989074773112033,0.989077263249448,0.98907854857281,0.989078796821699,0.989080829813232,0.989082795376065,0.989084237684695,0.989087669584753,0.989089129442728,0.989089957234101,0.989091771742792,0.989092879010931,0.989098018009167,0.989098311875266,0.989099294577043,0.989100218862924,0.989101308719796,0.98910260334382,0.989107177838952,0.989112033275612,0.989112207363586,0.989113386093973,0.989114852494951,0.989118290321707,0.989123723002635,0.989125274107456,0.989127787946928,0.989128676657445,0.989130468358291,0.989131958597438,0.989132136273098,0.989135898902993,0.989137677308017,0.989138524681307,0.989143468117289,0.989149645632908,0.989152921066932,0.989153369702842,0.989157907797168,0.989158908951276,0.989160806702414,0.989162595713925,0.989165980468558,0.989167228950007,0.989169288191612,0.989170321792212,0.989172058708344,0.989174877851584,0.989176590685355,0.989179646574972,0.989181998609436,0.989186424331707,0.9891877081563,0.989193236287062
0.457112034077315,0.518285816889481,0.589163149890414,0.645982360231224,0.690143910264542,0.726109832244995,0.727435580811325,0.735153479943387,0.782333280707245,0.790203959851463,0.802489615523431,0.810937713108663,0.8138753568031,0.836225672426321,0.845189745024231,0.852974308699008,0.858884305628023,0.860486891092565,0.86764359792085,0.88081697792534,0.890606561156705,0.893431862781424,0.89783698355104,0.908857965327971,0.913664541822155,0.922009177469461,0.922981694058823,0.924902506452543,0.928912524633972,0.930275135843116,0.931432398513616,0.933349072240863,0.935897471654587,0.937618525339497,0.9398889221148,0.940776450411468,0.941504721692311,0.941935145231813,0.943313842704724,0.943833363651178,0.944760627026666,0.945549910992689,0.947276770657232,0.949361940943988,0.950173362981051,0.950754304353516,0.951348697667357,0.952610908394577,0.955013824341117,0.955910311151392,0.95627104086675,0.957440361905722,0.95806059797688,0.958299061427643,0.958431131173455,0.9593221493545,0.959781750669005,0.960806813354644,0.96103276464368,0.961418303242026,0.961645387999449,0.961982679251938,0.96254627748215,0.964110499919109,0.964498767864705,0.965575206802864,0.965910212921835,0.966346964998809,0.967246194978628,0.967957562055453,0.96843656904725,0.969334886492133,0.970394759682589,0.971061313337107,0.971765757980297,0.972115602001819,0.972798934920564,0.973688827777384,0.975475205247689,0.976531980070039,0.976912265011017,0.977790104972103,0.97857785615849,0.979199675005533,0.979973560688684,0.980175493716556,0.981871426408023,0.982052473012221,0.982479887263881,0.983867522674471,0.984247393603502,0.984575874594912,0.984969726487098,0.985144907304185,0.985742801518566,0.986310278390991,0.986445619847948,0.987253775379878,0.987632460828919,0.987770295571402,0.988105512941024,0.988231851443661,0.988533188553472,0.988730927151427,0.988989034150796,0.989524707951882,0.989733532739359,0.989752587166836,0.989985635401883,0.990186864709483,0.990283114166678,0.990480020276648,0.990562585031759,0.990619702710535,0.990689051194271,0.990722322683732,0.990831432611026,0.991150896769241,0.991237319843348,0.991375280419655,0.991543546385237,0.991665217087214,0.991795683120019,0.991900731067831,0.991953633210056,0.992047605093941,0.992138762412563,0.992215867476063,0.992336760642937,0.992401161905512,0.992585088214745,0.992688423621057,0.992979983766142,0.993010935993107,0.99304461278822,0.993121208752605,0.993206711522231,0.993254174046718,0.993356500915792,0.99341426542981,0.993453848413876,0.993623250843641,0.993658037668589,0.993705807923657,0.993733594070559,0.993772762024557,0.993792047347403,0.993915808797502,0.993966271439171,0.993980287473252,0.994011759727278,0.994031561409249,0.994156021285079,0.994178259474527,0.994213756853762,0.99428703157488,0.994364973644186,0.994385191311344,0.994429255447553,0.994511761444183,0.994580285765164,0.994620906086728,0.994680569627371,0.994771814892982,0.994857509535994,0.994888256537209,0.99490694998253,0.995014843938288,0.99504067593371,0.995071801486069,0.995109530508879,0.99517521738619,0.995191592676621,0.99527495770357,0.995285127541555,0.995298059728225,0.99531811069749,0.995342962679679,0.995411871781724,0.995439994371072,0.995460925372796,0.995482945779038,0.99554819206857,0.995573914676082,0.995609087137221,0.995647437597385,0.995667571572534,0.995675319828323,0.995701714186032,0.9957041616797,0.995731317229264,0.995754988246818,0.995773286391061,0.995796121112681,0.995810579600058,0.995823294503524,0.99584004088047,0.995868840391547,0.995878664657896,0.995941904739392,0.99597530892055,0.995991177193194,0.996027178671989,0.996043674114021,0.996060159558458,0.996075614659516,0.996107987799691,0.996115732091515,0.996141239244112,0.996150812626014,0.996170563148757,0.9961999569942,0.996218502092726,0.996236372972333,0.996246681673535,0.996249956344017,0.996265151633959,0.996273105295732,0.996285254166106,0.996298473277897,0.996305648485092,0.996323967744211,0.996335283445276,0.99633994208269,0.996343961690589,0.996363692207002,0.996374559241105,0.9963838654798,0.996409340478756,0.996418769654037,0.996424637549773,0.996434707845169,0.996456626971055,0.996474560894814,0.996482419706148,0.996490776289456,0.996506656335517,0.996518305243508,0.996538798883104,0.996546465419655,0.996565577619239,0.99657824962206,0.996584784384306,0.996596162190254,0.996618647023369,0.996631382059833,0.996645279945999,0.996661209857281,0.996665297971733,0.99667851280292,0.996686677693051,0.996692997740477,0.996697456850231,0.996702063479595,0.996706087964779,0.996709417153577,0.996716319636145,0.996724322259971,0.996743013436784,0.996782377677589,0.996787222439217,0.996795455896177,0.99680229719038,0.996804697385372,0.996807069640056,0.996810813581848,0.996816053188289,0.996820614378607,0.996826468376585,0.996841335383954,0.996852581794519,0.996855203851411,0.996873106581747,0.996879175390549,0.996893418151595,0.996895554530674,0.996925602878272,0.996929438403784,0.996941755249465,0.996973219702579,0.996976011924568,0.996985894704294,0.996988745622408,0.997001812118962,0.997012028009741,0.997023509887651,0.997029112361612,0.997039862195284,0.997042885025674,0.997046660658282,0.997065554136441,0.997074031069258,0.997085268478228,0.997114409538738,0.997116372429986,0.997124711270027,0.997128370335562,0.997129139595891,0.997130755076227,0.997134176513751,0.997136275395387,0.997139453234817,0.997151501715186,0.997162257041581,0.997166089790468,0.997167661663881,0.997170735301889,0.997172902543802,0.997184455330594,0.997186028768599,0.997186812486376,0.997197607333432,0.997198838581904,0.997203607694839,0.997218154418047,0.997220812346246,0.997225540739984,0.997233058834153,0.997236256250787,0.997242630556843,0.997246747730556,0.997256497691672,0.99726032534736,0.997265776546861,0.997270939238156,0.997277573938839,0.997280439316412,0.997289811454248,0.997292503343547,0.997296852246549,0.997299924868038,0.997306837935456,0.997309283170557,0.99730979243479,0.997313012623215,0.997322098229114,0.997329015917658,0.997332745464065,0.997334970134779,0.997339103662235,0.9973480623346,0.997381767736403,0.997383446788116,0.997387461479051,0.997389572124829,0.997394539166387,0.997395566095531,0.997417254594614,0.99742365391036,0.997429656697812,0.997434138039371,0.997437333110161,0.997439190408151,0.997449228295355,0.997456376761665,0.99745703656183,0.997462403353321,0.997471722856734,0.997473760423202,0.99747708788388,0.997482122627272,0.997495307633909,0.997501259187617,0.997505944752564,0.997507557859174,0.997513693700544,0.997517965203472,0.997521313835638,0.997523636320487,0.997535540056492,0.997541859930211,0.997549494965154,0.997550363874085,0.997551059570289,0.997551364451028,0.997560730133551,0.997565858815033,0.997580091717334,0.997587624335693,0.997589141925977,0.997590140712303,0.997592882366692,0.997597318339703,0.997600645256627,0.997602257843419,0.997605896816643,0.997607708532424,0.997616157706911,0.997618113598221,0.997620126501439,0.997625853909909,0.997630450946976,0.99764104355983,0.997645454799956,0.997649357652228,0.997651338528305,0.997653488985297,0.997654656094826,0.997659963660394,0.997664020132991,0.997664908284831,0.99766728117966,0.997669836779095,0.997675146915512,0.997678589280242,0.997684688246079,0.997688735799578,0.997691396950225,0.99769423142797,0.99770108308038,0.997701231999655,0.997704696005662,0.997712996687897,0.997716786760115,0.997729865408781,0.997731768989842,0.997735145308313,0.997746620410732,0.997748418510542,0.997752057089032,0.997753766915087,0.997754985243143,0.997762241522531,0.997764807435065,0.997767952525123,0.997770941463388,0.997773604236044,0.997774288397824,0.997777999518419,0.997779195079595,0.997779743940148,0.997782210782476,0.997784865312435,0.997786723470903,0.99779161182865,0.997793357263815,0.997797026665303,0.997798595467386,0.997803616276123,0.997806893034819,0.997809063824818,0.997812836179755,0.997818214263149,0.997820498441786,0.997826917487707,0.997832086379092,0.997835358402005,0.99783844237502,0.997839319751987,0.997843802826767,0.997844391542264,0.997854511139426,0.997856222733715,0.997858112071116,0.997858288675193,0.997864619118425,0.997866145839497,0.997866644355123,0.997874293554528,0.997874808524657,0.997882277169734,0.997883340544308,0.997886692654997,0.997889466468401,0.997890440962001,0.997895273534609,0.997897781930632,0.997900103688631,0.997902334831499,0.997905090887466,0.997905856162629,0.997909438387601,0.997911007277465,0.997918498586291,0.997920163517174,0.997921709458757,0.997922440780208,0.997925799750989,0.997929220879216,0.997931624980452,0.997934295524215,0.997938241691416,0.997940686648902,0.997941474389076,0.997943106194625,0.997943483389655,0.997948871519039,0.997949728777023,0.997950471391993,0.997950792201971,0.997952668518216,0.997956252182767,0.997957317228306,0.997960733497383,0.9979616586279,0.997962359755027,0.99796362594599,0.997965064646846,0.997966044718211,0.997966851833376
0.57183016154483,0.58139744264016,0.586743021204542,0.60059718856672,0.61662223345345,0.625520214832507,0.639095021711899,0.644193744840165,0.645485069743538,0.647659189019756,0.654785339093063,0.696378197234838,0.701342472654187,0.705906154509127,0.778602459622102,0.806005036959308,0.813778452591121,0.821672304599438,0.847862473044131,0.857087925894657,0.868278011393379,0.88503275929316,0.889799652542374,0.892427944755909,0.895548555594696,0.898595564518432,0.90397365371475,0.907708353180179,0.910382510517522,0.913551460972015,0.916984963525539,0.917812508221481,0.920840228792046,0.921950121406564,0.923379116841112,0.924955091863793,0.926757903165745,0.928189524891364,0.929378571621507,0.929855119185776,0.931148840969151,0.932187410345269,0.933565722753131,0.933949372844332,0.935567468677651,0.936690174604974,0.937452452978789,0.938025670180429,0.938353530839101,0.938765258919062,0.939288605877589,0.939626949646297,0.940267679938425,0.940611669864522,0.940965280793885,0.941537931536365,0.941641484510347,0.942076891342758,0.942576244670668,0.942889521632025,0.943126991963258,0.943416646772967,0.943816487187551,0.944170513111324,0.944433119649514,0.944685031252523,0.944923616996504,0.945334113755859,0.945767104271754,0.946282063463602,0.947056266453009,0.947317112457521,0.947597513955504,0.94771231597894,0.94799145846611,0.948249397631102,0.948472160071044,0.94885780333986,0.94902780066409,0.949186834506009,0.949320046532856,0.949452645799795,0.949824533467339,0.949994569993553,0.950114202028657,0.950210864718583,0.95036883614504,0.950477068509521,0.950649218782202,0.950785244408296,0.950886664653797,0.950966551971112,0.95103847542347,0.951144104722539,0.951192631611136,0.951294275516248,0.95137154163112,0.951493982411604,0.951548705005175,0.951596496053375,0.95164689045065,0.951726727805721,0.951780176295746,0.951857649648527,0.951926808318232,0.952017668303045,0.95206364505994,0.952092925563427,0.952135412620519,0.953141173390852,0.95321430458698,0.953296900816626,0.953362752018794,0.95337967399481,0.953441027330678,0.953463269665188,0.953530165319485,0.953542718751449,0.953561673448723,0.953614529449864,0.953628091085252,0.953642746643324,0.953727303127418,0.953765911368737,0.953836171416836,0.95385752929191,0.953898890592584,0.953954720779001,0.954002575040151,0.954046889041139,0.954104821939938,0.954151843715932,0.954211004729554,0.954261641749572,0.954282132172224,0.954295497113318,0.954365377904467,0.954469615457674,0.954495490115,0.954536642205442,0.954571384916316,0.954593220076051,0.954623769898188,0.954639557358919,0.954646965062068,0.954662191581794,0.954681095127734,0.954687267303467,0.954717111133403,0.954734144896123,0.954765853241617,0.954785697929712,0.954838624116101,0.954863997815865,0.954896601731854,0.954951466993874,0.954982991392919,0.955010851322306,0.955051167144971,0.955090648750192,0.955123835165467,0.955148527142376,0.955174840415373,0.955203215342986,0.955225782728562,0.955238400024097,0.95524374460859,0.955268216855261,0.955322425884223,0.955348073558417,0.955390634076303,0.955405811476444,0.955446611965005,0.955455204988183,0.955485069009668,0.955531846981107,0.955556230796093,0.955578597382211,0.955596372380521,0.955608051559579,0.955641057452371,0.955667288122783,0.955680975743681,0.955702593921439,0.955748647375416,0.955754771323585,0.955802543288485,0.955828441946787,0.95583965742964,0.955854451982626,0.955863408543596,0.955871672432095,0.955891168763582,0.955910992313812,0.955922779635001,0.95596211728932,0.95597542732911,0.955992690958438,0.956014768079931,0.956029092163731,0.956040278134665,0.956055150187006,0.956066953755415,0.956076008370182,0.956102047105393,0.956118682268959,0.956139435439735,0.956155162866587,0.956169254250863,0.956181661062826,0.956185862988706,0.956195182155018,0.956211767601721,0.956219271342844,0.956224357713808,0.956241673499392,0.956247364628799,0.956259900590709,0.956272927810115,0.956280958359636,0.95629112111585,0.95630588097109,0.956313827286951,0.956316382928439,0.956325610881818,0.956345991869981,0.956351730100366,0.956364647864945,0.956374843677915,0.956394118359322,0.956404637343296,0.956412525795254,0.95642020607993,0.956431614048052,0.956443613258516,0.956450593821008,0.956458297112796,0.956464386146431,0.956476041695666,0.956486868759506,0.956496501912665,0.956500147322241,0.956504379034602,0.95651048164616,0.956519376335673,0.956527715701515,0.956538207699947,0.956548635288829,0.956566248715876,0.956571829512851,0.956595481433364,0.956601690313223,0.956610622354396,0.956619452933541,0.956632133583222,0.956636643539438,0.956646352503119,0.956650728420655,0.956665932553253,0.956675104992146,0.956682898439922,0.956686119180666,0.956694678407542,0.956700609275903,0.956712651076767,0.956722769450056,0.956735294422533,0.956741070972914,0.956747289156465,0.956752882814637,0.956758977226687,0.956767815977948,0.956769964207361,0.956778827379992,0.956791268735087,0.956796478177397,0.956799394431648,0.956809842116103,0.956832830845861,0.95683507877779,0.9568404283563,0.956842575894022,0.956867814835675,0.956881345999008,0.95690310829426,0.956907814259811,0.956918028201516,0.956922718329256,0.956932280979636,0.95694457628171,0.956952967453527,0.956960491564119,0.956971563021723,0.956982682240143,0.956986748798802,0.956989671944103,0.956994890954495,0.956998169730818,0.957006346111064,0.95701233697793,0.957018718258279,0.95703579092266,0.957044940277266,0.957053103736147,0.95706529814976,0.957072969999516,0.957079749865132,0.957084821132233,0.957095686005142,0.957107139004511,0.957109491120089,0.957113794999327,0.957118835639569,0.95712033761634,0.957129825934517,0.957138408473932,0.957146145912079,0.957148916765153,0.957154075110445,0.9571602538919,0.957161597061402,0.957165303538326,0.957167609685222,0.957174514485532,0.957177267629919,0.957181805749721,0.95718857712785,0.957193896493971,0.957199599402165,0.957207855652602,0.957214316346632,0.957216084539317,0.957220516133258,0.957223941677367,0.957227595664088,0.957229143028457,0.957238096240103,0.957245095868669,0.957249979797453,0.957254201625219,0.957257420286979,0.957261147788907,0.957267482088998,0.957272589375625,0.95727498927325,0.957280260998192,0.957283461156622,0.957286013124767,0.957288836924357,0.957294143582946,0.957294967521322,0.957298759296741,0.957304916790344,0.957308231516255,0.957311537462866,0.957312548220532,0.957315346699598,0.957320034804223,0.957322091840267,0.957326266054378,0.957329259762037,0.95733166023135,0.957333826679768,0.95733678791319,0.957340452657462,0.957342434582403,0.957343598275855,0.957346116278346,0.957347545204774,0.957349054089789,0.957351879094,0.95735396619341,0.957356041933462,0.957358713524805,0.957359669528851,0.957367122222441,0.957369351897628,0.957372299271304,0.957375159130479,0.957376993491064,0.95737968614549,0.957381114734253,0.957385180562817,0.957387176412741,0.957393071783524,0.957396551399671,0.957399911555585,0.957402393460118,0.957404098326102,0.957406316567364,0.95740776003346,0.957410836376577,0.957412037859835,0.957413401819885,0.95741592927878,0.957417587328028,0.957418057046401,0.957420451775768,0.957427450196388,0.957428941705923,0.957431861324848,0.95743439921766,0.957438075917236,0.957439514292465,0.957440666573544,0.957442995017815,0.957444692367208,0.957447136946187,0.95745150381968,0.957454582760232,0.957457107576882,0.957457951908252,0.957460017333928,0.957461774500904,0.957462937370161,0.957463779102635,0.957468002580188,0.957469990730278,0.957471479967069,0.957473130608451,0.957474795168943,0.957475728573531,0.95747706289706,0.95748040171299,0.957481949647829,0.957489051444408,0.957492202752468,0.95749400524887,0.957497731187942,0.957501404625669,0.95750316475302,0.957503665856291,0.957506284930102,0.957512395274928,0.957513546668463,0.957516209314942,0.957518208386146,0.957519528604906,0.957522251668393,0.957522858713782,0.957525069070283,0.957528986921622,0.957529639046456,0.957532500975066,0.957537574083727,0.957539257119523,0.957542903397296,0.957544829525234,0.95754544565382,0.957548198910095,0.957551712887263,0.957552873765536,0.957557644424886,0.957559204583295,0.957560644068256,0.957561646722768,0.957564499587473,0.957565829669436,0.957569895207611,0.95757097211357,0.957574415495981,0.957576521237385,0.957579178409851,0.957582137769375,0.957584274869765,0.957588026734465,0.957594539221488,0.957595771677015,0.957597407947887,0.957600146449918,0.957601605915893,0.957601938869815,0.957602412030608,0.957604215560218,0.957606123250524,0.957607739949728,0.957608807656827,0.957610839473544,0.95761320700404,0.957615098094776,0.957616721113054,0.957618010938033,0.957620092350975,0.957623358803828,0.957626622852661,0.957630302477907,0.957632908685136,0.957633379213346,0.957634710603449,0.9576364448773,0.957640118607777,0.957643281554075,0.957645171591863,0.957647186088685,0.957648828236486,0.957651117011326,0.957656367757307,0.957657504801257,0.95765942641747,0.95766077660898
0.468617375045449,0.57192243326077,0.57810249390112,0.589437956350208,0.65236627944366,0.711689234259931,0.728455680623098,0.730825409263606,0.755012978176099,0.755483005079192,0.764741445536312,0.786433978047179,0.797982298302996,0.816963887453972,0.820592595287263,0.823769608975861,0.826112035446257,0.83049391774153,0.842718867545747,0.848784623574187,0.881392973171445,0.883255240730746,0.888846241905488,0.894147701485929,0.90695934319253,0.91052990551074,0.913222967847541,0.915736687585541,0.919315853709752,0.920754472710179,0.924266418879232,0.929727671275686,0.932454668355267,0.936329577147813,0.939209731955171,0.94033237168404,0.941569965921188,0.942277739228234,0.943120305566834,0.944011246159537,0.945142542747771,0.946027672142272,0.946741136616055,0.947400379726584,0.950617850275079,0.950963224245539,0.951317043192118,0.952019149089209,0.952504793832128,0.953080624491799,0.95352692609527,0.954006066667512,0.954243612992481,0.954516113948339,0.954717022589462,0.954962539114827,0.955875664313475,0.956551295488564,0.956966548443323,0.957174982387413,0.957450674202732,0.957582914876999,0.958293704706915,0.958754179263025,0.958872772265928,0.959319603373372,0.959541496586973,0.959655089865978,0.959761079026702,0.960260090299712,0.960412926011917,0.960490110998945,0.960575480917307,0.960698057912868,0.960845857400504,0.960947997775338,0.961092479232003,0.961212223387425,0.961371694836225,0.961430314496101,0.961507636244172,0.961645216413004,0.961731045425141,0.961787917289547,0.962037433875661,0.962147977598616,0.962292116618662,0.962365417954491,0.962425316944003,0.96251801774304,0.962599149210434,0.962678048202916,0.962770521897344,0.962878401589367,0.962929214549145,0.963295348106042,0.963321943730403,0.963375611748535,0.963409136490239,0.963459351580422,0.963482737808946,0.963560987999275,0.963627902178546,0.963703231736163,0.963727127880737,0.963799956598152,0.963827880236306,0.963868967655538,0.963959487859063,0.964013733722187,0.964100978472813,0.964153181115796,0.964183573115639,0.964235933941888,0.964284168676848,0.964302426467107,0.964339933139631,0.964355465059825,0.964403601400357,0.964427666191035,0.96446822930669,0.964526246749198,0.964553804384628,0.964588952282311,0.964624432891659,0.964654695853402,0.964683086734617,0.964705934956145,0.964788651675822,0.964826110881855,0.965102462930302,0.965117979994245,0.965131061329824,0.965174011697713,0.96520284976726,0.965227415214538,0.96525017260829,0.965288003085596,0.965303776451643,0.965320054824197,0.965339618220693,0.965356636176338,0.965383074767578,0.96540208895973,0.96540631861065,0.965417424084732,0.965446330880331,0.965473889262553,0.965491700125218,0.965526102694755,0.965550789572719,0.965554144572063,0.965569889096077,0.965594593797019,0.965604987413202,0.965615128176274,0.965638848437218,0.96564273716414,0.965660943828185,0.965676917224927,0.965691677413513,0.965701758503422,0.965722041197487,0.965730825711424,0.965742395841461,0.965754834860925,0.965774385978182,0.965788528462249,0.965794784740628,0.965807368878298,0.965824219934126,0.965836779640195,0.965851041484779,0.965859752833838,0.965863803066822,0.965870367657114,0.965875522966129,0.965881939375222,0.96590298556787,0.965911663551955,0.965924252364041,0.965937921653498,0.96594990356882,0.965953377497442,0.965961034507996,0.965964948211471,0.965977099594923,0.965986639584997,0.965998023797701,0.966032148077547,0.966040541095259,0.966054568508979,0.966062943293689,0.966089906664884,0.966095404662554,0.966114525113618,0.966125714875218,0.966128772041056,0.966134097229187,0.966149421860027,0.966154108919577,0.966161827958131,0.966169171693253,0.96617805675868,0.966188841828568,0.96619381575604,0.966208560727536,0.966216036358547,0.966220421731769,0.966233046652603,0.966239952526662,0.966247915742719,0.966254281136169,0.966259248591272,0.966265546759555,0.966305493345666,0.966319429097655,0.966328510737055,0.966339398233283,0.966340144373273,0.966345339170134,0.966354556476538,0.966356287591354,0.966362254271975,0.966368560081214,0.9663766811133,0.966385619161769,0.966395987610597,0.966400558229171,0.966407283212328,0.966410170086084,0.966416501408837,0.966421056677555,0.96642746007707,0.966434201170373,0.966490504305308,0.966494936734505,0.966498804538974,0.96650172463262,0.966504226224497,0.966510193155345,0.966523013463913,0.966526196286993,0.966529489582379,0.966542038361485,0.966544968824076,0.966550892562721,0.96656060180325,0.966570328240145,0.966573158375976,0.966576567264345,0.966578295426908,0.966582024781182,0.966585088938094,0.966590490658333,0.966594556314803,0.966597737089098,0.966601042610401,0.966604032924396,0.966616091720905,0.966637651996361,0.966641461929757,0.966644745917385,0.96664759705051,0.966650322038715,0.966652361644666,0.966657596746632,0.966660391816229,0.966664308969599,0.966668721653358,0.966669786311725,0.966675664826031,0.966677219913709,0.966678325797047,0.966680702508819,0.966683064466383,0.966685553023607,0.966686886361339,0.966691725018582,0.966695325036989,0.966700955996347,0.966708332134788,0.966714984733515,0.966718269590705,0.966722642627329,0.966724901858562,0.966728014438233,0.966732875534823,0.966734249288628,0.966735932382816,0.966737490723851,0.966741162750653,0.966745290940954,0.966752408139647,0.96675624873853,0.966758329550252,0.966761451965872,0.966769340524924,0.966770001579029,0.966771679786557,0.966772378935581,0.966778868740047,0.966794945735855,0.966798469714462,0.966799352340246,0.966801583199489,0.966803034847424,0.966806546709259,0.966809435691203,0.966812897045916,0.966814592477785,0.966816853051144,0.966820763691162,0.966826130724541,0.96682807261913,0.966833209626082,0.966836117377681,0.966839308554701,0.966862631193212,0.966865301573329,0.966872941653076,0.966873828611606,0.966894892127004,0.966896249498356,0.966901100092053,0.966903901873468,0.966905514435251,0.966905860932472,0.966910287496446,0.966913312780313,0.966914911710517,0.966919256032531,0.966926807520172,0.96693056297354,0.966963735771941,0.966967919456076,0.966969646545463,0.96697128536929,0.966973070921013,0.966974453858532,0.966976172625653,0.966977125729564,0.966981974184952,0.96698326022114,0.966989616718441,0.966994458274705,0.966998935928972,0.967000276534992,0.967003766136262,0.967009448995242,0.967010980184842,0.96701232264021,0.967015965165599,0.967017990521605,0.9670205471505,0.967024672250114,0.967031992206155,0.967033343743551,0.967037128004421,0.967038617801628,0.967049099348019,0.967054283464339,0.967063262832169,0.967063864535227,0.967065340439943,0.967070693730793,0.967076062805618,0.967080444104556,0.967085828713535,0.967092074841406,0.967093224632828,0.967094785258688,0.967096879627621,0.967102157768353,0.967104436991016,0.967105765350388,0.967107855132421,0.967109023682689,0.967110842457531,0.96711417618391,0.967116319599585,0.967119256398807,0.967122873154933,0.967132773430096,0.967135987080338,0.967137537020444,0.967140913583251,0.967147079903776,0.967150028099556,0.967154557873546,0.967161816926929,0.967162821667441,0.967166011465616,0.967168096881895,0.96717149166245,0.967175472063755,0.967177614672949,0.967179629819839,0.967180885742905,0.967182306964781,0.967188066321392,0.967189075573619,0.967193006695275,0.967195597041661,0.967197922728957,0.967199614503446,0.967201571149054,0.967202078035075,0.967202698894434,0.96720434591534,0.967208472115939,0.967209792061701,0.967212917314628,0.96721523830844,0.967217140736601,0.967227768193267,0.967230067212771,0.96723181212048,0.967237620052859,0.96723888778733,0.967242259408114,0.967243472607797,0.967243619661955,0.967245570424284,0.967248286355338,0.967253817741932,0.967254167850524,0.96725417583276,0.967256321872524,0.967258333713395,0.967260341993429,0.967263089724036,0.967266444235643,0.967268222361597,0.967272502484747,0.967274357893518,0.967275548178178,0.967276339774743,0.967279578203732,0.967281563413464,0.967286280864871,0.967287375200324,0.967290162558712,0.967290641164173,0.967293066565888,0.96729906686799,0.967303168540579,0.967305735188656,0.967307224414366,0.967312846991479,0.967315409190252,0.967316520551374,0.967320000152257,0.96732354658431,0.967326110350887,0.967327734504656,0.967333279750378,0.967335233120295,0.9673371750792,0.967339570274611,0.96734161537413,0.96734246225639,0.967345000405137,0.96734740719041,0.967354177216119,0.967356479455804,0.967360073314964,0.967362485598773,0.967363448854142,0.967366351991714,0.967366889592013,0.967367873495676,0.967368760156163,0.967369193831325,0.967370562430581,0.967372039935724,0.967377279286177,0.96737750432455,0.967378737168035,0.967379002672334,0.967380765058972,0.96738104720463,0.967382835733357,0.967384238457191,0.967386435459284,0.967387824267689,0.967390480610767,0.967392648795438,0.967393000149933,0.967395365861794,0.967396385720712,0.967397358239245,0.967398624232689,0.967402159797953,0.967403119752372,0.967404217337306,0.967405856860028,0.967409275866403,0.967410116073918,0.967411306963769
0.480901881990996,0.528284402556486,0.56749729841512,0.603413701593666,0.659249151814611,0.68037880061165,0.687193544593093,0.695825880533506,0.708639840313584,0.716577029139418,0.726389300022675,0.745369774082379,0.752183730544512,0.758772902643748,0.784096246696633,0.791857087494283,0.798286339056135,0.801176503662383,0.81958898449256,0.836672923945679,0.842603309307068,0.860661596569651,0.861613294234327,0.862922482917653,0.867504484301777,0.868424946228171,0.86973596526437,0.873031597665049,0.874973206556596,0.897856690604403,0.903740099291198,0.911079483626454,0.914372052125372,0.917157573803392,0.919118511112809,0.919677078186517,0.920637377031233,0.921624143194556,0.922081196510891,0.922934250821005,0.923245095112374,0.923607805315739,0.930025414214178,0.931677854793507,0.932184316133181,0.932665440659751,0.93311735911742,0.934878431968971,0.935492746639505,0.936724059374606,0.937649862933692,0.937826765386328,0.938388266620861,0.939026830340657,0.940472084433289,0.940646636371578,0.941065001264569,0.941408079737648,0.941736443817363,0.941877492981041,0.942039701869629,0.942616679631076,0.943357798808965,0.944595389643233,0.945182353327814,0.946003796039188,0.946225116336287,0.947737663268874,0.947951659322962,0.948308379490055,0.951403955102406,0.951859860797768,0.952988387162632,0.953554233702215,0.954009231665162,0.954578246084944,0.955268372732863,0.955729000810219,0.956248858689999,0.956331677827343,0.956739745368569,0.956944096819386,0.957658254876285,0.957900281553584,0.958109025013674,0.958395832195896,0.958693044487311,0.959005234944181,0.959511695786545,0.960537026915752,0.960931242970673,0.962342800918937,0.962954589198597,0.963360189662143,0.963566345102231,0.963842731433445,0.963993450050726,0.964183540493201,0.965489751962687,0.966065627121951,0.966196321570807,0.967455279724924,0.968032291036467,0.968753640900326,0.969050500712718,0.969594563264493,0.970070215087957,0.970557959601826,0.970887315733124,0.971208904116442,0.971356838886941,0.971899544977264,0.97204619156395,0.972461119198461,0.972721759242488,0.973076574985254,0.973475800142519,0.973748900206675,0.973871759513129,0.974161157260093,0.974615771899981,0.974941719298815,0.975084085191437,0.975288192967251,0.975702850129,0.975828485061143,0.97625875583767,0.976552893399035,0.97667674250343,0.976781111243281,0.977054272161294,0.977188671035478,0.977725660868059,0.977843869642062,0.977915617825632,0.978287841726415,0.978826580490411,0.97897079849183,0.97904551523206,0.979386136327995,0.979546696021188,0.979699357100672,0.979741762457885,0.979793943458999,0.979929868437678,0.979997177412955,0.98010534522128,0.980383445446529,0.980552276255303,0.980674599881682,0.980811904193564,0.980876710396088,0.9809782946151,0.981157933865646,0.98121284951016,0.981308994210511,0.981416483228683,0.981541563011746,0.981611431720043,0.981695684571094,0.981802832040419,0.981826003496984,0.981972149134553,0.982107266671636,0.982178365237846,0.982243679021927,0.98227227185325,0.982294204157951,0.982498307275788,0.9825665886347,0.982667317122454,0.982696317562076,0.982739421999751,0.982771580705809,0.982806200700646,0.982850917935589,0.982903648478731,0.982914095402284,0.983029698745541,0.983064078826198,0.983103576177488,0.983132123667114,0.983237014847733,0.983435500137268,0.983554286009708,0.983619781381332,0.983638216566542,0.983663053175979,0.983736947983878,0.983763540239625,0.983790916362059,0.983890014605007,0.984143510804275,0.984242853072862,0.984292158711831,0.984331027529165,0.984380714300823,0.984434373993436,0.984467188376147,0.984527694479201,0.984572009496159,0.984603258258472,0.984704555564395,0.984800091424964,0.984809179069014,0.984834751705415,0.984875597648295,0.984907460239521,0.984954558759551,0.984966147676134,0.985179602992076,0.985202862708632,0.985235358284398,0.985270356751965,0.985282338464699,0.985317791983863,0.985359952578134,0.985365430545589,0.985387013416355,0.985389937619933,0.985413558644994,0.98545319826752,0.985497155199075,0.985504415759483,0.98556820406337,0.985583955998735,0.985615896231955,0.985623686779058,0.985648314307771,0.985685552695016,0.98569585237745,0.985739905326337,0.985800646598679,0.98581628625098,0.985863412858919,0.985877324749782,0.985880131644762,0.98591446519826,0.98593563341385,0.985952517003676,0.985999707080775,0.986015987312075,0.986019597356821,0.986048804670119,0.986067339044939,0.98610794279656,0.986118220638202,0.986139968859518,0.986158704768801,0.986179321213292,0.986197396344169,0.986204753199822,0.986215992185189,0.986222093089334,0.986238240810035,0.986255242133036,0.986260657817473,0.986287506620754,0.986313359444384,0.986339816041445,0.986362531109611,0.986371064063716,0.986377718806987,0.986393511864642,0.986402973737081,0.986408175224624,0.986432563783278,0.986434049431037,0.986447361510332,0.986453748129169,0.986479506071146,0.986484538965179,0.986494994018113,0.986498405564681,0.986590643927622,0.986599079868418,0.986604507810356,0.986620779037413,0.986630586131125,0.986632585495835,0.986644719292974,0.986666572643108,0.986669549758642,0.98668214689076,0.986713427508888,0.986727604030621,0.986741343632168,0.986760327338083,0.986776110524245,0.986781171085276,0.986786036091645,0.986797721870946,0.986801895465047,0.986809306219457,0.986810193133544,0.986816513970404,0.986820425164312,0.986829472670893,0.986834794650184,0.986852001286123,0.986864228445152,0.986867581531898,0.986881718509943,0.98689384039661,0.986903280175072,0.986915618461997,0.986921604305985,0.986936869826955,0.986941611963966,0.986956710678448,0.986961404465315,0.98697489738452,0.986980919326139,0.9869885930915,0.986989089123938,0.986999405483961,0.987004221508831,0.987011564406576,0.987019084349985,0.987033858460882,0.987039435291793,0.98704968166423,0.987059630557205,0.987062775370134,0.987063522973463,0.987066137701994,0.987071835392292,0.987076471677821,0.987081401061634,0.987093491140123,0.987096672585433,0.987105538929784,0.987109639264106,0.987110396086773,0.987112697517839,0.987121159671543,0.987131971953392,0.987136378634441,0.987138464669103,0.987143493404724,0.9871553139541,0.98715827752355,0.987163501554384,0.987167749336899,0.987177626413271,0.987181392146076,0.987184975498458,0.98718978449273,0.987192953887732,0.987200673321519,0.987206782626431,0.987210226172491,0.987215282506066,0.987216848655799,0.987217739422266,0.987221943734856,0.987223259662272,0.987225798062797,0.987228915868935,0.987232530430371,0.987236044596358,0.987238676349592,0.98724653035786,0.987247840429798,0.987254514216461,0.987257018375372,0.987260559610132,0.987265195742135,0.987275878661773,0.987279635468219,0.987282030773309,0.987286601295261,0.987291975781303,0.987295985890632,0.9872990620162,0.987300642520924,0.987303936721002,0.987308106732127,0.987310494616635,0.987314627245937,0.9873184951619,0.987322226837395,0.987328923116221,0.987338066311895,0.987345961047434,0.987347734319907,0.987351159259775,0.987353278251274,0.987356196961936,0.98736325140528,0.987364509356214,0.987367885801915,0.987372294663148,0.987384861917605,0.987390508426787,0.987396286668487,0.987401713136864,0.98740577362299,0.987412738005528,0.987418134411756,0.987423870426531,0.987425428934793,0.987428073890451,0.987430296977412,0.987433860163051,0.987436957913622,0.987439015060941,0.987442743089337,0.987444262296671,0.98744796400134,0.987449304118499,0.987457343330937,0.987461277379793,0.987468643633956,0.987470465549469,0.9874734189585,0.987477846339858,0.98747959064648,0.987483585633404,0.987490575234512,0.987492215378981,0.987495489969673,0.987510329193116,0.987515230752642,0.987526675629157,0.987527025915362,0.987529995389578,0.987536959314725,0.987538991853538,0.987540386548227,0.987553100034458,0.987560317769669,0.987564547742336,0.98756587593585,0.987570905325519,0.987572260607709,0.987573275113912,0.987577305058193,0.987584156221609,0.987588593622601,0.987591766719513,0.987595199059637,0.987595804475267,0.987599219362036,0.987608305696346,0.9876101635985,0.987617221028559,0.987619298895186,0.987622205063705,0.987625003372905,0.987630078145332,0.987632153010151,0.987634081437568,0.987635582925368,0.987642481555121,0.987646587328448,0.987647888351757,0.987661325830569,0.987663052050861,0.987670795586007,0.987672731801747,0.987674590597588,0.987676184695334,0.987680216821781,0.987682172180602,0.987683616891954,0.9876857211122,0.98769274399753,0.987696557433749,0.987698140451398,0.987699238259344,0.987700858959863,0.98770285303052,0.987706878261216,0.987713513920099,0.987720345819976,0.987721439823646,0.987725063090535,0.987726198264754,0.987728729205384,0.987737952628214,0.987741054651016,0.987742359258826,0.987748170532147,0.987749842069028,0.987753546268797,0.987755716292038,0.987759966650332,0.987761495925013,0.987761671385607,0.987767304848341,0.987772940138546,0.98777914810237,0.987782433571278,0.987785248982852,0.987788124955276,0.987792153376761,0.987796018857763,0.987800749302172,0.987802923735655
0.654850058148866,0.669025911682883,0.672409592836223,0.675844396571761,0.679370217964369,0.696435992487172,0.708821586400406,0.715834123832818,0.716840220409904,0.725554713452731,0.737020997837622,0.75315123508049,0.756232351658855,0.756817012446265,0.762509185214695,0.768871479052154,0.780578531057307,0.785329002305271,0.833685855592718,0.84471060877399,0.847221234067223,0.867711180220298,0.88519098029646,0.89117437246351,0.897336293081736,0.901826191373462,0.910845246413821,0.915043385679313,0.919924684939862,0.923152117359036,0.926059535106096,0.927895223595632,0.930412740247629,0.932169324498059,0.933274585369494,0.934735893971406,0.936032798220178,0.936957878465843,0.937832754726938,0.938635336347493,0.939537463593288,0.940032433297134,0.940547841950957,0.941006429156083,0.941617109866778,0.942725025940056,0.943582547840246,0.943962873110328,0.944167562407169,0.945793721987042,0.94638864264286,0.947264327547505,0.948734747291957,0.949555938402048,0.950779711039392,0.95097728939476,0.951615041165451,0.951795002618053,0.952283386044679,0.955450900996734,0.956710613116604,0.958008084464024,0.958431914508165,0.959460613718937,0.96007740668228,0.960845390497412,0.960953226407828,0.962423724783925,0.963255613503055,0.964047602034896,0.964733865323307,0.965241954241171,0.966159353770452,0.966795110182146,0.967164272281981,0.967710135305773,0.969446236012341,0.969821399479806,0.970960378394183,0.971788366608117,0.972523873226243,0.973970825924314,0.974305819356766,0.974721487236925,0.974866032719243,0.975110127690234,0.975403284309991,0.97570846307714,0.975868906690339,0.97600199579958,0.976153906407927,0.976265086922733,0.976427288064552,0.976604658942376,0.976712885092966,0.976939882969833,0.977088379754286,0.977279744894037,0.977420382349856,0.977519802506908,0.977587124003815,0.977661081463891,0.97774207990763,0.977844608970694,0.977921051396958,0.978173121556558,0.978506632271928,0.978620804626683,0.978647228282401,0.97883434268908,0.97888285714591,0.979016622435083,0.979057989207408,0.979147279635305,0.979240903566042,0.979435490039407,0.97970402671688,0.979770759808852,0.9799371299873,0.980050908593782,0.980172455138734,0.980212761055116,0.980252688152955,0.980360228856943,0.980398205418002,0.980463700470388,0.980529596479088,0.980582274451149,0.980607865826294,0.980750934844385,0.980841993454981,0.980904757747339,0.980955171474833,0.980976820223646,0.981097713477016,0.981130677116235,0.981163753821416,0.981282139143553,0.981398597803554,0.981489645285551,0.981624253853649,0.981692685317955,0.981746357673789,0.981781304942578,0.981926037058615,0.982027732122713,0.982160768091801,0.982471923041017,0.982500476477756,0.982559589058596,0.98259933779181,0.98262574350373,0.982663388120023,0.982711812719562,0.98273373838752,0.982878630682924,0.982906158703449,0.982929943786979,0.982969817494974,0.982999301075825,0.983031513163412,0.983040013842768,0.983079879667998,0.983105902416102,0.983117662317938,0.983140238242915,0.983145591898446,0.983166513131374,0.983189304748119,0.983240084814124,0.983253915508288,0.983287219860308,0.983336103959355,0.983369246642787,0.983464319401565,0.983505961806794,0.983537536166199,0.983584822534554,0.983604177273485,0.983620327496875,0.983725283317013,0.983791881954715,0.983799872703092,0.98380420886037,0.983825376844705,0.983863136420189,0.983915985349977,0.983924564932666,0.983954171718054,0.983972387339468,0.98417027715992,0.984194498910296,0.984222482390385,0.984231356291689,0.984245905928415,0.98425087586726,0.984277213650912,0.984295882431602,0.984318803597498,0.984323379851033,0.984377888357784,0.98439755159837,0.984405388079425,0.984407887860514,0.984439331345464,0.984447483490318,0.984462151502042,0.984501705960095,0.984517428992224,0.984540858594529,0.984549385511678,0.984565121611896,0.984574002842055,0.984585976280207,0.984609967031541,0.984626738644425,0.984637263138746,0.98465329245248,0.98467944254607,0.984683096989189,0.984705756077369,0.984727049609946,0.98475442958458,0.984767590965606,0.984773366456943,0.984801305915406,0.984811411828289,0.984829602253046,0.98483611758338,0.984848208826975,0.984856241869889,0.984878728072672,0.984893977537004,0.984903155281689,0.984916735449415,0.984939305333644,0.984953654608142,0.984961582184697,0.984982216934428,0.984994795874185,0.985002079699042,0.985007929779255,0.985027830633287,0.985036729910774,0.985037834097449,0.985048040669769,0.985052002215498,0.985064213304009,0.985077940188403,0.985082488123049,0.985088889466833,0.985108467205565,0.985115672356886,0.985129440574793,0.985136081899217,0.985137829107793,0.985152347224217,0.985166446210223,0.985174854735526,0.985188171080108,0.985204360121338,0.985212142073286,0.985231187018004,0.985240699054799,0.985256126530301,0.985278528157913,0.985284575031187,0.985310965062034,0.985326805104304,0.985345045343054,0.985347516764519,0.98534853193784,0.985354212550007,0.985361613464852,0.985368106919798,0.985374937845151,0.985385337886887,0.985403608525119,0.985409141432551,0.98541326550051,0.985414903348837,0.985423375820846,0.985426212488818,0.985430059066983,0.98544233306606,0.985449063573326,0.985462667150025,0.985471085114733,0.985473627708851,0.98549082100855,0.985491497103424,0.985499864589006,0.985515996347811,0.985526073520225,0.98553929273004,0.985548179968519,0.985549630836656,0.985553102143967,0.985562928369711,0.985575698921896,0.985578837409087,0.985580232855333,0.985582898933952,0.985596272790128,0.985607332705838,0.985614669066674,0.985624463942383,0.985628302171105,0.985630664802076,0.985634123832632,0.985635791955572,0.985649657560176,0.985651610688693,0.985661356111656,0.985661806850178,0.98566774974738,0.985670323341473,0.985673998809151,0.985706580497253,0.985713380791858,0.985724677224878,0.985730990459606,0.985736731434497,0.985746247745036,0.985750464722664,0.985755176055874,0.985760397641918,0.985765626357573,0.985767927300713,0.985772997542933,0.985779991851028,0.98578035071269,0.985784664086674,0.985795887455355,0.985800619809993,0.98580653002351,0.985811609862675,0.985814132609267,0.985819921602457,0.985831165548061,0.985838332364516,0.985843314466229,0.985843879390278,0.985851632308568,0.985858206997309,0.985861512102194,0.985864259192689,0.985870338388438,0.98587362222164,0.985879718228006,0.985881007198847,0.985885138262528,0.98588810659675,0.985889072613677,0.985905180982623,0.985914282718759,0.985920052251469,0.985920345825146,0.985926127765665,0.985931636176121,0.985936389230981,0.98593801228288,0.985950158327614,0.985951029378373,0.985954192058108,0.985961139424092,0.985963692397343,0.985969409908148,0.985974172946167,0.985977909110957,0.985985662262834,0.985995346110712,0.986002649773747,0.986007652718806,0.986014075024486,0.986020228540008,0.986021232124681,0.986036225779758,0.986042268701243,0.986044652950879,0.986045653045561,0.986048162476054,0.986053412278922,0.986059982689866,0.986062151708599,0.986065512582097,0.986071297682978,0.986079980569877,0.986084635727212,0.986085493095885,0.986090317959951,0.986093104249992,0.986097982947717,0.986106240196067,0.986107801153649,0.986111348034145,0.986114324189375,0.986116457781126,0.986122640005325,0.986127987111463,0.986128852299024,0.986129780655964,0.986134886188521,0.986138794785829,0.986141508892888,0.986146951557869,0.986147810358133,0.98615511700107,0.986157546145369,0.986159002657701,0.986163529603788,0.986174059523063,0.986175244888986,0.986181399948034,0.986182590753577,0.986189592670876,0.986192629893296,0.986200038086388,0.986201431179869,0.986206522529092,0.986207845585442,0.986213747672297,0.986215593686825,0.986218059342517,0.986219797892698,0.986220575844197,0.986223697037684,0.986224183044012,0.986224717379588,0.986228689251076,0.986233824250264,0.986238367825517,0.986239275221974,0.986240364688138,0.986244684079277,0.986248261718939,0.986250056823625,0.986251360785033,0.986251891817623,0.986252862128576,0.986256315478217,0.986257617959602,0.986262906399825,0.986263362536639,0.986264042763088,0.986268401902064,0.986271453876189,0.986273918728118,0.986277657590555,0.986282412784568,0.986283622211236,0.986285469860446,0.986287122116643,0.986289084467111,0.986291117865241,0.986293807384139,0.986300520542482,0.986301386009673,0.986303828195504,0.986308220676556,0.986309102678469,0.986311049244547,0.986312713790326,0.986315006609811,0.986316869967467,0.986319041593792,0.986319640450484,0.986323779135892,0.986327392458673,0.986330314827321,0.986330774682045,0.986330899709691,0.986332209557892,0.98633468568705,0.986335454154282,0.986336111102385,0.986336504458618,0.986336854333289,0.986340370196403,0.986341160142911,0.986342422432829,0.986343559474181,0.986343559487227,0.986344912049444,0.986346739850409,0.986347847808319,0.986348547037352,0.986349474747076,0.986350027089191,0.986350630277574,0.986354224214279,0.986356081934875,0.986356998842387,0.986358411259328,0.986359018770497,0.986359435297192,0.986360000868627,0.986360553131426,0.986360928904542,0.986364973364452
0.516664195520399,0.565411862581404,0.675027190215295,0.695405355595608,0.696517006743882,0.713572215869881,0.714220130604335,0.725646367655929,0.738235863420264,0.743633851744466,0.762962944004744,0.767734036277515,0.775108361559983,0.819761122935467,0.827573703632895,0.831708073816839,0.836680415432779,0.848498661432282,0.862128697209154,0.887738531622406,0.897586692196172,0.899579057170925,0.902088178798251,0.905683166178411,0.907690848097026,0.910606395220242,0.913128208496631,0.914198559240852,0.918622320500689,0.924575285717471,0.926077972606668,0.929959477050012,0.931920477315644,0.933635668531094,0.936357058099907,0.938007086203505,0.944545320234456,0.945587277116086,0.949398086089691,0.952191565685214,0.953429929300454,0.954361398143185,0.957338120954901,0.959960568929926,0.96140682064164,0.962143139702551,0.962615230992494,0.964070518816041,0.964557179899259,0.965049076510524,0.96550244576752,0.96580623296023,0.966251672877994,0.966900656647087,0.967326111515505,0.967580524857131,0.968263898581878,0.968600106524374,0.968736368769846,0.969089466057307,0.969486830564551,0.970968338112257,0.97138663310172,0.971510141860736,0.97178303350971,0.971923405396805,0.972128124282657,0.972325840225875,0.97246843894163,0.972506065710542,0.972588199299019,0.972798413592695,0.972871221074405,0.972998101198305,0.973063899317876,0.973224304230304,0.973404420153017,0.973866634470283,0.973973340943596,0.974205047015634,0.974306787500249,0.974350397623813,0.974468785545468,0.974675650996507,0.974760344821219,0.97491917586953,0.97500700019368,0.975158031870219,0.97524059925996,0.975440351151623,0.975528100019509,0.975671046164643,0.975783888856573,0.975857022193168,0.975952547082802,0.976005679163829,0.976075606110903,0.976113417022272,0.976251904921214,0.976321101924572,0.976437545356468,0.976543917810728,0.976576086902434,0.976610920050922,0.976630088586492,0.976639899520434,0.976736202194758,0.976823807656751,0.976857510910584,0.976916376367315,0.976953259887875,0.976976312722839,0.977031455685293,0.977080392412931,0.97715827168665,0.977192840070793,0.977233120770101,0.977299895399045,0.977329622788395,0.977368427828318,0.977385099928489,0.977421627422558,0.977466408538083,0.977497860130897,0.977542713627182,0.977581423218999,0.977614846486778,0.97766186369954,0.977674192912707,0.977698165357015,0.977725229515291,0.977745528183081,0.977762549158604,0.977792287691264,0.977835673467057,0.977864514844957,0.977916376033244,0.977959454275007,0.977979790176508,0.978002315724386,0.978026579895762,0.978036634719192,0.978060003390087,0.978094417595211,0.978110334317119,0.978153810811417,0.978170153638968,0.978184065382855,0.978208210090315,0.978241881033025,0.978250622167899,0.978259796609672,0.978271572058311,0.978304227196431,0.978322314330192,0.978346166026431,0.978361058981395,0.978395137598738,0.978421612885757,0.978437763055182,0.978460696644899,0.978481051421977,0.978486493763687,0.978499946146388,0.978508249265355,0.978517988784539,0.97852421914577,0.978539416717345,0.978549597831162,0.978566621109755,0.978586165617117,0.978606368702076,0.978613630689139,0.97862366179923,0.978637954508993,0.978653860199959,0.978659304759737,0.978671717957461,0.978689600872374,0.978708966079426,0.978721114028868,0.978727630324673,0.978742808026143,0.9787487546523,0.978757808035679,0.978763210656426,0.978777046631384,0.978780626568399,0.9788005128339,0.978808338272887,0.978815527006198,0.978851696289853,0.978859769906717,0.978873108300091,0.978878328349905,0.978901880022787,0.978909430959784,0.978918189267531,0.978924665046896,0.97893107466417,0.978940439012776,0.978945075399855,0.978959471798899,0.978962109413189,0.97896805230194,0.978974437224699,0.978982854773015,0.97899237089769,0.979000852675928,0.979009341181836,0.979014683075338,0.979019174984697,0.979035803761674,0.979042966621429,0.979055488836384,0.979071423902359,0.979077369692312,0.979088901823721,0.9791024375161,0.979105228400265,0.979110402952562,0.979119245671423,0.979126858457174,0.979139139175645,0.979144536995223,0.979156600831241,0.979157056249196,0.97916442853362,0.979170676217561,0.979174842119261,0.979177970705423,0.979181404217784,0.979187867793607,0.979195844085648,0.979203260139385,0.979211226690848,0.979216515759056,0.979217952972099,0.979222535905783,0.979225318720319,0.979227667265968,0.979233177052964,0.979236573083734,0.979242252897018,0.979246036821492,0.979261723035801,0.979268171499928,0.979275009026664,0.979283865741502,0.979291202351792,0.979297593244133,0.979309691530849,0.979315517183241,0.979323720960714,0.979329443590195,0.979331495591661,0.979336746609343,0.979338785905093,0.979344029168889,0.979352448020861,0.979355224738629,0.979361011662836,0.979372675442323,0.979375965944376,0.979386545796139,0.9793934813886,0.979396365935035,0.979401457192929,0.97940201759292,0.979405536055965,0.979410467099614,0.979417094792192,0.979420625475024,0.979429879845532,0.97943461271752,0.979436846635921,0.979443662067523,0.979451697930553,0.979454565576285,0.979462410360024,0.979468035945571,0.979476653347595,0.979478402152904,0.979500130184121,0.979506957071513,0.979513936255874,0.979515102980376,0.979516572603828,0.979521271373521,0.979526327852023,0.979532899459547,0.979538893746728,0.97954357343862,0.979547834935181,0.979554285700461,0.979555959571558,0.97956009645663,0.97956285167629,0.979570926111521,0.979577551886635,0.979581402438375,0.979584999867512,0.9795879955922,0.979596259736052,0.979600886444606,0.979604059602184,0.979607864238146,0.97960934681082,0.979611651135716,0.979613867222582,0.979615779811769,0.979617257116242,0.979621576322365,0.97962423304535,0.979629398439593,0.979630113428718,0.979633917881019,0.979640483950097,0.979646096376677,0.979648484424181,0.979650421602309,0.979654397966599,0.979657199056133,0.979660097155985,0.979662582325586,0.97966513927322,0.979672515049465,0.979673439429462,0.979678217379854,0.979682201949521,0.979686963534462,0.979692794577209,0.979698121714427,0.979701174644487,0.979702113568852,0.979703596800319,0.979707317292514,0.979714029837593,0.979714678004154,0.979724578430806,0.979726684764181,0.979731844264014,0.979736568249009,0.97973863308167,0.979742006911717,0.979743569401018,0.979746148470652,0.979747844274773,0.979749207089932,0.979750606554745,0.97975465073271,0.979757721085889,0.979759987352108,0.979762429846785,0.979767877102155,0.979771338983816,0.979774221110165,0.979783107197321,0.979783877419583,0.979787871757764,0.97978983770082,0.97979214321896,0.979793651551779,0.979796715280771,0.979801602158095,0.979808908893254,0.979814302558985,0.97981598256802,0.979821726497154,0.97982552328739,0.979829229848558,0.979834310643383,0.979834825424879,0.979836602653842,0.97983882361818,0.979844370151591,0.979847408529262,0.979852306484177,0.979857404887644,0.979860958128872,0.97986757457563,0.979868718703737,0.979871982369252,0.979875820182342,0.979884306276699,0.97988560747378,0.979888322483928,0.979895897452598,0.979903233099615,0.979906089666603,0.979909516272522,0.979911354663573,0.979912997557159,0.979915761227725,0.979918186218279,0.979922235132168,0.979923696457425,0.979924834084678,0.97992781833473,0.979928209833226,0.979938055684776,0.979941283533699,0.979944468850376,0.979954355289401,0.979957487605812,0.979960277140426,0.979962260264116,0.97996635182236,0.979970277484315,0.979974114349765,0.979975580938221,0.979980897914976,0.979982445233828,0.979986437784065,0.979988638160812,0.97999027100046,0.979993977837215,0.979998268611366,0.980001397009446,0.980005884689146,0.98000865634434,0.980017304043487,0.980019591635254,0.980020504941583,0.980023369169156,0.980025791158866,0.980028491222043,0.980031607059868,0.980033196215601,0.980034838759127,0.980036183946675,0.980037277434726,0.980038847787556,0.980042550139034,0.98004504679726,0.980046730921567,0.980049526013169,0.980051269505193,0.980055463605407,0.980057444418847,0.980059302606854,0.980059596762729,0.980060953569281,0.980061994644273,0.980062496474818,0.980064529914339,0.980065400971179,0.980069276398094,0.980070465764225,0.980070622664478,0.980071713729071,0.980072527792664,0.9800732557141,0.980075013043664,0.98007543413847,0.980079863581052,0.980081385597746,0.980083837137558,0.980084927689392,0.980088234327529,0.980090677754213,0.980091448040597,0.980091847983461,0.980093904613433,0.980095054883478,0.980095345788557,0.980098233389724,0.980099268485543,0.980101469187499,0.980103920805081,0.980106684930967,0.980108123585129,0.980109645630819,0.98011129488302,0.980112427657619,0.980112796650857,0.980113667821471,0.980114761982507,0.980117298157273,0.980120639428368,0.980122456634209,0.980124335491048,0.980125420773036,0.980125762365385,0.980126636280948,0.980128379119438,0.980132872988878,0.980133601777054,0.980134551806981,0.980135266207558,0.980138080869393,0.980139802737041,0.980140192406323,0.980141849677601,0.98014352642435,0.980145592576118,0.980145975066895,0.980149863491441,0.980151091688981,0.980151807200894
0.584847620987364,0.60399063341555,0.606502666304606,0.610925701571613,0.611093284905818,0.636358132750991,0.670660170482312,0.679463737568463,0.681786421731409,0.728485997170469,0.779846559366092,0.800546713128961,0.813579372552522,0.816961528326201,0.84542112795182,0.858151032275078,0.863806695079555,0.87014491838756,0.886010257530232,0.892870595915952,0.89647768961834,0.900802625229346,0.90509674810957,0.908970826919355,0.910659131870117,0.912132646575711,0.917508700166634,0.918544474354966,0.920707341172623,0.922364460956231,0.924207789020408,0.92569249471309,0.926600245320252,0.927482619593318,0.929069623890283,0.929920869115428,0.931743221428111,0.932387327669284,0.933715682383223,0.934474661211177,0.936386916169284,0.937296811738658,0.938209211343844,0.938614936901143,0.94007540130436,0.940536016324966,0.942345444079498,0.942636678957972,0.942942642698878,0.943614346015862,0.944109647760207,0.945790494858008,0.946029527288148,0.946303773673024,0.946827329854393,0.949600128471435,0.949982969963287,0.950989831990592,0.951397114694434,0.951619983105318,0.952484427579229,0.952989430306892,0.953190865883593,0.953835088667809,0.954384411370714,0.95465389524675,0.956488661812759,0.956868637978505,0.957298844215069,0.958598929923607,0.95924500928399,0.959544123063791,0.95991055509523,0.960543085958276,0.960774767177653,0.961144058589937,0.961396743535233,0.961552752113429,0.96261672589326,0.962726768428305,0.963173661134395,0.96341897520639,0.963862683495463,0.965337472586906,0.965831439591502,0.966908048745986,0.967899300010609,0.96864608174772,0.969034531083012,0.969162821917586,0.970567250708839,0.970672008274049,0.970800937640973,0.970933083542309,0.97114681464112,0.971426854862078,0.971600339836273,0.972461566504614,0.972755789871442,0.973536544597237,0.974046386362073,0.974101157955422,0.974222448404865,0.975529140201872,0.975708172896991,0.975990954692622,0.976412792512545,0.976555332105309,0.976696976909964,0.977829245726096,0.978441018138963,0.978529175214483,0.978841921663014,0.978911918951374,0.979040202179441,0.979126602263376,0.979257743030752,0.979649429459122,0.979919888205584,0.980011384677522,0.980469042691752,0.980512180367035,0.980726556320011,0.98120979737804,0.981269858344844,0.981361875852203,0.981511213696784,0.981577755758377,0.981633283346173,0.981928878014551,0.982229134895618,0.982261251052439,0.982439437153802,0.982501990237184,0.982841633042899,0.982889427579021,0.983003654127753,0.983127814208644,0.983198101655294,0.983540049347893,0.983767621073338,0.983820074342924,0.984161262521641,0.98419343952706,0.984229176979198,0.984287545983081,0.984304794793759,0.984370134940035,0.984393962567078,0.98445951395119,0.984669368569065,0.98472483981392,0.984746177305315,0.984760959263599,0.98481563417531,0.984846264827977,0.985333099032547,0.98535681950784,0.985408618721385,0.985438975148542,0.98549090059391,0.985528981715276,0.985553060503751,0.985595581955833,0.985645340017394,0.985686409337746,0.98573950519183,0.985788646451221,0.985819602558486,0.985832866359475,0.98584088974771,0.985863300839383,0.985882454431705,0.985895337738438,0.98594692105855,0.985987863597786,0.986024419555115,0.986050358042766,0.986067633146501,0.986081300773651,0.986192843218819,0.986263055970407,0.986272932705504,0.986304319081428,0.986315730758435,0.986334755695737,0.986344843122279,0.986358133539,0.986375888597198,0.986388633699311,0.98639371979593,0.986405649120653,0.986423912658318,0.986435622149053,0.986436998733425,0.986449608841901,0.986609705923194,0.986640021555104,0.986728742843667,0.986760304607698,0.986782901969794,0.986787742580499,0.986797885875155,0.986810182259783,0.98683767903715,0.986848255437503,0.986855367247593,0.986875796438956,0.986883726273788,0.986904658921243,0.986931194176584,0.98694869784915,0.986970828096869,0.987004152034354,0.987018539383878,0.98703757291471,0.987049580023844,0.987075012763695,0.987104146162092,0.987121048679917,0.987133199531033,0.987158889586361,0.987178518615366,0.987219882140572,0.987225138064749,0.987229515307634,0.987239550205274,0.987242388022815,0.987244951092937,0.987256934980206,0.987266672222407,0.987289080639642,0.987304077079955,0.987309772999726,0.98732739853317,0.987360903537434,0.987371569273425,0.987383732005529,0.98739283191266,0.987399337548284,0.987407184086418,0.987414867413677,0.987422187828952,0.987522947983628,0.98752751627215,0.987533571115603,0.987541908242059,0.987544088725608,0.987551184649498,0.987558252543309,0.987567261094177,0.987578635663471,0.987591273460588,0.987606051079693,0.987612422306955,0.987619265205726,0.987626286047397,0.987647895696877,0.987659067282388,0.987662633883315,0.987671119532574,0.987682892816111,0.987690521137772,0.98770109265064,0.987701801646245,0.98772074124855,0.987731328282748,0.987736728457928,0.987744020104237,0.987749272346507,0.987752596296064,0.987755596180695,0.987759849981447,0.987760909416144,0.98777438753439,0.987784335893335,0.987790422019757,0.987799257248947,0.987813502916229,0.987820304506275,0.987831309098798,0.987833313111891,0.987834260797626,0.987841392123543,0.987845340454767,0.987853250380095,0.987858325988628,0.987867225491274,0.987877612767368,0.98788905794942,0.987892061399442,0.987906375109869,0.98791911369985,0.987927612961661,0.987934845114675,0.987977827530429,0.987981749561484,0.987992908715735,0.987998854753336,0.988008720958947,0.988017285163622,0.988026855067998,0.988030890243483,0.988034763043772,0.988042674881253,0.988054980345579,0.988063732402207,0.988068000270758,0.988077467872596,0.988144408297263,0.988151738651023,0.988153460638627,0.988155435968463,0.988165177721122,0.988174011255585,0.98817772257236,0.988186678710193,0.988188304009203,0.988199562091526,0.988204334033994,0.988205110942415,0.988236759423662,0.988242926432218,0.988248356202315,0.988253174893369,0.988259050623777,0.988260999926146,0.988266097205776,0.988271181606013,0.98828042931467,0.988283381065364,0.988292507200143,0.988302196748355,0.988308873514496,0.988311067530081,0.988319549318353,0.988324391042237,0.988329216977561,0.988336336905981,0.988347531491084,0.98835866773269,0.988364003879171,0.988368333261705,0.988372398415903,0.988377567370914,0.988384130393549,0.988395265214292,0.98840104670428,0.988408213054506,0.988412475284665,0.988416974988723,0.988418528467366,0.98841937021576,0.988423505338828,0.988431124385647,0.988432415172892,0.988437229539416,0.988439233744288,0.988441781279574,0.988443675947023,0.988453450489048,0.988459669789041,0.98846853662725,0.988472945061694,0.988476056666893,0.98848300520806,0.988486097372978,0.988487051285817,0.988494204224978,0.988498385689847,0.988498932829633,0.988505679085012,0.988511530416137,0.988513892302655,0.988518026209938,0.988518786509436,0.988523084258732,0.988526333073467,0.988532387746975,0.988533812356007,0.988538144129492,0.988538910212532,0.988547946519427,0.988550854304591,0.988553225402365,0.988564080512628,0.988568965316257,0.988573530793102,0.988577325425662,0.988580446610228,0.988583551725145,0.988585877251612,0.988592345114069,0.988592837594585,0.988596520964551,0.988601170762298,0.988602927712321,0.988605882862444,0.988609388026077,0.988611155541154,0.988619218534869,0.988622705047644,0.98862361391201,0.9886294582499,0.988630354218488,0.988632547873541,0.988637791206236,0.988642211006394,0.988644199867222,0.988647723958544,0.988651326359433,0.988654352871445,0.988657187118695,0.988660013921589,0.988661620204696,0.98866373847747,0.988668173582798,0.98866967894598,0.988672847374557,0.988675190409604,0.988676403515795,0.988680906003286,0.988683800894325,0.988685466809893,0.988686774943854,0.988688468184407,0.988690564510869,0.988691108128836,0.98869393451486,0.988694091042065,0.988697969675267,0.988701341307771,0.988702635458277,0.988703097782719,0.988710497320286,0.988712338796729,0.988713929186563,0.988716191361746,0.988722643029281,0.988724344938683,0.988724799955217,0.988727951968607,0.988732474334564,0.988732754326826,0.988738334949816,0.988742562276663,0.988750270153145,0.988753151262189,0.988755261615082,0.988756870418772,0.98875942855698,0.988760758592171,0.988761616760468,0.988763738202471,0.988768049708792,0.98877048217774,0.988773436629094,0.98877577313959,0.988780932554228,0.988782680773542,0.988785542948817,0.988787348762262,0.988791370455222,0.988791583871494,0.988792960469337,0.988795242910957,0.988803261637444,0.988807135423813,0.988811171474301,0.988812793309815,0.988815257955609,0.988816058837575,0.988816885358782,0.988822459867704,0.98882361193504,0.988824443460051,0.988827957914623,0.988828880126342,0.98882921622493,0.988830924735477,0.988832023889208,0.988835117104874,0.988838342211915,0.988848174889864,0.988850786840072,0.988853944049476,0.988855693210267,0.988860904196303,0.98886342404849,0.988863798142328,0.988864851670767,0.98886783804167,0.988869825105131,0.988870496082154,0.988873953059214,0.988878735061371,0.988882687304099,0.988884804663559,0.98889071873543,0.988895031125134
0.500644690700834,0.538165474353204,0.575779321209556,0.579688697895506,0.595546600828038,0.637673072696783,0.677001242465009,0.731770253916824,0.738191006097024,0.739990461452212,0.745247269068409,0.76924613132573,0.785918025838681,0.788524538877797,0.81206127009938,0.813918882507898,0.823054203868751,0.82494360851009,0.864338748448418,0.890038725549543,0.893676058351873,0.897869419669039,0.898175653516587,0.900910300470609,0.907975707577706,0.914632375690953,0.917827653627015,0.920406811586266,0.921381874764933,0.92501640222589,0.92735571532254,0.93041758699931,0.931871335261558,0.93426597260962,0.935437577578699,0.936556271041257,0.939955273308335,0.941055461460026,0.941891410248121,0.942569024827524,0.943618536147245,0.943993579744414,0.945021718940387,0.945362396805097,0.946959214988686,0.947490018445362,0.948611218466506,0.949007793471978,0.950006614891572,0.950856852815385,0.951454047829611,0.951945022170623,0.953343129218535,0.954231790315132,0.955236075728392,0.956332551079797,0.956976214704129,0.958142093524609,0.959636919222688,0.960197346904443,0.960683042257463,0.961078460197394,0.961619253092116,0.961823643632217,0.963324433847734,0.963892964365538,0.964284026864265,0.964619761180848,0.965060745206089,0.965511479518781,0.965942417140456,0.96622198279091,0.967762801165595,0.968122597130049,0.968522555043034,0.968741124253503,0.969110778608224,0.969491395823682,0.969738235009921,0.970005495657064,0.97027776437922,0.970737497602595,0.971069552202838,0.971310346182249,0.971450180616325,0.971627529653116,0.97186753620262,0.972060678432908,0.972249784305023,0.972343091471068,0.972704287771209,0.972833080660881,0.973171349576567,0.973312374833128,0.973608344692659,0.973797947710868,0.973940616000564,0.974084321525105,0.974197403274921,0.974388239781647,0.974442448056282,0.974570910365128,0.974657256264901,0.974735374431366,0.974895826419201,0.974979231630236,0.975091583237337,0.975222197781687,0.97526321398441,0.975336484262154,0.975378250209346,0.97545150082979,0.975513560165963,0.975606022296766,0.975663857791892,0.975992815109484,0.976057912968986,0.976102744250697,0.976132309332907,0.976185536344297,0.97626897648737,0.976311006365405,0.976350385066499,0.976420545648909,0.976514301862088,0.976539976609071,0.976561820058741,0.976602908018956,0.97664875379826,0.976684712645157,0.976750303095804,0.976766289449604,0.97684940561478,0.976874629494337,0.976898039654804,0.976918983646557,0.976972677565779,0.976999146779521,0.977027705077682,0.977050109008836,0.977061753333212,0.977085225636864,0.977115895462038,0.977147767197618,0.977159504989671,0.977172115170395,0.977193857148176,0.977221321173488,0.977244239900503,0.977269097076408,0.97730098141577,0.977326366987341,0.977388017188064,0.977431934216666,0.977444430855826,0.97748231655532,0.977494782460173,0.977529307021991,0.977535682635285,0.977548707066352,0.977579571318588,0.97761714706634,0.97764412198884,0.977658258951346,0.977679148800463,0.977696540925237,0.977720584397733,0.977751754713452,0.977768279582687,0.977773349259354,0.97779532211165,0.977810668743184,0.977816021865263,0.977826881859792,0.977840847836041,0.977854728325168,0.977867997278884,0.97789322805018,0.977901862724348,0.977912584865785,0.977921959301834,0.977945657860525,0.977957493293118,0.977980013843908,0.978000371138436,0.978004854640765,0.978041935979879,0.978080477541518,0.978082568220492,0.978125693278604,0.978202902965321,0.978219756705545,0.97824190541121,0.978258073309041,0.978270716003843,0.978305900907199,0.978313398131403,0.978320439178708,0.978324218342182,0.978333260417027,0.978348642302417,0.978355622869802,0.978376075274009,0.978384020891265,0.97840298260089,0.978438556809984,0.978473171229687,0.9784851502613,0.978502075935023,0.978514748341589,0.978524555289164,0.978542815124213,0.9785667829861,0.978574100077802,0.978595769929621,0.97860043638422,0.978629448607307,0.978636655750255,0.978657169717239,0.978660682031033,0.978689510844168,0.978701371705721,0.978709771800265,0.978720627776495,0.978735867961357,0.978743217206339,0.978752347937692,0.978757740040133,0.978790086954303,0.978798242658527,0.978811828624484,0.97882032488157,0.978836343933827,0.978842919481127,0.978858283485809,0.978872283474696,0.978893631126924,0.978898877518075,0.978917711852455,0.978930349580896,0.978939868340137,0.978959753329488,0.978966384591284,0.978977019703939,0.978988799986676,0.978995133289321,0.979000342760795,0.979005000571569,0.979012317394987,0.979018943623492,0.979022803620976,0.979026041934454,0.979032177517443,0.979041133265261,0.979045924067549,0.979051463345668,0.979061222742062,0.979086104912404,0.979101524572771,0.979110215892553,0.979118805496798,0.979124134996162,0.979129517478592,0.979136446824576,0.979144957441644,0.979158235943362,0.979162816411255,0.979169157179062,0.979174486506921,0.979187674586215,0.979191466364572,0.979196018162876,0.979199121306063,0.979213237960766,0.979220607059995,0.979224985743723,0.979237025933354,0.979248383595265,0.979259748440583,0.979272899456209,0.979278214218748,0.979295053043896,0.9793016144464,0.979303184256973,0.979322314489803,0.979326230568102,0.979334172221279,0.979342729542502,0.97935139017234,0.979355687972124,0.979361347117648,0.979368923855809,0.979378327299981,0.979381495242032,0.979383742536568,0.97939731068323,0.979421673130352,0.979427629083571,0.979431302941986,0.979437183095299,0.979447068941605,0.979458351297705,0.979462991338692,0.979466939927141,0.979477613438683,0.979484230941205,0.979494077942377,0.979511789305242,0.979521892690188,0.979528022825442,0.97953139973978,0.979542773207543,0.979599593901051,0.979607961287931,0.979614567514787,0.979633694688305,0.979635404682306,0.979642323156729,0.979647283759787,0.979653822873847,0.979661102061824,0.979673204160461,0.979677500046878,0.979687490724243,0.979692674563488,0.979705802279319,0.979707821784209,0.97971499333974,0.979728486311768,0.979735186478553,0.979738615979603,0.979742735273028,0.979753434685141,0.979759130310287,0.979761694868881,0.979765825446407,0.979770430362797,0.979773772094648,0.979776638864057,0.979779294291369,0.979785591561141,0.979791112698274,0.979798710442311,0.979803344384962,0.97981097744724,0.979815090778148,0.979826199873554,0.979831320810175,0.979835294976005,0.9798433039953,0.979845857035529,0.97985065532077,0.979851945532325,0.979855145883784,0.979856802814888,0.979862091199343,0.979867418089097,0.979880402864292,0.979887546125789,0.979888317140908,0.97989658049121,0.979901256788924,0.979908704893571,0.979917370766755,0.979917445658523,0.979921785847871,0.979926851134218,0.979930940941587,0.979940621310165,0.979943486704408,0.979947461658371,0.979951531936158,0.979956358132017,0.979962700269608,0.97996321281388,0.979973317812013,0.979976057739968,0.979978907983419,0.979984626548371,0.979986701248724,0.979993457792629,0.979996599966392,0.979999900562086,0.980004414925195,0.980005418290185,0.980008496971846,0.980009822902973,0.980012694405827,0.980019353599392,0.980022872084677,0.98002954020171,0.980031970460698,0.980033323529316,0.980036404995106,0.9800405040842,0.980044815933123,0.980046976615389,0.980060429169896,0.980062940916842,0.980070260269117,0.980071050534533,0.98007322364383,0.980077217729125,0.980083269943536,0.98008885884841,0.980097166910835,0.980100216945211,0.980104456903252,0.980107903058261,0.980111310044705,0.980111870383299,0.980117566112742,0.980124412253772,0.980128108653684,0.980130815543159,0.980132980704384,0.980133859516228,0.980141075715677,0.980143523655814,0.980146517599294,0.980150530704193,0.980154944942536,0.980156813716725,0.980161207387354,0.980163348090315,0.980167482507342,0.980169652653479,0.980174646409115,0.98018068967701,0.980182334509307,0.980186968867073,0.980189228049757,0.9801953537572,0.980199760889992,0.980200833952892,0.980206091468815,0.980210363831161,0.980213203600429,0.980216638937812,0.980219159104733,0.980222859293013,0.98023248012252,0.980232968144046,0.980237019166743,0.980239053692932,0.98024130043831,0.980244621754638,0.980247510776495,0.980252359672978,0.980254323067797,0.980254939360071,0.980259175633844,0.98026304734339,0.980266184114122,0.980266676042157,0.980268362080282,0.980269560209882,0.980279391272791,0.980280186770627,0.980282302939111,0.980284585455864,0.980285382007122,0.980290525761095,0.980292015338142,0.980294978831637,0.980298338022339,0.980301725044187,0.980303233407867,0.980306799351418,0.980313956414078,0.980317133574671,0.980319446161096,0.980324757480366,0.980329162117537,0.980330346645321,0.980333447749603,0.980336364695212,0.980338401392486,0.980340512204288,0.980340925183188,0.98034205936475,0.98034456725488,0.98034686196299,0.980347990686437,0.980351375083259,0.980357337359478,0.98036663204011,0.980368736550431,0.980371895703736,0.98037284205442,0.980374640885056,0.980376387317607,0.980377861935495,0.98038368717221,0.980388801344796,0.98039090319664,0.980392319875957,0.980396460312221,0.980397911414818,0.980398689031553
0.503391675534437,0.552485874286605,0.557764012952859,0.558009260684003,0.606592174487096,0.61549354445019,0.638727064575509,0.645930777772161,0.665082821960412,0.717897674984935,0.723887092953547,0.73230275194293,0.734734466970023,0.751758220390838,0.769886766975309,0.77425782605639,0.782633920000415,0.839953759313712,0.84830648888216,0.862897582767388,0.873962596349534,0.880643054610971,0.887122551974785,0.88968732768218,0.891297825128483,0.896905223008855,0.899602450010448,0.901896168069938,0.904427593116823,0.906539413849549,0.90787401768363,0.921803645919431,0.923365139180029,0.92474135272925,0.927916877936174,0.928966501012693,0.933104167837667,0.941713850943783,0.942629150825012,0.944425338011372,0.945036726293057,0.945366053889635,0.946049058919509,0.946761397458742,0.947020299454916,0.947526386841726,0.958615499988248,0.958906584234168,0.959774394931814,0.960124977058948,0.9607049466199,0.961593165848255,0.961940974248782,0.962251196278948,0.962474335999497,0.962714183070636,0.962858842204566,0.963062796274936,0.963172044679582,0.963269308288028,0.963420824147671,0.963535750692976,0.963781267232662,0.963890223447973,0.964008420404478,0.964136776703198,0.96480478198548,0.964914050075663,0.969471328760563,0.969643944863654,0.969807389142187,0.970393113420029,0.970797003786955,0.971828646705316,0.97205623909757,0.972155066981223,0.972237671894109,0.97229866778739,0.972552750567491,0.972653280905387,0.972785495729601,0.972860784135496,0.972893401700668,0.972999587018372,0.973100531528051,0.973165156929423,0.973236536676071,0.973267805105545,0.973364112449352,0.973421305664767,0.973517519798569,0.973572950452632,0.973631928820377,0.973661763371616,0.973748237130919,0.973864396109639,0.973901503453894,0.973929737070813,0.973956736213845,0.974014313419758,0.97408597269734,0.974126960557173,0.974168542062451,0.974222857420183,0.974423046260373,0.974474586725809,0.974521921272674,0.974553250015494,0.974600794878965,0.974670385518996,0.974702529113915,0.974947178256076,0.974980816216984,0.975029298638456,0.975047308980609,0.975060330319192,0.975085972723457,0.975118116899326,0.975159080992849,0.975187986603033,0.97520668332538,0.975228573557697,0.97526584655374,0.975282666806169,0.975302892188269,0.975328648192456,0.97536687920126,0.975390662100697,0.975563837733396,0.975611114015202,0.975621916866244,0.975646865733339,0.975670555507732,0.975680254811447,0.975713476194536,0.97573273156893,0.975746026532598,0.97576973432273,0.975796529790048,0.975817154497403,0.975830312934983,0.975847195191252,0.975875417430454,0.975888867743705,0.975904749155731,0.975925662141055,0.975941501447265,0.975959460200639,0.97597560256278,0.975982361557723,0.976007972119578,0.976025646862796,0.976041363633046,0.976058968104001,0.976066193647627,0.976076518413527,0.976093771388051,0.976191439807667,0.97621712077255,0.976246020231945,0.976262644243651,0.976295943344,0.976323371425767,0.976344863102579,0.976353213925207,0.97636341566994,0.976376343535396,0.976392749096934,0.976406056274426,0.976428801943794,0.976438240069901,0.976446298715165,0.976466605474705,0.976481069118242,0.976488350223507,0.976502960590227,0.976510423874485,0.976522238842626,0.976529415460877,0.976535020561861,0.976554527759299,0.976579141394553,0.9765899186776,0.976600181479766,0.976610801982335,0.976630426100716,0.976649186176944,0.97665562088476,0.976659516765701,0.976672629961428,0.976683699375731,0.976689380276263,0.976700080943211,0.97670865255442,0.976725470104009,0.976735160105573,0.976746922005695,0.976752760160501,0.97676435507392,0.976770503825576,0.976780935570398,0.976796572556626,0.976801491466313,0.976805529740646,0.976810733904665,0.976814718548302,0.976822198850244,0.976828070206552,0.976853424862602,0.976866011542016,0.976884502235536,0.976890288393183,0.976897705670384,0.976907352382941,0.976913762606485,0.976925403785467,0.97694097494469,0.976946170868925,0.976950016574746,0.976953419600304,0.97695988805453,0.976969910102574,0.976974747923437,0.976977422866323,0.976981343768659,0.976985824482585,0.976993030644765,0.977006809336307,0.977008375267872,0.977010286092806,0.977011720736945,0.977020790061375,0.977025771533847,0.977033469557199,0.977042941496393,0.977051035033785,0.977053699240887,0.977060226314535,0.977067055230275,0.977071930892254,0.977080242771814,0.977087208870679,0.977092833907585,0.97709786998317,0.977098897741892,0.977103501084893,0.977111640482525,0.97711837186034,0.977126257854628,0.977134138178117,0.977144393108023,0.977152520339498,0.977154922146928,0.977158140354985,0.977161551587638,0.977170307899423,0.977179100175691,0.977183615684097,0.977190271266009,0.977195379911786,0.977200056920283,0.97720363723598,0.977213402604715,0.977226200372143,0.977235679490871,0.977247382073526,0.977264857116031,0.97726830310124,0.977275569803565,0.977281692239737,0.977286195909647,0.977293395771725,0.977297175407256,0.977298408320045,0.977307545164413,0.977312042569841,0.977317895547306,0.977326910151129,0.977328081683772,0.977331885084138,0.977334248679137,0.977336523752778,0.977337534507518,0.977344105481006,0.977346854048383,0.977351068622095,0.977358212575688,0.977359807903233,0.97736354606976,0.977365846399816,0.977370796801138,0.977375937984598,0.977383283455514,0.977384911986726,0.977387323387792,0.977388915123749,0.977396109216732,0.977399051289759,0.977401523859408,0.977404545030989,0.977410639066513,0.977429705168638,0.977431209292074,0.977437047318784,0.977441578862105,0.977443759750544,0.977446161953726,0.977451377413213,0.977454718563649,0.977460656027379,0.977465608848662,0.977468350102599,0.977472729471513,0.977475724034461,0.977478422403212,0.977481977583878,0.977486120235809,0.977490548404896,0.977491299797965,0.977493764808413,0.977498100193385,0.977501141333625,0.977507078076553,0.977510387333793,0.977513100760376,0.977516541841389,0.977521607400912,0.977523450010436,0.977527817873596,0.977528665965105,0.977534748327924,0.977540451208587,0.977546212754763,0.977547287004197,0.97754795554383,0.977548114712382,0.977550070238232,0.977554876748629,0.977556152232794,0.977557357251416,0.977558789254461,0.97756481605748,0.977568040972011,0.977570421802091,0.977570805491672,0.97757189008727,0.97757378640643,0.977577227076276,0.977579072337795,0.977580460699609,0.977581351891336,0.977583252985358,0.977585609237088,0.977586575747145,0.977587981209816,0.977590117871904,0.977593196840535,0.977594742890747,0.97759685231453,0.977602326081709,0.97760514945809,0.977609103718643,0.977610504048432,0.977611817099969,0.977616928991339,0.97762210856107,0.977623565187084,0.977626003867773,0.977630973634262,0.977637049988945,0.977640188321003,0.977640421118729,0.977641336948517,0.977642383901151,0.977645945932711,0.977650376451366,0.977652277812609,0.977655281700634,0.977655509841501,0.977657818559422,0.977661319968492,0.977664448520148,0.977668517979014,0.977670560541366,0.977672615537263,0.9776729935246,0.977673780074743,0.977675506562396,0.977676875586227,0.977677611622885,0.977677613346639,0.977680681603847,0.977684355680195,0.9776892884194,0.977699079486596,0.977700034426278,0.977703969258358,0.977706172505271,0.977710125942795,0.977711108101046,0.977712113842063,0.977712775192869,0.977714320491141,0.977716949837624,0.977717926565206,0.977719443159895,0.977724609127767,0.977726842405999,0.977729733152995,0.977736090198714,0.977737538868341,0.977741365857394,0.977743484060658,0.977744578503428,0.977745779464219,0.977750086216087,0.977750668289373,0.97775352380971,0.977754987045696,0.977757743546175,0.977759182626001,0.977762795216888,0.977766269596122,0.977767607558938,0.977775818369837,0.977778691895398,0.977780388919487,0.977783176171175,0.97778419842352,0.977787872600158,0.977788014715362,0.977790617924773,0.977793683015841,0.977796324313298,0.977798243674122,0.977800648303397,0.977803906158806,0.977805322025728,0.977809106328126,0.977809239873772,0.977810911755039,0.977812420114817,0.977817699644586,0.977820172465648,0.977822969263095,0.977824575626818,0.977825333537746,0.977828564976503,0.977829543950906,0.977831707807549,0.977837194585365,0.977839509932399,0.977843630090587,0.977844601902175,0.977847353465858,0.977847543276484,0.977852076739588,0.977853694545459,0.977853878705347,0.977859065327454,0.977863065186727,0.977863868466664,0.977864753905246,0.977867719739396,0.977871374784906,0.977872157927344,0.977874242070714,0.977875789874333,0.977877625148859,0.977879727726337,0.977884222275213,0.977886321867809,0.977888777738649,0.977889271145006,0.977891689774016,0.977893532512322,0.977894528842686,0.977896225518867,0.97789845162009,0.977901028209451,0.97790168403727,0.97790285905422,0.977905054758668,0.977906753076044,0.977909964554627,0.977910863962317,0.977913380737082,0.977914587097738,0.977915361117875,0.977918397730989,0.97792290912887,0.977925149791238,0.977931305835281,0.977933118890619,0.977934737840217,0.977939688483373,0.977940229492298,0.977941533933429,0.977942174662674,0.977943040748883
0.52596568202636,0.533099046066202,0.57209902812981,0.573358102462177,0.578380766967579,0.651792000399824,0.662044108636053,0.66357722196396,0.664896171424641,0.67479194329862,0.679367204231946,0.682018139640895,0.684650641809781,0.687379438775351,0.729387208683292,0.730242542457141,0.779400269063217,0.814170301868816,0.822667967072368,0.827471328827223,0.83161619436308,0.847068668347967,0.849112647751508,0.853550059877702,0.855815540312487,0.858017281348585,0.862433367214303,0.887606061679522,0.893587760000856,0.901738174922044,0.903390468672804,0.90653589188327,0.908032265849751,0.926388747936596,0.927970490645124,0.92959691398879,0.931928321939829,0.933063673264707,0.935612593537202,0.937591790239185,0.939394848558505,0.940728938611749,0.942529953773098,0.944786428532268,0.948166429750793,0.950006218244532,0.950999154516524,0.954992706962486,0.956049893180133,0.958396284805326,0.959376458090277,0.961170821533194,0.962765061812123,0.963531791066534,0.964119434486416,0.96492775918009,0.965197317296355,0.965989781426723,0.966299384526864,0.968374491167113,0.96987008317194,0.970850798989417,0.971442531177656,0.97189351564084,0.972136541597184,0.972525554223904,0.972907422796212,0.973293320691787,0.973822314056032,0.974365513305285,0.974657500994748,0.97491998414129,0.975077328877177,0.976041433431744,0.976665344731805,0.976868280803055,0.977378907129033,0.977484336699304,0.977811403610444,0.978172734114496,0.978278958071743,0.978643544021421,0.97899916610652,0.979138077517588,0.979426660698914,0.979638727302625,0.979825895476773,0.97997460609073,0.980128159683213,0.980365636410417,0.9804643866837,0.980504753770282,0.980558108505205,0.980639707758321,0.980741219375109,0.981038175586046,0.981183528232629,0.981337005764383,0.981414414737425,0.982205526056369,0.98228268681885,0.982340024367264,0.982370742629383,0.982518693215533,0.98259218627812,0.98272333830643,0.982746130777096,0.982811439585277,0.982888006484291,0.9830321767159,0.983052959998301,0.98312682636285,0.983166988365995,0.983216507460979,0.983297788489781,0.983420749876252,0.983443514905755,0.98353705272252,0.983600827866714,0.984184844120241,0.984242346119944,0.984398275360554,0.984450410980362,0.984564588515096,0.984639988046087,0.984694252675886,0.984758811341017,0.984875123855199,0.984905148674849,0.984975058960542,0.985020883801807,0.985040150106642,0.985162768248467,0.985193546135283,0.985268557527446,0.985314786553709,0.985351606807167,0.985425032950493,0.985456580277146,0.985499804336789,0.985521522363718,0.985582662890282,0.985607840596307,0.985630502970757,0.985665877713801,0.985716228414326,0.985765814397255,0.985834713251102,0.985873096108724,0.985963724747855,0.986003238819777,0.98600743055693,0.986177441856447,0.986200711984926,0.986229685081702,0.986254675811433,0.986271170530506,0.986291595918537,0.986324378431182,0.986336660894138,0.986355136900264,0.986371725452428,0.986383178664555,0.986409614534285,0.986418080697117,0.986460190855389,0.986473066492544,0.986512050992361,0.986534394958814,0.986596060826088,0.986624366346834,0.986640304304014,0.986675908792079,0.986718393070151,0.98673575694125,0.986756183213108,0.986777361762182,0.986796304960153,0.986813371934,0.986824352943712,0.986850643118278,0.986862561911539,0.986885282689526,0.986898351416174,0.986907795126369,0.986926149471471,0.986962844756347,0.986969336871704,0.987011188723211,0.98702563673544,0.98703977062676,0.98704875690617,0.987113593210089,0.987144466517373,0.987291614640378,0.987294386587562,0.987323935657641,0.987345916135609,0.987355563250213,0.9873770786216,0.987432068254712,0.987438716370562,0.987450416462368,0.987464373076188,0.987472089564629,0.987477461229886,0.987483936362603,0.987509092685431,0.987519210838565,0.987536495332934,0.98754184895766,0.987553568079792,0.987559038418652,0.987573735532467,0.987584252161299,0.987588187721664,0.987607105628168,0.987613520735876,0.987623588173022,0.987644167864511,0.987650491023758,0.987661701981245,0.987665953917866,0.987674973910839,0.98771073801501,0.987721179583627,0.987727807879252,0.987732953256828,0.987736602464881,0.987759439017911,0.987779527039371,0.987789824892088,0.98779676649897,0.987814896281867,0.987821352138746,0.987826335821887,0.987838825389673,0.987875513632243,0.987878161081181,0.987887326066518,0.987904404214242,0.987912007770087,0.987921900614931,0.987937716838163,0.98795481862187,0.987958901736523,0.98796238435138,0.987969223656758,0.987981024743064,0.987988210717534,0.988002747131959,0.988007419134583,0.988008302178815,0.98801049131758,0.988022434347154,0.988026889325964,0.988030849438062,0.988041636362631,0.988043676657906,0.988049608812267,0.988059569566106,0.988077972550121,0.988082084136968,0.988083119731166,0.988090898534021,0.988096166955789,0.988106963324907,0.988108228673409,0.988115205148764,0.988118585192633,0.988123339012242,0.988141985066977,0.98815484497583,0.9881697434357,0.988175824907468,0.988179493587312,0.98818879546013,0.988193917465227,0.98820331015535,0.988207559422902,0.988208664629163,0.988229939984677,0.988234527523705,0.988242616929345,0.98824375139606,0.98825170511965,0.988261626229755,0.988267116346001,0.988271158262875,0.988271632653499,0.988273939668697,0.98828363925852,0.988285462664778,0.988286858688777,0.988291253955491,0.988304123543522,0.988309300956352,0.988311106850371,0.988312973718627,0.988326567978968,0.988326903038045,0.988334278944399,0.988336432860241,0.988339092036999,0.988343431123829,0.988345575182099,0.988349216495071,0.988351980276687,0.988359549393773,0.988362008432036,0.988362681322623,0.988363344546074,0.988369409341067,0.988371743050226,0.98838162875686,0.988382551426345,0.988385259902431,0.98838789212925,0.988412242327626,0.988416843540528,0.988421118017459,0.988425760544112,0.98843929368466,0.988439639448574,0.988442305363749,0.988450430340028,0.988452492125968,0.988457723713111,0.988463069165679,0.988466566564003,0.988474447966435,0.988475894126883,0.98848219909969,0.988487112940384,0.988490924216294,0.988492907290887,0.98849521686791,0.98850081906099,0.988504283723485,0.988508239133956,0.988513671646434,0.988516673295704,0.988518242249167,0.988523110147064,0.988524603406978,0.988534280978182,0.988539739320588,0.988548168275313,0.988550554096172,0.988554440319449,0.988565981557552,0.988571341870592,0.98858122408639,0.988581923565319,0.988587195294674,0.98858926339602,0.988590670462285,0.988591003569203,0.988594386006535,0.98859644220785,0.988599966077771,0.988602079895612,0.988604089952891,0.988605314635966,0.988618946765102,0.98862570143169,0.988627423793756,0.988629575112462,0.988630286034085,0.988635029403733,0.988639256515314,0.988642730534486,0.988645934656114,0.988649070586872,0.988653334546315,0.988663097420939,0.988668261160368,0.988676777573415,0.988678618068283,0.988680838739442,0.988681378781576,0.988684608733835,0.988685803136763,0.988696429531829,0.988699219613146,0.98870700722499,0.988716843008705,0.988718655322953,0.988723114073674,0.988725289037765,0.988726385460885,0.988732502375873,0.988738884699315,0.988741788582856,0.988747836206723,0.988755559541269,0.988763164970159,0.988771012073918,0.98877448620289,0.988775416458462,0.988779993547058,0.988780871950013,0.988782281519833,0.988783808262396,0.988786341982479,0.988788162171488,0.98878947194524,0.988794294667451,0.988797440804238,0.988797966958388,0.988801095940711,0.988805893181377,0.988807949362217,0.9888137484741,0.988819960367854,0.988821438091234,0.988823383373977,0.988828014394764,0.988831909508111,0.988834583693605,0.988838714718391,0.988839398454625,0.988839945219331,0.988841617240159,0.988843537622122,0.9888466829248,0.988846785606612,0.988854035669117,0.988855672080181,0.988859468130154,0.988863994947198,0.988867218624779,0.988868736511804,0.988875353271201,0.988876708890924,0.988883864857731,0.988885487213478,0.988886930061197,0.98888970001173,0.988890898115689,0.988893731466704,0.98889462063784,0.988900482083079,0.988900774717715,0.988901196894207,0.988901299692937,0.988902896237285,0.988905052518976,0.988906829141371,0.988908517755937,0.988909468210795,0.988909789360879,0.988910218345236,0.988910699120652,0.988914062159537,0.98891506184648,0.988915813742514,0.988916978022256,0.988918813147221,0.988920856739482,0.988924849125538,0.988929295225137,0.988934160930336,0.98893632077334,0.988938142083048,0.988939600090166,0.98894344172755,0.988944434381389,0.988945961072994,0.988946776656938,0.988948303543826,0.988951906978316,0.988953627188749,0.988958105748131,0.988961431175263,0.988963446462369,0.988966776459574,0.988968103433471,0.988969222551521,0.988970359921064,0.988972713632805,0.988973701922144,0.988975152188679,0.988977953499087,0.988978637878842,0.988979259220381,0.98898068111928,0.988982136729367,0.988985129003886,0.988988422039188,0.988988776476814,0.988990858286925,0.988991199721502,0.988993266724948,0.988995596760881,0.988996121737439,0.988998353105366,0.988999498610046,0.989000169457922,0.989000617263592
0.573132394811034,0.635445200481332,0.666370996320042,0.672594739062955,0.678425651546514,0.683181367816535,0.686943351313379,0.701440843005453,0.7734550501828,0.787336216954016,0.806468970165651,0.841767159591954,0.853018088932879,0.861590617916358,0.863448065989056,0.877063658276026,0.880403772786236,0.884063333410118,0.887683730509064,0.891520301597123,0.895833520915493,0.898585753885729,0.905586420806434,0.908083917243576,0.912855751953272,0.91429644490119,0.918443613847588,0.919624539008967,0.921987629658248,0.923005930261902,0.926049917336747,0.928000214457944,0.930004381583575,0.930793715257727,0.932283942657667,0.933253404171785,0.934050890091684,0.934720490974123,0.936920021440932,0.937793388267862,0.938516368309741,0.939649544958936,0.940315894608093,0.940630875152842,0.94263903344713,0.943251609445911,0.943641538148186,0.944030582423594,0.944426524886622,0.944742411157837,0.945233479029052,0.94544970545294,0.947001523715856,0.947616803989347,0.947949550882917,0.948173429668213,0.948588134384684,0.948885918205522,0.949061982629734,0.949476135544554,0.949602345463733,0.949904102320157,0.950078619172883,0.950183900802798,0.950305451137143,0.950436535589326,0.950575144231766,0.95068332126105,0.950849161921898,0.950915620576956,0.950978723259936,0.951026453315956,0.951129811848359,0.951202614719987,0.951343639687742,0.951435105587983,0.951488170488894,0.951546992279239,0.95166591697547,0.951756274096926,0.951811392576249,0.951888408293305,0.951980883278213,0.952056539425879,0.952124779364146,0.952267544601744,0.952303124056234,0.952358822246691,0.952411730698386,0.952491884708736,0.952566910352808,0.952641018905401,0.952787324880065,0.95284525375533,0.952868960459705,0.95293507959716,0.953007380543392,0.953039080692732,0.953083016112316,0.953164334710956,0.953261173311952,0.953378974593737,0.953409073507305,0.953459128641883,0.953502842943844,0.953543067318812,0.953600269949841,0.953618266016387,0.953676149824533,0.953710040474901,0.953742020864027,0.953753594848876,0.953817718884681,0.953935779551991,0.95396796409902,0.954022363694521,0.954056831568089,0.954069974109087,0.954105986833553,0.95412062970682,0.954150694033304,0.95417691687522,0.954216998010322,0.954490431762833,0.954507586217623,0.954536490210481,0.95454524237518,0.954753225974761,0.954806352378876,0.954835629388426,0.954857034417861,0.955675289798532,0.955699880043287,0.955827021014049,0.955841337610674,0.955897703995887,0.955939402278908,0.956038680890269,0.956056417345019,0.956083221338411,0.956092197445966,0.956145938954338,0.956349795987534,0.9564092330953,0.956499155761737,0.956514545703308,0.956530669392406,0.95658986169287,0.956601138253796,0.956623730257879,0.956688081701509,0.956821129223231,0.956828453283336,0.956913577747426,0.956944562868377,0.956995089396938,0.957011494453547,0.957032002166385,0.957054113087817,0.957084318216591,0.957117446751527,0.957157545673982,0.957218452182788,0.957252014102568,0.957274455301778,0.957286694629714,0.957367281989688,0.957372075663459,0.957386152348744,0.957402718100283,0.957426543361179,0.957433583728427,0.957445663146402,0.957460740366259,0.957493913297831,0.957518288967968,0.957522277195528,0.957527545916115,0.957557055071134,0.957600873618783,0.957606719419513,0.957612580193966,0.957618317521648,0.95763493029517,0.957644198263371,0.957687517066429,0.957700030987614,0.957724980531819,0.95773116792865,0.95777404688429,0.957814872735416,0.957831841852076,0.957840071780084,0.957848811525934,0.957854287739542,0.957861093698958,0.957874076411259,0.957905384178113,0.957918046786941,0.957934025645703,0.9579634121962,0.957968899983416,0.958014152593234,0.958017331082787,0.958032935513935,0.958044857654034,0.958062299711414,0.958085853519139,0.95813128162112,0.958141233814176,0.958145421609996,0.958151992219537,0.958165854389081,0.958178413928575,0.958182201596794,0.958190372611715,0.95820597585395,0.958219202755392,0.958228625380168,0.958234578884675,0.958243062777124,0.958253607020789,0.95826996752374,0.958284956834563,0.958310746352473,0.958318825565319,0.958324642996258,0.958332707394745,0.958344653422063,0.958352746766676,0.958365132437873,0.958374765340834,0.958380486699021,0.958392696975609,0.958403562190446,0.958410560439037,0.958415735346446,0.9584278552633,0.958438877926231,0.958449983748977,0.958455031947252,0.958461103895736,0.95846797152208,0.958478794155017,0.95848216938757,0.958487158307392,0.958499716427957,0.958502932791941,0.958513324005242,0.958517692175447,0.958527531235471,0.958530633883087,0.95853144896086,0.958539836589299,0.958569501861564,0.958574036783333,0.958583350963367,0.958588967907274,0.958589954101996,0.958595314066015,0.958599216811083,0.95860124504959,0.958605318010828,0.9586205720473,0.958627608882334,0.958635994056792,0.95864036161935,0.958646529326345,0.958668170472953,0.958671923869234,0.958683656684101,0.958689029573053,0.958694324522132,0.958697124890936,0.958703440583118,0.958707420534304,0.958712795561037,0.958713965924151,0.958719902056226,0.958728739234634,0.958740388001681,0.958749201150842,0.958754278845366,0.958756902642034,0.958767155129959,0.958776827545945,0.958785022547339,0.958796887529608,0.95880917208627,0.958816044576693,0.958830184367042,0.958831474145013,0.958837915697106,0.958840806413965,0.958843832037631,0.958849546319619,0.958851533895076,0.95885329980218,0.958869756991358,0.958871617269242,0.958879252425681,0.958886109489614,0.958894241978204,0.958899261219101,0.958901902429949,0.958906746907998,0.958909130299209,0.958914229927367,0.958920772547626,0.958925168495115,0.958941230003069,0.958945810664178,0.958948504090991,0.958953546878849,0.958956963430768,0.958962555827822,0.958965547953479,0.958971034384655,0.958977449312717,0.958981441487168,0.958996570506653,0.958999677935463,0.959006463316929,0.959011221747511,0.959015642353152,0.959021675527693,0.95902344841927,0.959031439699418,0.959035773300109,0.959040530816253,0.959042505737793,0.959045726616559,0.959053255699649,0.959056950320671,0.959062058963315,0.959066873927814,0.95907130481296,0.959073017220976,0.959084238422989,0.959098135350933,0.959101866015784,0.959103892149973,0.959106169760445,0.9591087382373,0.959112794228493,0.959119587839927,0.95912419665172,0.95912584135481,0.959131406688269,0.959132734395437,0.959135666573283,0.95914001927112,0.959144538871661,0.959151923622828,0.95915418454477,0.959156765473786,0.959167180893942,0.959168606236705,0.959172419155457,0.959174032450618,0.959189044763191,0.959192984163365,0.95919724876682,0.959200714894003,0.95920346648718,0.959211585249525,0.95921541045257,0.959219584726868,0.959224460451357,0.959229048726663,0.959232452583876,0.959240858615624,0.95924553469256,0.959250580689085,0.95925666576196,0.959258903367644,0.959267983425834,0.959269843793194,0.95927591491876,0.95928476337079,0.959293154839549,0.959299757723431,0.95930459127959,0.95930907330133,0.959311064684409,0.959313890475524,0.959315956797616,0.959322684148389,0.959324094128628,0.959325829276786,0.959328961147249,0.959330235348275,0.959331476108849,0.959335466235077,0.959337746281611,0.959340604933125,0.959342675634955,0.959345085060511,0.959346716280192,0.959350237375184,0.959351726922598,0.959355952025647,0.959360559514579,0.959365635030224,0.959368570692559,0.959370175797113,0.959372591345916,0.959380757971466,0.959383087442792,0.959385354889397,0.959389140078476,0.959395880731098,0.959397477997741,0.959400571573017,0.959403047162926,0.959405508618074,0.95940655218681,0.959408235402132,0.959410883692837,0.959412156019197,0.959414247914694,0.959415087999463,0.959417318750815,0.959418125778966,0.95941845825447,0.95942008917188,0.959420541510014,0.959423361255371,0.959424278610923,0.959427552730612,0.959428782945909,0.959429934716355,0.959431022745157,0.959431731184699,0.959435949939479,0.959436096264418,0.959437710641051,0.959438646226503,0.959443020887235,0.959446360226275,0.959448547654143,0.95945162115512,0.959455012157184,0.959456801820856,0.959459202810392,0.959460159952354,0.959463459085683,0.959465638392197,0.959468925740748,0.959469673256633,0.959470410970137,0.959473931398778,0.959476007325254,0.959478589826335,0.959480628879686,0.959484066580298,0.959487974854441,0.959488629849237,0.959493661462136,0.959494228984041,0.959495124370581,0.959495885101622,0.959497590756351,0.959498867226117,0.959500578574224,0.959504307623847,0.95950593650326,0.959506193095077,0.959509238177861,0.95951371004544,0.959514988336904,0.959517341703017,0.959519101709376,0.95953381045612,0.959535923839485,0.959536596871532,0.959539135495096,0.959540531120079,0.959543299614493,0.959546024500641,0.959547219016469,0.959547579431594,0.959548454996773,0.95955042638443,0.959551426156201,0.959555034124757,0.959559047612785,0.959561132057368,0.959562988446043,0.9595645332138,0.959566770100769,0.95957019850441,0.959571111838667,0.959572437795325,0.959574249728414,0.959577515835016,0.959577666443235,0.959578473845378,0.959579690203264,0.959579906447418
0.616532538625847,0.672411501503513,0.673805273587029,0.674612447225017,0.685478104474957,0.687547559944139,0.711249905772977,0.713204857135528,0.739577340648527,0.775566466161551,0.824839096419439,0.834004719390721,0.84669935876363,0.853173514611251,0.862464710564769,0.880691220726292,0.888443325426083,0.896807484975547,0.905044657982542,0.909346124234615,0.912194267131763,0.917212516861038,0.919909244345581,0.921455361599564,0.928440001170765,0.931561249553116,0.93491020413561,0.936918292994285,0.940289508074978,0.94181552215137,0.944873918665388,0.947417447287266,0.949769785759406,0.952764656444604,0.955028855226584,0.957745224814012,0.96039148822109,0.960905136754225,0.961867780111838,0.962721082969949,0.963412917903426,0.964550358557729,0.964978405325192,0.965749850755841,0.967807461043865,0.968305633009251,0.968878445715971,0.969347007203355,0.969801559841677,0.9703334053809,0.970680925899829,0.971122716141571,0.971430168060043,0.971573131043119,0.972019761230593,0.972217244891773,0.972397774523789,0.972794631743376,0.973358072858128,0.973682990728036,0.974066055282694,0.974712408753609,0.975486508440658,0.975782005499021,0.976098666498704,0.976527931740661,0.976881468928261,0.976990259808961,0.97722424446368,0.97794877788916,0.97815262902913,0.978365167513267,0.978565264303767,0.978809788092636,0.978915542223321,0.979009782506588,0.979263683609043,0.979670655117903,0.979848947017585,0.979930373352873,0.980099813854322,0.980262102086946,0.980410604343321,0.980515933411997,0.980626856781807,0.980688100319058,0.980784857804855,0.980824164606903,0.980976315124077,0.981082835141372,0.981805789031684,0.981893531500027,0.981992731517421,0.982140380709641,0.982456865169035,0.982542593981151,0.98258661958337,0.982736175305834,0.982870468281045,0.982966145121576,0.983024012745744,0.983060718138148,0.983111935368653,0.983184871856708,0.983258645200914,0.983283892148089,0.983334246586126,0.98450130458454,0.984600320141157,0.984689809023561,0.984699657709187,0.984737134462921,0.98485134022976,0.985074363333222,0.985140666861197,0.985193300526477,0.985235966390425,0.985258500866616,0.985298957356699,0.985319420168229,0.985351515875332,0.985381998714428,0.985435998866585,0.985464911273141,0.985507224348657,0.985566779105416,0.985602393776344,0.985640971880106,0.985691016965598,0.985722405170511,0.98574926425596,0.985761712789052,0.985787859624584,0.985828424380999,0.98583939013605,0.985914868993564,0.985952870168059,0.98598302912334,0.986031118571631,0.986057068029958,0.986083090531205,0.986125270232937,0.986175194011148,0.986244900839966,0.98626591333618,0.986306762125112,0.986329092493907,0.98637154652452,0.986397591333609,0.986407300182624,0.986412118048354,0.986457603441393,0.986483390163389,0.986513334915859,0.986532872825027,0.986582082307688,0.986611224928882,0.986619874771082,0.986648262874361,0.98668052101344,0.986706558473105,0.986716811450373,0.986745950860216,0.986772096836993,0.986794334439144,0.986811468366842,0.986839220668413,0.986850205421069,0.986869916152175,0.986892816748642,0.986915614025708,0.986931797747773,0.986966261730862,0.986981456160529,0.986989542994173,0.987006131489888,0.987010375995576,0.987026623187691,0.987050859214534,0.987093321730553,0.98709539777887,0.98711369850644,0.98712774172552,0.98714560609759,0.98715233108177,0.987157082136168,0.987173670905983,0.987189334649789,0.987220028718169,0.987226252832069,0.987230665631601,0.987249408258087,0.987262901364728,0.987275149323464,0.987281718276915,0.987290646617988,0.987298008451837,0.987304772391207,0.987314773556715,0.987330766119941,0.987336490406848,0.987344239236528,0.987346906941288,0.987366418700648,0.987376730380557,0.987398469487614,0.987408657409506,0.987423262717042,0.987429925348688,0.987442194401695,0.98745294459468,0.987459716280705,0.987466315299639,0.98747793290122,0.987486372231197,0.987493303571074,0.987507540015489,0.987515591842779,0.987780343895257,0.987795379785705,0.987804709527532,0.987823411368714,0.987833446817767,0.987842145470431,0.987850193456096,0.987853278639105,0.987868602853072,0.987872526833279,0.987876980427077,0.987880255142599,0.987883850533302,0.987896632022469,0.987902806556249,0.987914447733851,0.987925427553359,0.987939436360968,0.987942764584399,0.98795868886324,0.988130096345794,0.98813784068098,0.988141083257009,0.988150584801804,0.988156353812115,0.988168233226746,0.98817737423374,0.988185621658101,0.988195590324567,0.988198448354512,0.988213430210051,0.988227181997062,0.988292034949634,0.988310450345456,0.988313318133717,0.988316112979814,0.988325219370008,0.988349943883182,0.988354690594745,0.988369934148228,0.988382002223401,0.988382405969125,0.988388940301024,0.988391479232657,0.988466235961701,0.988469736282715,0.988486795720271,0.988493798999011,0.988495909657437,0.988501835286826,0.988505238479346,0.988515684110474,0.988520210306344,0.988526359594238,0.988549889626891,0.988553369643751,0.988556473191007,0.988559835224806,0.988567127316339,0.98857803012057,0.98858659133583,0.988595924157402,0.988611821616817,0.988616679163436,0.988622176535917,0.988633346071057,0.988638773237744,0.988656222285105,0.988658925823664,0.988661841311169,0.988663160223906,0.988665886211503,0.988668428671558,0.988675887672425,0.98868216552271,0.988684484917286,0.988688872567754,0.988692822870398,0.988697242292433,0.988704665200408,0.9887182680053,0.988720698127362,0.988721069831282,0.988726682259061,0.988729313006908,0.988733936809324,0.98873763263849,0.98874217993314,0.98874737456768,0.988749510576704,0.98875916126272,0.988764825521345,0.988780569821313,0.988785534054909,0.988786986826161,0.988789893986729,0.988793941411802,0.988795800412638,0.988800570163034,0.98880479909514,0.988809369969002,0.988817865309115,0.988820763619148,0.988835864454641,0.988839012762654,0.98884531913541,0.988849067118871,0.988862680203378,0.988864502678328,0.98886846581462,0.988870264023964,0.988879725144533,0.988882047461715,0.988883422731464,0.988888517570517,0.988889045133736,0.988891087988655,0.988895243356324,0.988902691544188,0.988906815713041,0.988908222569988,0.988915120951845,0.988916786712425,0.988923149319926,0.988930140908026,0.98893139700232,0.988934123322942,0.988935650038966,0.988936790506562,0.988938734585021,0.988939648207902,0.988944189473814,0.988948300962051,0.988951350286205,0.988952651614164,0.988956409208059,0.988966345558941,0.988967724374867,0.988969427657026,0.988971657934884,0.988972867220316,0.988975917252409,0.988977117908606,0.988984983094227,0.988988583230042,0.98899049316221,0.988991908033402,0.988993960812056,0.988994728036724,0.988997589026434,0.98900046790423,0.989001376010234,0.9890038944002,0.989007856143018,0.989011745571843,0.989012036735056,0.989015014148586,0.989017153943562,0.989030943492654,0.989034281396488,0.989039357467644,0.989040243867056,0.989045094096668,0.989049383575853,0.98905059960897,0.989055605021933,0.989057033049624,0.989065356634255,0.989067796020252,0.989068586783344,0.98907042636848,0.989072643124515,0.989077854568843,0.989080604343247,0.989082051792583,0.989083125262264,0.989089376059293,0.989093797185578,0.989094752115134,0.989100468039634,0.989103141070542,0.989105513125899,0.989107855585376,0.98911098677016,0.989115002333201,0.989117178805568,0.989121595963702,0.98912461254144,0.989128952499439,0.989130091137316,0.989131628918283,0.989136936710815,0.989138971558518,0.989148617078831,0.989149081696483,0.989156037160731,0.98915655084277,0.989159735748026,0.989164162330602,0.989167311567435,0.98917246025133,0.989174776419951,0.989182871066969,0.989186379839147,0.989190015343561,0.98919325099928,0.989209873208078,0.989212240775366,0.989215600499866,0.989216956598214,0.989221084784699,0.989224758593304,0.989225119984366,0.98922914694799,0.989230943708911,0.989236653156641,0.989238217968402,0.989241766127931,0.989245927446844,0.98925232606313,0.989255366981696,0.98925673822586,0.9892587116353,0.989261880896014,0.989262316194957,0.989263302376972,0.989264145666976,0.98926539976562,0.989269624602883,0.989274265304085,0.98927678414292,0.989278317278898,0.989281052886675,0.989283672452043,0.989288381968833,0.98929145672529,0.989296655822322,0.989297488000137,0.989297718025646,0.989305223200198,0.989305633303854,0.989307069490332,0.989311017145012,0.989311767451724,0.989313743547722,0.989315045158117,0.989315899849031,0.989316825719058,0.989317157383005,0.989322643184558,0.989324307810933,0.989329700703478,0.989334496886972,0.989334850173447,0.9893384504668,0.98933978592514,0.98934291660756,0.989344406673931,0.989348457957742,0.989354770145839,0.989355910848725,0.989359278661937,0.989359773378109,0.989361010193845,0.989361819280328,0.98936494589785,0.989368576676239,0.989369778836104,0.989371236947362,0.989372749351552,0.989374723283564,0.989379106403834,0.989381899418405,0.989382483480018,0.989384290804195,0.98938556017831,0.98938705954843,0.989388964885455,0.989390358472545,0.989391066820398,0.989391965885804,0.989393425891381
0.594574790926324,0.607916974697269,0.609849323383652,0.612638682934996,0.623808295601509,0.627010648271604,0.639062520184473,0.696636759712286,0.703645399402392,0.704901015699802,0.759168750781079,0.762308407363732,0.774198777951883,0.792926572466281,0.796941062762489,0.813746381251493,0.849185474584478,0.865884425867177,0.867963037322622,0.878563598279548,0.881854380809562,0.883782001246065,0.893177028278303,0.894720681284012,0.904395589466165,0.91742708121505,0.92162827521727,0.926314097170331,0.937508281760236,0.938633516164357,0.940813200634562,0.942882427064324,0.945172219346671,0.949852313294623,0.951200349838166,0.952814122220404,0.955332177921741,0.958393957091042,0.961258537323908,0.962313410339902,0.964591709739686,0.965450285191887,0.966676910154185,0.967127871388415,0.967581221487776,0.968846480999627,0.970255348747474,0.971629831815687,0.972113596974492,0.973138247685456,0.97356044612874,0.974146441389293,0.974855581167155,0.975467726436573,0.975680127849594,0.976490013770295,0.976912006602693,0.977049250585474,0.977314957535464,0.977659959698727,0.978007841660828,0.97873603666414,0.979498211059577,0.979664454656009,0.979935734386159,0.980079569696961,0.980329682240881,0.980764770891885,0.980948406193027,0.981132826684333,0.98139458020581,0.982380379116463,0.982508705917507,0.982594455601991,0.982650091023703,0.982740825046418,0.982833226370805,0.982966036590409,0.98321360111687,0.983390422928228,0.983503608765267,0.983653614343218,0.983754286993745,0.983909377074239,0.983955340409174,0.984036539616527,0.984117803375978,0.984310222355192,0.984376710528592,0.984444756261473,0.984576592522201,0.984656155904241,0.984797384867853,0.984843371726876,0.984901846977622,0.985003003325782,0.985095287689117,0.985144837853183,0.985213217837463,0.985289185931411,0.985321913884208,0.98538639533104,0.98540760732292,0.98543850695779,0.985456006653359,0.98554080945379,0.985557854889903,0.985595546119554,0.985636075006951,0.985661816248942,0.985760151631043,0.985769764811479,0.985805732937311,0.985831895804468,0.98585999673572,0.985918963633685,0.985963120701199,0.986002102910158,0.986025224574311,0.98607278654604,0.986097642094762,0.986123604265898,0.986157858179616,0.986180450657118,0.986215572988511,0.986267206820214,0.98629485821656,0.986310575309641,0.98633170007758,0.98634642895885,0.98639743347261,0.986414665995263,0.986497989657131,0.986526558376956,0.986542248939002,0.986571122383608,0.986596716038728,0.986646804301982,0.986653144196609,0.986672892482627,0.986691576119806,0.986700059253744,0.986713361834989,0.986733599446943,0.986756648822071,0.986775484212548,0.986803996740762,0.986816640115775,0.986831006213801,0.986850795543362,0.986872042161464,0.986891351486947,0.986901136290957,0.986926173272238,0.986945053144401,0.98695930171799,0.986991920598358,0.987015660795468,0.987026623959421,0.987055891221522,0.987071373682197,0.987076254827695,0.987093181672579,0.987107352612201,0.987132784565365,0.987146907542187,0.987156164307482,0.98717406105863,0.987192853006198,0.987201662396081,0.987215443017104,0.987223330206398,0.98723716863967,0.987261752687877,0.987276315920298,0.987293953100178,0.987298813120745,0.987322447503494,0.987328345267771,0.987342080231574,0.987355830244733,0.987370687752847,0.987385358328652,0.987409001379804,0.987414364056649,0.987429265141176,0.987445123301249,0.987465156475529,0.98747530114374,0.987484328003076,0.987486303643467,0.987499010833725,0.987512163999455,0.987521789736866,0.987534745236533,0.987548725475563,0.987555083736857,0.98756590045352,0.987578212547118,0.987580923750681,0.987587615431695,0.987601033923385,0.987604903480472,0.987609839536096,0.987616107922663,0.987621317195448,0.987640564322461,0.987644976100266,0.987653411270938,0.987659709644057,0.987671714058131,0.987681452259092,0.987687285217789,0.987951630658708,0.987960978262453,0.987972964435882,0.987975376263665,0.987984171095091,0.987984854336659,0.987987355459195,0.987991749577005,0.988002538782531,0.988012481786378,0.988025570645301,0.988031919280977,0.988037404210657,0.98804207332441,0.988045570174103,0.988060435681574,0.988069263739221,0.988079964146459,0.988090255026886,0.988107117658557,0.988119242034984,0.988124726812952,0.988142197681329,0.988146632570165,0.988148861562727,0.988162185970302,0.988173190947062,0.988181218434236,0.98820585578627,0.988211628648722,0.988222203000294,0.988231828037714,0.988245444856008,0.988270268818391,0.98827887580289,0.988284544684628,0.988285993799122,0.988290815435547,0.988298003883544,0.988306742284875,0.988314443835772,0.988320931124226,0.988327971539374,0.988334023718765,0.988337000642988,0.988342128680113,0.988344170455382,0.988354758927953,0.98836520402921,0.988372142670386,0.988378686431149,0.988383536138867,0.988385368883196,0.988390900580184,0.988396763751388,0.988417558392478,0.988419686893315,0.988423331430231,0.988431935976331,0.988438417136919,0.988443536221788,0.988449847876055,0.988451558638633,0.988458039543841,0.988470271804936,0.988476796893433,0.988488333649434,0.988492052120394,0.988497426708881,0.988508202291563,0.988514384798199,0.988515000787445,0.98852091228497,0.988527404134542,0.988530119259719,0.988537627879482,0.988543799663704,0.98855036912293,0.988555795625748,0.988559008182713,0.98856246272293,0.9885736802936,0.988579919066737,0.98859110932286,0.988594622868498,0.988597103432497,0.988598604427883,0.988605678073668,0.988614385721272,0.988617722689957,0.988622699186172,0.988628747538367,0.988634054329161,0.988639242026457,0.988645101055101,0.988646605772502,0.988651827916451,0.9886533002792,0.988657347583651,0.988660372927585,0.988662504143111,0.98866525007771,0.988669309438765,0.988674040992875,0.988681692414083,0.988685673175695,0.988691958128859,0.988698566480662,0.988700492483451,0.988707611315272,0.988712121701386,0.98871438583979,0.988715105770702,0.988722914115126,0.988725628051025,0.988729905671623,0.988733093876651,0.988735750999993,0.988740143304717,0.988741576159866,0.988743606909819,0.988746071493697,0.98874732032568,0.988750469733111,0.988752071506934,0.988756094852216,0.988760210237843,0.988762801589215,0.988768852812636,0.988774474827466,0.988780477566266,0.98878269395528,0.988786616149621,0.988791488738234,0.988793683358617,0.988794976574772,0.988797091162684,0.9888030050003,0.988804637637527,0.988806755020576,0.988814402066261,0.988818981546155,0.98882583449499,0.988831601615021,0.988834981587826,0.988843470923264,0.988845535210984,0.988849756791018,0.988851769847123,0.988853399465155,0.98885511071437,0.988859472830568,0.988861976055179,0.988865624062866,0.988870123148667,0.988870429352893,0.98887558303951,0.988877614917824,0.988880021655613,0.98888478782008,0.988889579286942,0.98889066892149,0.988894434521076,0.988899749670948,0.988905226119526,0.988908017496918,0.988908615722152,0.98891227761933,0.98891507793402,0.98891976726173,0.988925357107257,0.988938868479625,0.988945005956124,0.988951434305003,0.988952674023903,0.988958168481649,0.988962121397669,0.988965398541989,0.988966000050754,0.988967537535396,0.988973477551038,0.988976185124694,0.988978745128797,0.988982865156089,0.988988983295219,0.988992282427032,0.988996769850489,0.988999444018064,0.989002610840904,0.989005206567789,0.989008275785062,0.989009862253178,0.989012238764515,0.989041492688651,0.989042530082986,0.989045379527644,0.989046108332197,0.989049112949626,0.98905472958442,0.989055990009109,0.98905706108425,0.989059590826828,0.98906042444953,0.989061346644811,0.989064321607984,0.98906515073947,0.989067168484046,0.989070079617627,0.989073548562178,0.989074113853455,0.989075617086488,0.989077091643439,0.989078668822813,0.989082404242185,0.989083921178571,0.989085132732882,0.989088164335479,0.989090579998729,0.98909446663798,0.989096510149768,0.989099265943406,0.989100618792461,0.989100873727319,0.989102196924558,0.989107814984983,0.989111323631426,0.989116777782321,0.989119654941656,0.989119994672707,0.989121562491438,0.989127037149363,0.989130885282326,0.989131971555481,0.989136069868129,0.989137074530023,0.989144220920713,0.989145106215803,0.98914852583607,0.989151163227447,0.989152788696721,0.989156586348597,0.989158698489218,0.989162050407886,0.989166590550299,0.989167098286653,0.989168239184181,0.989170678981968,0.989176707229404,0.989177886466804,0.989185448032138,0.989189695284917,0.989191707335979,0.989196743997412,0.989198440174806,0.989200287170616,0.989202384797774,0.989206073062587,0.989208145973446,0.989208962096611,0.989209786976949,0.98921063382813,0.989213182128764,0.989215048255778,0.989217641602701,0.989219910801106,0.98922034482511,0.989221368955042,0.989224171792274,0.989224516181011,0.989226808367337,0.989229667086301,0.989232252658903,0.989236328335934,0.989237817281476,0.989239731129685,0.989241159351635,0.989242322789075,0.989245705302428,0.989246524407027,0.989248397457168,0.989249435481948,0.9892559061717,0.989256517982,0.989258168938591,0.989260348574209,0.989261452342401,0.989262013683722
0.519515822898324,0.60936359238988,0.614749891601252,0.61889350380974,0.637836121438989,0.689313855168382,0.716611050950104,0.728040971462068,0.737188510102142,0.757503059630483,0.770592846413406,0.779333840753097,0.785663982119675,0.792935840011889,0.796616786135628,0.814625063634023,0.831785036921984,0.859150630078379,0.866028213292535,0.872340323723072,0.874932492481523,0.877806445591782,0.890367875937532,0.892457522109517,0.897317383016292,0.90122094815327,0.903295071333919,0.905786232728341,0.910937064530101,0.914782946626731,0.916608023981656,0.919058412736199,0.923193837649261,0.924498592997584,0.92497754607503,0.926271100035585,0.92696482327379,0.928084788404403,0.928847193438163,0.929300268689564,0.929960336551881,0.930605948517076,0.931078547123967,0.931548400306341,0.932343774765953,0.933021456121692,0.933475432676395,0.934068870293561,0.934367888216074,0.934639101789394,0.935094795307161,0.935530011507261,0.936590340660774,0.936931982068222,0.937368132458573,0.939861179337971,0.940045199733968,0.940203536748749,0.940321434921442,0.940538041729208,0.940691344487103,0.940891441095737,0.941084862084714,0.941251550308055,0.941475646961294,0.942713571092486,0.942889123959733,0.942975128586305,0.943078365384045,0.943216539601143,0.943295034946674,0.943387397691425,0.943445659814279,0.943544496823799,0.943680715623134,0.943732882397253,0.943860771625496,0.943920826082741,0.943999102948577,0.944133671205603,0.944219676978501,0.944298296320161,0.944363900669924,0.944404683869019,0.94451385699737,0.944539813837406,0.944594532985184,0.944639067612912,0.944692800955046,0.944755863362144,0.944782917608611,0.944848930231126,0.944885626005239,0.944956093965303,0.945048750952756,0.945162942728528,0.945267251799509,0.945370732213301,0.94541523715701,0.945456552308236,0.945496791037405,0.945532976100885,0.945613385203435,0.945745489448971,0.945796784742175,0.945876069677876,0.945909092516534,0.945926295037653,0.9459786038105,0.94599589090965,0.946059577492158,0.946099673366062,0.946150743933339,0.946226773063184,0.946286012061006,0.946339997742255,0.946405091890868,0.946474617927688,0.946520637033272,0.946551627993094,0.946584672399718,0.946632786810409,0.946687701726468,0.946749417774597,0.946784787668417,0.946816529833599,0.946825166428975,0.946848059861067,0.946883685306527,0.946902852984578,0.946918350003399,0.946957403273474,0.946980172190052,0.947005782367788,0.947051323792363,0.947077351746139,0.947116749393404,0.947155560596671,0.947188412162995,0.94723334037824,0.947266241916884,0.947296079852703,0.947315207126373,0.947345026213222,0.94737232593114,0.947382324636849,0.947392597540445,0.947425141082657,0.947443043491303,0.947463854678972,0.947482990837044,0.947502591943604,0.947520716931325,0.947531684037044,0.947544397742485,0.94759167733588,0.947605970045836,0.947619273401642,0.947650440621432,0.947660214507412,0.947686739613223,0.947696681041065,0.947741268115379,0.947761238103702,0.947784776911408,0.947804756198834,0.947835308825317,0.947864340890646,0.947884182639679,0.947901767910622,0.947919155169074,0.947937261534838,0.947954857341884,0.947967583801628,0.948012363204983,0.94802220870282,0.948045561028833,0.948074740713016,0.948098493573393,0.948114490823519,0.948134698048654,0.948153521930209,0.948179272386519,0.948189799523277,0.948200915614636,0.948211790122054,0.948222659181169,0.948238465926013,0.94825167721833,0.948276755177473,0.948291033564467,0.948304009426639,0.948315569688486,0.948322820836829,0.948334301941552,0.948344233685613,0.94836312030672,0.948373142699551,0.948383666749283,0.94839587348959,0.948402305236891,0.948409049229932,0.948429211578094,0.948434177850812,0.948457414676764,0.948470089620939,0.948475317798179,0.948488791138905,0.948507098765052,0.94852750671804,0.948541101597929,0.948558177661527,0.948589327523969,0.948600730414966,0.948615677303877,0.948631548655689,0.948649058632125,0.948662785510459,0.948671198542318,0.948682565639876,0.948686455367791,0.94870155025434,0.948713266206909,0.948718195964733,0.948727444303822,0.948743815790304,0.948759598616009,0.948766726210286,0.948774760188018,0.948781778410479,0.948792326332792,0.948808057197252,0.948820008205333,0.948828548030008,0.948831918089081,0.948837967425801,0.948842978862319,0.948850278276627,0.948856828861075,0.948862335365845,0.948867224375312,0.948878763498288,0.948882471573821,0.948907802129287,0.948910384704976,0.948916780503973,0.948922233323497,0.948928600547509,0.948930627243439,0.948943748910087,0.948952554301965,0.948958507786145,0.948963458963635,0.948971568441968,0.9489809893368,0.948987836424774,0.948992889253044,0.948997461126276,0.94899954833614,0.949006554821728,0.949011257538596,0.949019803180834,0.949023166678914,0.949029988860631,0.949037157485391,0.949043239565669,0.949049714820282,0.949054931468424,0.949060827087706,0.94906175203357,0.949063952733977,0.949068113444624,0.949070815797695,0.949076541797845,0.94908428079894,0.94909238161569,0.949097629561856,0.949103191816925,0.949112456321731,0.949118357793607,0.949125090876982,0.949127957697983,0.94913457455127,0.949139524298378,0.949144520253767,0.949149120771797,0.94915503090238,0.94916097488821,0.949163309118469,0.949168946929918,0.949175350276955,0.949180604777279,0.949183031649807,0.949186935008309,0.949190974527672,0.949192323221383,0.94919569871256,0.949197809869477,0.94920040251695,0.949203497915433,0.949207084622571,0.949208706750952,0.949213259807717,0.949213357569849,0.949217650676458,0.949217703120941,0.949219607104992,0.949222186713299,0.949227117162794,0.949229688961493,0.94923826109786,0.949242028800004,0.949242328613745,0.949245312833137,0.949247690278069,0.94925164082777,0.949253203584423,0.949257552184067,0.949260803443398,0.949266538223063,0.949274140085646,0.949282563273738,0.949284725792397,0.949286595390353,0.949288757542023,0.949298136042453,0.949302349765539,0.949305615466585,0.949309513037579,0.949313132523211,0.949316010223297,0.949322644264428,0.949324882541205,0.949329372640307,0.94933349068233,0.949338222444761,0.949341184962914,0.949341982190973,0.949347686939496,0.949350634637871,0.94935555622091,0.949355732198264,0.949359119232225,0.949360083233907,0.949365339829255,0.949367170308577,0.949371549924488,0.949372547987744,0.949374271570677,0.949378834729262,0.9493819698835,0.949383895606926,0.949384886316653,0.949387842876662,0.94938967090468,0.949392657023639,0.949394822335472,0.949395933897504,0.949397520582302,0.949401546156415,0.949404115760564,0.949407599791657,0.949408798746656,0.949409722095067,0.949411273478414,0.949418142763819,0.949418783324191,0.94941983902543,0.949421447160759,0.949423771821577,0.949425703405266,0.949429585693805,0.949431584395452,0.949433679792541,0.949436910586898,0.949439096649027,0.94944213608916,0.949447729463958,0.949449773954723,0.949452145638606,0.949458346672685,0.949459263407652,0.949460283157481,0.94946230180146,0.949463631994107,0.94946541035775,0.949467284680851,0.949469044354464,0.949470536146751,0.949473243827541,0.949473817720509,0.949474982792433,0.949477660070021,0.949480241151863,0.949482647003641,0.949484372247174,0.949486416805374,0.949488162704016,0.949490266952516,0.949493610847392,0.949495079740187,0.949496320533644,0.949497941876407,0.949499192421296,0.949499768851771,0.949502846751333,0.949504696022084,0.949508022728518,0.949508457408837,0.949511577756081,0.949513989324728,0.949514624821992,0.949516459743839,0.949518443933689,0.949520565345301,0.949522811649511,0.94952534172243,0.94952781553414,0.949529222020801,0.949532086884402,0.949534229345155,0.949539403738271,0.949541534969339,0.949543011852434,0.949544864976613,0.949546049076102,0.949548574105158,0.9495522809253,0.94955558909118,0.949558046498036,0.949561079012521,0.949561803526226,0.949563794923258,0.94956464711769,0.949565553903949,0.949566645984665,0.949569066151824,0.949570265654004,0.949572064491479,0.949573790853878,0.949576281540395,0.949582700969254,0.949583735612872,0.949586514984909,0.949590271849823,0.949591326582006,0.949591691436021,0.949593809832742,0.949594098898189,0.949595204134417,0.94959812726024,0.949598641474911,0.9496010103201,0.949602565895049,0.949604153953849,0.9496078215554,0.94960853153585,0.949609163149422,0.94961006171084,0.949610866684493,0.949611607651455,0.949614371553627,0.949615784018402,0.949617514183375,0.949618552768702,0.949618901671307,0.949619867224545,0.949621166785279,0.949624767285698,0.949624818962333,0.949624917209222,0.949626630186395,0.94962774405037,0.949628562910836,0.949633120957325,0.949634329247198,0.949635713542904,0.949636482179513,0.949639139126415,0.949641035570366,0.949641856292542,0.949643277057225,0.94964458594241,0.949646397475019,0.949647625244966,0.949648224192112,0.949649340560357,0.949650193903884,0.949650884684591,0.949653199941098,0.949653553581663,0.949654025678675,0.949654481197568,0.949655251901453,0.949655315940104,0.949655827606012,0.949656894115283,0.949658613647728,0.949659379233729,0.949660965214333
0.532102796690644,0.601195977748337,0.605152842454478,0.610962888563829,0.640210187531577,0.659966579524983,0.66150552026779,0.66309194613813,0.668176966289944,0.692325868991029,0.754905150225322,0.760038589750916,0.765317715326197,0.771991097650732,0.77481308605222,0.77961837972447,0.807410204291562,0.811457667826278,0.834973135412253,0.842568724424495,0.863501242795559,0.865317532239093,0.867764738850084,0.876847187441356,0.882471499744236,0.888248381350502,0.894240027891066,0.898290493307336,0.902125456418977,0.905053158157121,0.907053246705224,0.909848871459621,0.913712393661181,0.914443400469505,0.917540526541604,0.918684365191694,0.923454685140274,0.925158211771067,0.926366040743626,0.927424663481742,0.929210391521083,0.930028476974588,0.930879077271952,0.931750692939705,0.932413916054734,0.933499773727757,0.934201350407126,0.934936963350198,0.935251233517485,0.940845545099999,0.941570823782661,0.941982261620284,0.942335174536857,0.942771452795555,0.943218222480945,0.943956019504691,0.944173078593367,0.944483495449822,0.944663031565115,0.944960849599845,0.945785873722076,0.945964557655879,0.946215787335949,0.946362124095326,0.946518143784004,0.946766125402808,0.946908613502503,0.948427239274663,0.94862504035734,0.948732957229671,0.948976775066294,0.949107582924547,0.949203176340866,0.94928088703843,0.949324733642908,0.94940239483961,0.949490872512461,0.949567255383068,0.949720213412149,0.949761673543809,0.949845771144508,0.949958604158848,0.950035001131906,0.950176764782579,0.950222523998739,0.950305924165773,0.950505928645887,0.950593913687592,0.950685398366225,0.95073638432735,0.950787447256196,0.950848801038243,0.950888788508807,0.950925824843509,0.951127481893057,0.951218871102424,0.951258728166098,0.951308980125842,0.951329650348481,0.951380108794175,0.951416557592117,0.951460169253023,0.951485769876326,0.951506606436215,0.95154296763943,0.951568331154533,0.951589531943157,0.951647228523183,0.951676563746596,0.95169700046789,0.95173265230311,0.951758429962657,0.951791160323567,0.951859151419636,0.951882765218158,0.951900200855936,0.951914836274693,0.951929630894896,0.951982755232562,0.952006338224025,0.952018985349161,0.952052656840743,0.952067194141957,0.952084378516088,0.95209257746854,0.952284755729487,0.952464937260159,0.952488085414674,0.952498054990492,0.952516517199005,0.952530866271675,0.952555683427095,0.952575898134283,0.952611152856109,0.952635290876905,0.952650326191291,0.952667122156911,0.952772594526594,0.952792989892993,0.952804449223489,0.952826688561529,0.952843746812004,0.952851915039064,0.952882298458269,0.952904561911428,0.952919673113163,0.952947377311506,0.952956185184617,0.95297334164566,0.953001010047492,0.953011630607105,0.953030399623361,0.953043445099584,0.953079561231939,0.953087260461741,0.953098114126036,0.953110091220564,0.953124153676396,0.953144717391471,0.953163806129255,0.953173614769053,0.953183360193804,0.953200306258836,0.95321082460469,0.95322938175986,0.953237160362512,0.953261055432207,0.953267758440396,0.953307983478486,0.953310248535318,0.953323313858878,0.953329799356821,0.953368173327978,0.953373128585583,0.953376451882341,0.953387127749656,0.953401006033259,0.953419405984979,0.95344326707054,0.95345891055684,0.95346891259087,0.953472270367852,0.953479456566376,0.953483733659673,0.953498051553101,0.953511513939064,0.953520202314317,0.95353530538777,0.953543451477717,0.953549192832499,0.953554520344166,0.953562591905297,0.953570250010391,0.953585209837741,0.95359358090849,0.953607956529263,0.953636327183061,0.953646398150399,0.953655276060562,0.953663305067043,0.95366996679783,0.953673901409996,0.95368259489526,0.953960956387136,0.954003451602977,0.954006520447919,0.954016528703742,0.954024617824299,0.954031656503596,0.954051163545398,0.954060346106832,0.954066725014874,0.954068610115227,0.95407302727986,0.95408349329584,0.954092309313656,0.954104677905804,0.954110974014148,0.954121156606703,0.954126668157274,0.954170916418414,0.954174761608024,0.95419661982055,0.954201254217057,0.954202588863305,0.954211410378612,0.954213530597963,0.954227802852987,0.954232035874036,0.954235182304658,0.954241731965626,0.954251489233741,0.954264942611348,0.954270771053299,0.954273537655472,0.954276734024188,0.954286052514692,0.954291390983383,0.954292678214562,0.954299427631018,0.954306082035716,0.954326266596612,0.954330998409715,0.954334218369577,0.954396160330449,0.954405394366731,0.954407723931558,0.954410464618199,0.954410996291311,0.954417320633825,0.954421124848031,0.954428185502118,0.954432297610709,0.95443368644207,0.95444038662958,0.95444751552933,0.954457305193816,0.954457826952668,0.954466102390194,0.954471251164717,0.954484585566333,0.954488702173464,0.954495420480288,0.954499068591811,0.954500664335227,0.954505557953822,0.954509224455016,0.954512623726843,0.954514953252607,0.954522269750519,0.954531677310596,0.954535145063049,0.95454368338319,0.954564908267022,0.954572915803693,0.954574139208234,0.954582083188464,0.954584975163462,0.954590747991632,0.954593396615134,0.954612817733611,0.95461991590182,0.954626974777034,0.954632601680544,0.954636510606206,0.954641856621821,0.954646885568182,0.954669815355276,0.954678433299124,0.954683339165455,0.954688144324965,0.954690605662112,0.954692300692964,0.95470889315491,0.954714027640415,0.95471928667968,0.954721954125657,0.954724102581816,0.954737542215474,0.95473973179011,0.954742046479895,0.954744274594804,0.954745296976118,0.954748678447707,0.954750919604883,0.954754048152625,0.954756735941896,0.954758976828122,0.954773061564317,0.954774200852924,0.954783746261978,0.95478527980533,0.954787039403111,0.954791088199945,0.954792958738853,0.954798591685822,0.95480313897211,0.95480631585848,0.954812093069489,0.95481720453098,0.954822067645338,0.954840901119906,0.954856669443197,0.954862741771748,0.954865250011795,0.954870057225361,0.954873532912078,0.954876034372907,0.954952888138188,0.954953821262387,0.954957471137504,0.954962451896721,0.954965090992771,0.954967622146551,0.954970871712749,0.954974075077171,0.954974961081063,0.955074901207469,0.955077663449613,0.955080284387334,0.955083028367944,0.955086523016739,0.955091590646825,0.955092232364025,0.955093263613749,0.955097876986194,0.955105394980032,0.955115517049814,0.955118525510135,0.955119240896546,0.955120354108689,0.955122544817107,0.955126605401412,0.955127997726227,0.955135872500825,0.955138064055937,0.955150416893116,0.955152332882154,0.955159624459353,0.955162104469724,0.955172981161687,0.955179875054135,0.955182816598489,0.95518381389557,0.955186636455237,0.95518859416128,0.955214437609128,0.955215947585674,0.955218131230964,0.955219357898563,0.955222142127235,0.955224608916179,0.955227561961205,0.955234076014758,0.955236890407516,0.95524158683868,0.955243949669771,0.955244823259843,0.955246762880773,0.955248603012047,0.95524994095835,0.955255167360256,0.955260226068672,0.955273441726053,0.955275276079848,0.955277572117031,0.955278997205678,0.955283011766541,0.95528649415189,0.95529093180665,0.955293234838039,0.955294708262149,0.955295036420088,0.955296620797986,0.955297186823803,0.955299501500864,0.955301980108522,0.955305063850095,0.955305571284942,0.955306782778992,0.955310539666985,0.955312745001618,0.955316388038854,0.955321440656369,0.955325062700645,0.955328094439518,0.955328603639078,0.955329994870027,0.955335273861641,0.955335877507252,0.955337435339405,0.955339537911285,0.955341532230524,0.95534376023261,0.955344472041751,0.95534743234762,0.955349924811156,0.955352386691851,0.955355648543741,0.95535623540109,0.95535772336121,0.955360756796342,0.955361811236075,0.955362402443702,0.955363941955613,0.955364694999456,0.955368105261563,0.955372592275749,0.955376002053602,0.955378422567964,0.95538155983578,0.955385315016439,0.955387197908779,0.955388934436496,0.955389309399476,0.955390840773106,0.955393808883333,0.95539637478258,0.955400488480792,0.955404216352769,0.955408192953987,0.95541677635761,0.955422099563572,0.955424072909458,0.955427851122676,0.955428287051959,0.955432603358567,0.95543504103072,0.955436463341528,0.955437025092186,0.955439226068964,0.955441041828759,0.955444124369285,0.95544645217571,0.955491460062419,0.955493709651621,0.95549572001735,0.955496450025731,0.955499146745982,0.955500645518768,0.95550242516588,0.955505293920315,0.955507266756981,0.955508280216127,0.955511342907732,0.95551290699925,0.95551349744442,0.955515314758448,0.955517183577778,0.955521628132578,0.955522471129558,0.955524577711495,0.955525318484248,0.955529591065941,0.955530846473366,0.955532333644026,0.955533016297412,0.955535783646302,0.955537212422208,0.955537909156019,0.955538211622995,0.955539332393349,0.955539821714429,0.955539870605615,0.955542316103783,0.955543876038148,0.955545058893945,0.955545904809981,0.95554600977959,0.955547830909863,0.955549192708497,0.955551185098582,0.955552628232921,0.955557314841051,0.955558049337552,0.955558405301258,0.955560110021987,0.955561041315837,0.955562170964924,0.955565341940465
0.470737309350504,0.531056758787192,0.538106194116783,0.5427771190892,0.546619999613193,0.652092721876248,0.654859765657659,0.699789190951574,0.710555894352418,0.760699485050433,0.762502380046822,0.779905955752981,0.804446420578669,0.810140731353887,0.816921544138282,0.83329929576209,0.850117017057753,0.856046723974418,0.863198333929792,0.864579722420538,0.884517824611483,0.886600315746986,0.893392508852152,0.897410455830132,0.89852739340571,0.90480769005228,0.910317120672633,0.915998216260224,0.918581878066158,0.921859110309292,0.925178606898985,0.929699141557086,0.931331897996008,0.933048734454733,0.93849314282988,0.939806868336392,0.941385659649751,0.943663093832268,0.94446881579639,0.94535447267865,0.945959766282181,0.946915891098801,0.948150887530457,0.950373888153464,0.951491093475005,0.952757881649728,0.954457753890503,0.95558589022923,0.956109919701648,0.956684883369702,0.957144598602848,0.958038679295432,0.959090968204908,0.95942438399856,0.959777050781058,0.960247209784589,0.960895383179717,0.961663250064878,0.963378449518721,0.963653529133635,0.964465098280509,0.965807234333346,0.966466365224669,0.966959598341683,0.967701083922638,0.971380123153527,0.972075689305551,0.972331034770551,0.972657496577776,0.972915424022002,0.973800915174448,0.974189092404114,0.974483171787086,0.974753211406383,0.975565659201682,0.975973564973858,0.977073217877035,0.977396894058635,0.977806159321088,0.977942351911673,0.978094958136821,0.978244420425064,0.978437858883329,0.978636246954295,0.978982116595109,0.979329918592176,0.979396812765492,0.979501744098661,0.979745124296883,0.979877483760764,0.980061635746427,0.980347737063441,0.980525565485852,0.9807694862357,0.98090028612114,0.980994841026404,0.981042637347715,0.98121753079606,0.981258822521167,0.98167977157114,0.981769556602011,0.981835851012803,0.981910308229988,0.981948278523365,0.981989589213795,0.98217226647185,0.982219435093942,0.982413001792165,0.982617290032232,0.982745419104043,0.982779411330533,0.982879349964695,0.982921952651241,0.983054926335534,0.983104397837765,0.983184216384077,0.983204184095825,0.983258647649044,0.983293810442659,0.983313872840372,0.983405288790653,0.983486142078936,0.983539800112219,0.983654055363496,0.983678026643178,0.983713050087159,0.983798053646006,0.983882487595081,0.983921365082612,0.983971264549763,0.984023989105434,0.984059107975313,0.984093365273704,0.984217371564269,0.98425212608563,0.9843383025491,0.984354911717226,0.984382927018654,0.984399198548207,0.984447257023035,0.984467147351107,0.984495647199204,0.984502595870613,0.984605316717494,0.984642727756696,0.98468536635476,0.984824061291121,0.984885203592151,0.984906041657722,0.984962937726705,0.984968165368946,0.984987358639818,0.985043132910583,0.985084382519092,0.985110079841541,0.985149232232285,0.985166082674504,0.985184984783484,0.985204542712356,0.985239825767355,0.985257007095191,0.985268502390331,0.985296708546322,0.985321745564165,0.985336443927623,0.985347515871086,0.985462772388726,0.985494425833202,0.985526237158385,0.985535759889262,0.985568063762085,0.985579092477017,0.985591012658266,0.985614678576643,0.985647117834384,0.985691905266881,0.985706518736102,0.985751609164511,0.985803275218693,0.985847375197269,0.985855528906058,0.985882764254311,0.985886575671909,0.98589324521372,0.985920818622986,0.985930190561842,0.985949109146784,0.985960984930531,0.98597345362847,0.985984155547723,0.98599918741728,0.986031505252492,0.98604676620692,0.986058752540421,0.986076689712517,0.986092589108354,0.986118651661937,0.986150092857369,0.986160699962358,0.986219216926108,0.986240087810927,0.986258721244377,0.98626821463509,0.986284787232939,0.98629244784811,0.986294883571867,0.986311448309182,0.986330993854772,0.986338478975464,0.986356598364681,0.986383068646268,0.986402787861614,0.986410493904618,0.986439117600398,0.986451640353665,0.986468625626769,0.986483399765381,0.986488808835156,0.986508026849477,0.986515177311019,0.986525422909409,0.986536268696804,0.986544517340167,0.98656220594151,0.986569660197205,0.986592817984747,0.986599878585533,0.986602519590409,0.986611251311754,0.986624109837581,0.986634693474727,0.986644067193432,0.986653862746878,0.986669643430815,0.986681273397304,0.986689130136181,0.986694324988868,0.986700632110087,0.986706249731089,0.986716004033004,0.986725891236919,0.986739511049795,0.986752243559052,0.986766323958986,0.986770113818836,0.986777882247023,0.986785656218918,0.986790496225379,0.986797800236078,0.986804893965452,0.986819987672686,0.986821779604381,0.986828340220451,0.986833815779047,0.986848488182173,0.986850362115173,0.986858337431053,0.986870302410197,0.986876719537542,0.986883131172787,0.986888720188043,0.986896888536487,0.986909264696775,0.986915513175789,0.986932448000353,0.986944059418666,0.986944958296843,0.986955273041063,0.98696055501468,0.986961324518718,0.986967866245614,0.986989425121315,0.986994463022461,0.987006153331948,0.98701551316078,0.98702523785367,0.987027986896691,0.987037266910044,0.987044167512723,0.987046369572455,0.987049498820115,0.987057418392849,0.987059485377199,0.987063046267493,0.987064702794197,0.987072138137879,0.98708005492983,0.987086156744755,0.98709080616073,0.987104235630565,0.987117374683615,0.987121639143075,0.987123827623812,0.987127209441794,0.987135593852464,0.987140736109285,0.987142809931962,0.987146413863296,0.987159984650289,0.987168297628548,0.987175457058545,0.987181177320357,0.987182897558265,0.987185521875541,0.987188843768207,0.987197545090368,0.987210856258994,0.987218055510689,0.98722463505019,0.987227292798131,0.987236246204402,0.987237230400536,0.987244862099944,0.987248874179522,0.987254406672892,0.987267707877776,0.987268957882347,0.987277815050999,0.987290437189084,0.98729528329386,0.987303579017777,0.987312309345435,0.98731704930346,0.987326912024313,0.987332813697449,0.987336627720013,0.987344686544663,0.987351456034977,0.987354502712323,0.987356377555734,0.987357516392206,0.987359165063134,0.987366093117432,0.987372939876257,0.987376090944567,0.987384809856924,0.987387839006673,0.987394666805154,0.9874062360874,0.987414568929526,0.987418293605155,0.987422256701192,0.987424934499842,0.987429998451259,0.987435733376032,0.98744269418986,0.987445691494714,0.987450320279762,0.987455910448593,0.987461755743582,0.987465138894373,0.987477551031316,0.987483677107489,0.9874939342846,0.987499690332408,0.987502937534318,0.987503680729559,0.987507513826198,0.987511559195094,0.987517668912964,0.987522593554019,0.987525701190167,0.987528029574658,0.987529690404672,0.987530013475879,0.987534616088364,0.98753682747216,0.987539415841366,0.987541525600862,0.987543989851675,0.987552239980835,0.987557349270283,0.987560946362524,0.9875615767636,0.987562380192784,0.987568948355925,0.987569204576932,0.98756957468857,0.987573283208344,0.987585879968879,0.987590279769168,0.987603278228498,0.987642673733418,0.987648584251734,0.987652176163294,0.987661172815595,0.987663823461377,0.987666758573117,0.987669757037399,0.987670665556971,0.987672526880806,0.98767743102858,0.987679501040896,0.987682523941531,0.987684986509587,0.987685514095012,0.987686947506476,0.987690769505751,0.987693912992496,0.98769553655593,0.987696601499024,0.987705786100867,0.987709728676474,0.987711667793494,0.987713711785429,0.987718730129165,0.987720170878015,0.987723733601018,0.987724495841517,0.987729450216628,0.987731500021641,0.987735073266003,0.987737986406496,0.987738644433952,0.98774015402495,0.987740928638496,0.987742458765835,0.987745695792482,0.987746002279583,0.987748879148016,0.987751123047224,0.987755126580194,0.987757186868786,0.98776097042461,0.987763244259113,0.987765805796315,0.987783140499561,0.987791286066846,0.987793144029517,0.987795338661957,0.987796829983257,0.987798712957162,0.987800632164379,0.987801944356667,0.98780780344907,0.987809749345946,0.987810823260123,0.987813807140393,0.987817799035359,0.987822180754568,0.987825471639354,0.987826728722961,0.987827846295999,0.98782825609633,0.987829652931557,0.987830472235577,0.987835538474635,0.987836637999271,0.987838511116951,0.987838892443346,0.987844462200078,0.987846379478924,0.987848172238394,0.987850797555772,0.987854489424944,0.987858032649229,0.987858759889773,0.987861842662526,0.987863901495794,0.987869995545536,0.987873040211378,0.987875216105462,0.987877908526856,0.987879646932079,0.987881059904998,0.987881868527167,0.987885927130337,0.987889586013712,0.987891310428214,0.98789365200164,0.987894232353505,0.987895407112606,0.987896054282277,0.987897527022729,0.987899618385781,0.987902361786531,0.987904542628973,0.987908575627768,0.987909723108862,0.987914728838589,0.987916086609235,0.987919015240368,0.987920238054394,0.987921877922156,0.987922963826809,0.987925727808595,0.987927574204614,0.987929077580796,0.987931648969075,0.987933015636896,0.987934742645435,0.987938308704345,0.987939594358251,0.987942590530997,0.987944037409357,0.987945715127141,0.987948267709285,0.987951224840055,0.987951308325988,0.987955001972104
0.531547092404169,0.563092351684542,0.601424874749722,0.61659573784927,0.631900474488956,0.632186309021894,0.640778711535557,0.714189815185033,0.715547903212816,0.74287482695349,0.745462625786641,0.760808811144589,0.776268026434541,0.776649282398712,0.793279909328971,0.795807237189373,0.802317545051491,0.806109674967697,0.81990782069736,0.823263449827738,0.838521621080842,0.840678818514663,0.843502119735441,0.875264235375319,0.884324540142301,0.893576765464013,0.897165905772346,0.91569457897191,0.918978125678579,0.920984610482009,0.925867308313847,0.926666301842678,0.929022276797811,0.932586209753341,0.935856568316201,0.940567645020306,0.943199936214479,0.944368959824362,0.945912151167178,0.947732241220893,0.948446565342385,0.949664609467941,0.950324302275431,0.951013429824355,0.951632694296654,0.95631209701172,0.95690961630478,0.958363022578595,0.959805312265437,0.960633060281202,0.96146935753335,0.962089180790316,0.962986689047586,0.96389056747158,0.964331332554077,0.96523354294015,0.965506935003377,0.966476800719912,0.967079837789571,0.967527827588829,0.967882201997442,0.968567287418546,0.968687245879577,0.96898213795526,0.969366647393836,0.969620508599431,0.969987487696708,0.970321692331291,0.970740446956089,0.970833538223773,0.971069318320493,0.97138157214368,0.971866396720356,0.972204385129082,0.972516248109084,0.972661400119549,0.972722458248452,0.972861342717695,0.972974001539127,0.973100703491384,0.973401074043011,0.973566920081185,0.973697633304763,0.973812546528714,0.973957900796615,0.973983208128816,0.974135167502181,0.974193101141455,0.974283511769569,0.974409713170863,0.974686507657835,0.974747109245222,0.97489010547099,0.974947249816752,0.975029095328533,0.975052651306065,0.975161880040631,0.975506928133515,0.975603471516286,0.97571584311612,0.975783341124666,0.975832144074263,0.975888189190831,0.976039369882835,0.976138773480019,0.976250493234096,0.976319747194492,0.976357595420978,0.976401084984924,0.976488254642522,0.97655244461813,0.976579833473767,0.976713318113803,0.97676236234781,0.976826405130619,0.976965120804372,0.97699557114754,0.977084919175311,0.977112437928641,0.977169994339585,0.977216071141223,0.977239733219055,0.977267008299082,0.977294791771498,0.977338704681063,0.977368135819925,0.977415612752489,0.977468542854339,0.977490193713714,0.977557062806999,0.977595367423415,0.977621859828875,0.977640477989936,0.97766911267161,0.977685660917527,0.977716471211272,0.977745315963896,0.977819944532689,0.977874563115841,0.977880821220604,0.977929656304735,0.977956279229908,0.977977778045904,0.977987414658297,0.978059327601143,0.978113462025634,0.97812363119895,0.978139365707563,0.978182357120382,0.978208097590357,0.978233302035399,0.978255100443152,0.978291520910598,0.978303278144699,0.978331060130407,0.978333462706699,0.978343476171869,0.978353074702475,0.978362572843796,0.978374046595834,0.97839924302726,0.978415074902466,0.978440933054959,0.978446327906201,0.978464879603588,0.978477969251505,0.978500916057586,0.978516784866877,0.978528751511827,0.978540874788989,0.978560724699171,0.978574936377856,0.978591122239404,0.978600879387463,0.978615389556524,0.978638966478276,0.978659574647408,0.978697300078372,0.978726888447743,0.978744046243758,0.978763524949687,0.978784069033302,0.97881477112086,0.978824362253256,0.978831146223592,0.978839444565258,0.97885682425796,0.978888147503712,0.978909334386136,0.978918322101554,0.978921435994765,0.97893327563136,0.978945368708483,0.978953835586319,0.978963730028142,0.978971403757328,0.978983259244771,0.978994931546558,0.979006974866669,0.979019473767046,0.97904808672812,0.979063886127181,0.979076006311767,0.979086305920543,0.979093383915347,0.979105338477926,0.979108406320635,0.979112025491434,0.979119341903636,0.979128218242941,0.979139981261557,0.979159160983849,0.979165290463364,0.97917912367704,0.979187734284205,0.979193172825121,0.979204211690188,0.97921557683127,0.979220147832642,0.979249970484426,0.979258484446357,0.979271191294475,0.97928377302846,0.97928961636574,0.97930249144941,0.979311019113093,0.979331301834844,0.979343958538588,0.979346930805022,0.979361859687211,0.979364647767759,0.979371183756005,0.979383229993198,0.979397943983099,0.979399278935045,0.979409247619484,0.979417481419208,0.979428710864414,0.979441758694117,0.979447703288049,0.979448951042201,0.979455955861471,0.979466338281619,0.979470052042317,0.979475835041772,0.979480433240774,0.979498428808427,0.979508807862984,0.979517263266871,0.979524300996258,0.979529802441305,0.979537332922588,0.979540576025401,0.979542486133276,0.979547352809985,0.97957005651706,0.979578769730674,0.979585708719801,0.979587932394733,0.979591746588277,0.979597041470123,0.979607039624047,0.979611602194651,0.979620587897774,0.979628080689159,0.979630425346664,0.979636193055528,0.97964028778754,0.97964756470584,0.979653717658385,0.979661739153693,0.979665872131614,0.97966709717062,0.97968021625388,0.979682562689205,0.979689311855777,0.979691247501635,0.979697904157519,0.979705814801915,0.979713724328146,0.979714600166158,0.979719231069822,0.979721291900363,0.979727249671695,0.979729343092202,0.9797310214287,0.979742510275196,0.979745835162514,0.979757692121574,0.979760799550182,0.979761146060706,0.979773372663616,0.979775329149748,0.979781154635902,0.979792010554011,0.979796522787914,0.979799407266083,0.979806612434358,0.979809771482415,0.979814722121481,0.979821970058567,0.979830280768953,0.979840458377485,0.979844136778668,0.979847339166098,0.979849312151672,0.979857253521173,0.979859930260633,0.979861654898401,0.979863691256927,0.979866070013784,0.979867974074977,0.979872290410053,0.979872772936783,0.979887992095835,0.979890099762234,0.979891858957136,0.979901976212994,0.979906623603039,0.979916993150661,0.979920677609645,0.979923219304221,0.979927448824709,0.979929255835975,0.979932445882495,0.979933313605432,0.979937084381267,0.979942441080137,0.979947451952921,0.97994964492341,0.979953344939626,0.979954199143206,0.979956512587986,0.979961800705205,0.979965289842173,0.979967586147756,0.979972500424488,0.979975879602068,0.979980769967814,0.979986140808311,0.979987694113848,0.979989666332063,0.979995849333746,0.979999314389556,0.980005573244813,0.980008398949013,0.980012733227594,0.980018335405144,0.980019342790867,0.980020280638385,0.98002067619203,0.980025854437781,0.980026909019095,0.980031895766732,0.980034470914582,0.980036939732869,0.980038214473052,0.980045326224599,0.980046895282504,0.980051003071986,0.980054991667316,0.980056002070296,0.980056431849168,0.980057210343583,0.980060070425881,0.980064335764216,0.980066447519674,0.980072529218338,0.980076705734691,0.980079756322198,0.980082149194587,0.98008784954643,0.980090216064289,0.980093070029507,0.980093917105499,0.980095950503684,0.980096547710903,0.98010050251589,0.980103430835881,0.980105092262447,0.980105471326746,0.980108715399306,0.980110946134768,0.98011392293062,0.980115667031372,0.980119278568517,0.980125333499403,0.980126783014458,0.980128255349271,0.98013063818801,0.980133520945232,0.980142004256671,0.980145133537471,0.980146734374543,0.9801494194055,0.980152533882102,0.980155202997251,0.98015982318525,0.980163284750072,0.980165333142592,0.980171013220961,0.980173926912057,0.98017843560552,0.980179420466689,0.980180373850983,0.980186470140073,0.980188018604925,0.980191235324536,0.980193871261014,0.980198111184251,0.980199092693681,0.980199558065365,0.980204894837533,0.980207378485143,0.980211309935047,0.980213660962726,0.980218628236416,0.980220552904622,0.980222991650859,0.980224143874447,0.980226515078759,0.980227855618401,0.980231757363654,0.980233237449103,0.980235986317088,0.980236237637101,0.980237226778518,0.980239326215176,0.980241179121818,0.980244614092238,0.98024815628134,0.980249882463779,0.980253291190557,0.980255477617811,0.980258063452855,0.980260205029634,0.980262115202076,0.980266502305048,0.980269642522175,0.980270398885866,0.980271587833605,0.980273054606217,0.980275816103713,0.980278078150429,0.980278642023835,0.980279505248513,0.98028074776778,0.980283569346151,0.980286766754518,0.980287218957068,0.980288719472414,0.980289516514997,0.980290136919541,0.980290714034791,0.980294750495328,0.980295754039919,0.980296593875505,0.980300321113211,0.980300391248335,0.980301605708332,0.980303238845773,0.980304898586539,0.980306800495209,0.980307022981601,0.980308420426828,0.980310437182561,0.98031305255276,0.98031451096094,0.980317031066863,0.980317578159556,0.980320435980451,0.980323615449864,0.980324955494452,0.9803289517006,0.980329206263941,0.980330891034082,0.980331220889082,0.980331357063119,0.980331735712248,0.980333698935908,0.980335109286175,0.980339653773864,0.980341083570932,0.980342236497291,0.980342929373721,0.980345556187807,0.980346360784935,0.980346989993012,0.980348408837452,0.980348592381654,0.98035049620202,0.98035099719998,0.980352480030308,0.980353619275177,0.980359598551796,0.980363220021559,0.980364945048186,0.980366739254803,0.980368426551177,0.980369522247774
0.54949546154149,0.590847869390293,0.604324287029303,0.605400700521864,0.655513164975473,0.660908224065487,0.665970151802884,0.669564532820351,0.679108690979501,0.683867333783884,0.712419734411724,0.717674489371948,0.731205577979466,0.747674138646725,0.776383419424834,0.782547734768543,0.795836813777284,0.803984104211268,0.812024110159222,0.81984881367491,0.825158375672179,0.828211197153953,0.834928208520444,0.839884859971727,0.842083170352055,0.84744712531502,0.850106664760266,0.855666217616431,0.856539325342576,0.86366555564298,0.879166169906809,0.885004569513378,0.887301700824985,0.890723075743493,0.902896300310873,0.906635987134035,0.909652494412392,0.911269174512967,0.912817895716712,0.91412986831517,0.916048607604655,0.916574045171181,0.918167209304883,0.918409882575708,0.920009910824853,0.922264451671989,0.922598242878449,0.923718485595938,0.925258386131586,0.926843180240998,0.931332324292457,0.935140794936334,0.936780068534073,0.938384329972933,0.940305195617344,0.941369824396088,0.943877060950369,0.944571339768143,0.945680044606481,0.946352393165624,0.946858055176949,0.948352959716203,0.949859859441295,0.951270963094937,0.951646101832326,0.952593674882154,0.95332627782472,0.953606648485654,0.954762909522791,0.955209092761829,0.955725630184425,0.956282207678922,0.9564920552067,0.957305315314452,0.957516150071077,0.958142883118677,0.958322921842704,0.958593426632379,0.958782182322073,0.959072664474245,0.959350465273819,0.959757345141737,0.95997622536864,0.960438794191889,0.960621651880112,0.96079540438054,0.960881693781619,0.960992823988197,0.961070411063359,0.961180056888811,0.9614320751725,0.961571909758167,0.961682469319138,0.961775985832521,0.961858209285117,0.962098442538215,0.962195808055737,0.962298803175827,0.962372441655079,0.962415285865994,0.962456081437618,0.962497857506468,0.962579271107486,0.962636837231503,0.962656096995663,0.962749587020176,0.962824564557685,0.962917699613191,0.962947844012119,0.963348539893369,0.963380155538592,0.963476625207593,0.963516823715062,0.963591618661206,0.963635667697816,0.963773237220838,0.963862604730146,0.964001943135028,0.964054328590809,0.964073902121604,0.964108754325651,0.96415252018043,0.964235222594129,0.964341600838631,0.964360166804396,0.964549677751092,0.96457214396006,0.964604426158867,0.96462892697486,0.964689090460209,0.964761017168622,0.964933055003352,0.964966965244557,0.965009210430479,0.965071398670586,0.965362531729376,0.965409169079209,0.965435747605065,0.965456727586122,0.965602453149105,0.965623551094288,0.965654980753955,0.965808830005403,0.965845445218966,0.965900258835121,0.965966232154953,0.966041958310154,0.966117250054945,0.966238568977569,0.966334038949885,0.966366052494008,0.966403362564263,0.966458302603438,0.96652713940579,0.966573492256446,0.966599157839996,0.9666150562183,0.966628322941364,0.9666603224709,0.966713598695802,0.966723109084981,0.966748833601103,0.966766121403428,0.966863705330918,0.966916320801201,0.966932864928458,0.966977327656844,0.967009108339768,0.96702427302975,0.967070389590158,0.967096391065091,0.967152520630469,0.967213117654978,0.967228452701513,0.967259626055177,0.967341368463226,0.96739743932129,0.967433145475613,0.96749794773821,0.967539311477562,0.967587451528321,0.96760719967649,0.967619898437433,0.967631619389514,0.967680274400265,0.967716574163379,0.967731560381831,0.967771893519488,0.967842344177364,0.967853539059762,0.967901525555474,0.967912838778614,0.967917370190783,0.967923482461049,0.967936672863293,0.967956721279199,0.967988590084027,0.967995044588812,0.96803426137532,0.968046363347925,0.968093642508118,0.968140536761975,0.968145054428242,0.9681551558364,0.968187171079144,0.968192610545675,0.968204400643278,0.968275041249155,0.968292039314826,0.968304239586989,0.968313806367114,0.968338696234403,0.968373167448676,0.968393378360844,0.968441852487622,0.968470540928971,0.968478345254337,0.96851415651725,0.968539071251231,0.968555615587623,0.968565685088352,0.968593262087556,0.968604959592583,0.96861072574391,0.96862928139295,0.968634903983521,0.968646879609319,0.96865476942219,0.968688074204334,0.968702837979195,0.968740105784197,0.968755093722628,0.968766827958676,0.96878439256944,0.968810965894793,0.968843477943219,0.968848628033355,0.968869403829881,0.968872921247487,0.9688955016344,0.968922961788518,0.968930363599062,0.968950790383058,0.968958051477134,0.968976284097189,0.968987643867436,0.968996614908223,0.969005023891792,0.969019248227497,0.969028582931997,0.969039357554093,0.969044700331826,0.969048854744888,0.969056976894983,0.969062077904882,0.969067970905739,0.969071788305759,0.969085180241366,0.969103458741277,0.969109268986603,0.969127377185807,0.969150925739645,0.969159012420029,0.969168258347114,0.969174788599129,0.969206107431738,0.969213998556491,0.96922270833162,0.969233070436234,0.969249245311617,0.969256981975061,0.969263693934459,0.969266359073202,0.969280024433296,0.969285130278898,0.969300668604467,0.969310088429105,0.96932248154206,0.969327806658119,0.969331702173051,0.969346814262498,0.969354219475625,0.969361186792457,0.969369085401686,0.969370146997143,0.969381785670699,0.969387762934359,0.969392600837521,0.96940445968906,0.969409732318738,0.969418661705197,0.969421986748077,0.969426967942004,0.969430807882122,0.969432583807634,0.969434429076521,0.969436809269639,0.96944658252478,0.969447878851328,0.969451531745498,0.969460390542023,0.969469054783496,0.969472691791834,0.969477182570231,0.969478592823349,0.969489142296371,0.969491863485097,0.969507531852108,0.969512079916199,0.969524446694391,0.969531103220612,0.969536417684917,0.969537933612134,0.969542194241561,0.969545006308337,0.969547579145421,0.9695568119443,0.969562460559253,0.969568853370351,0.969575189632404,0.969578674294729,0.969582638763599,0.969584054824956,0.969587031645173,0.96959576430503,0.969605372192403,0.969610338362641,0.969620168608078,0.969625769296273,0.969627064771206,0.969629299323772,0.969634045080919,0.969637731586843,0.969644935043429,0.969653932062413,0.969666622885191,0.969670710546989,0.969672636953298,0.969676298816679,0.969683082599622,0.969688265576296,0.969701092431563,0.969703034081624,0.969713118913235,0.969716776068356,0.969719217403071,0.969722674075583,0.969724088243017,0.969728202505636,0.969732610112369,0.969741433339869,0.96974916951559,0.969753079029371,0.969754322426036,0.969758491235388,0.969762511175286,0.969763894037886,0.969766925871431,0.969768814269153,0.969774953070738,0.969781330744334,0.969789671394976,0.969792786892449,0.969797527420305,0.969800523170859,0.969802778981329,0.969807616456055,0.969812757641835,0.969820152283682,0.969824189120451,0.969829249396392,0.969830045373608,0.969831218485271,0.969832954376723,0.969837999279139,0.969839143185925,0.969842053781893,0.969845468789726,0.969846145508821,0.969850747148436,0.96985245362347,0.969854017992073,0.969857935357177,0.969862300580784,0.96986412044749,0.969865669006833,0.969891270322021,0.969896729944787,0.969899154545811,0.969901653047055,0.969906726242135,0.969907694816003,0.969911038471236,0.96991207686278,0.969913673566392,0.969917566235605,0.969918775054332,0.969920024494337,0.969921725039823,0.969923127683045,0.969923563176589,0.969925559807607,0.969931015967992,0.969931820652479,0.969937212443366,0.969938289326832,0.969940140823858,0.969943697233773,0.969944734407157,0.969946239602643,0.969951035408562,0.969952091251905,0.969957290413821,0.969957976144061,0.969958426116935,0.969958988553714,0.969961926132358,0.969968144170087,0.969969207361505,0.969973362012032,0.969975399838715,0.969977539875253,0.969980517508866,0.969984375047757,0.969987170849373,0.969989144240651,0.969991851952129,0.969993868214975,0.969995713287447,0.969997803207099,0.96999987288554,0.970001493222681,0.970005026817909,0.970010833504246,0.970012903027752,0.9700141953302,0.970015678313281,0.970019677709176,0.970019868421409,0.970020655980214,0.970021925027793,0.970023263260396,0.970024306789404,0.970030630682331,0.97003178150443,0.970036476765903,0.970038001368803,0.97004282628905,0.970043740626745,0.970044487873634,0.970048204926409,0.970049077128958,0.970052615754354,0.970053152334973,0.970054324859426,0.970055086326925,0.970056497307231,0.970056552657748,0.970057008666769,0.970059310432086,0.970059623435664,0.970060185156364,0.970065955016881,0.970067641121851,0.970069232387039,0.97007182161188,0.970073679940683,0.970074105476582,0.970074382937901,0.970074593522882,0.970074857516925,0.97007917526633,0.970080024608732,0.970082980907344,0.97008454426814,0.97008758312882,0.970089221128057,0.970091363686569,0.970095110779298,0.970095382179535,0.970099363772832,0.970099694613846,0.970103205810459,0.970107451353083,0.970108351283917,0.970109527783431,0.970112226753526,0.970113652036357,0.970114018187868,0.970115276513348,0.970118740346443,0.970119106422518,0.970120374536163,0.970122175218721,0.970123977530831,0.970125850136894,0.970130692622892,0.970132116000102,0.970132121019841,0.970141789559416
0.486037348193562,0.584066553993537,0.595584964712508,0.597302511785389,0.602868659714,0.644225749101153,0.682384814097276,0.705802293105259,0.709142024492636,0.729243869802507,0.747083658104449,0.748930036477581,0.751184883996618,0.790072424711373,0.796034899705458,0.806012045575016,0.810136188857321,0.839938880456289,0.848108898596161,0.862057841246199,0.866559911408843,0.878708158786904,0.886631668858836,0.893708579105002,0.900343195723866,0.903738439034699,0.908506023583477,0.912789922393103,0.916803041321779,0.919041237130465,0.9221462171195,0.92574991968657,0.930046445396852,0.932502280438703,0.934463847208073,0.9385546233269,0.939584271965505,0.94053672830478,0.941638102890293,0.942216545776738,0.944898691153317,0.946244303191514,0.949246776971872,0.949666926599262,0.950467071809634,0.950873584507624,0.951473970627306,0.952679965095544,0.954417227745174,0.955377628892789,0.955906426818262,0.957493576753589,0.958493197033837,0.958849200887132,0.959746821286298,0.960623746352662,0.962075968149294,0.962669801840516,0.962882513915325,0.96395888401622,0.965334533936147,0.965579806617897,0.965891773765924,0.96627339852535,0.966731549827098,0.967447168573,0.967794136602013,0.968746519420698,0.969066320864735,0.969451116309007,0.969732299655272,0.970077224742591,0.970243622140479,0.970615312229472,0.970916039438553,0.971324409914116,0.971499673365133,0.971666369325056,0.972009812316982,0.972228756247123,0.972512398189777,0.972671745088958,0.972807796199237,0.973019552208471,0.973292782586699,0.973356419930582,0.973440742799561,0.973813425500699,0.973979997236951,0.974027912564511,0.974198849406338,0.974232231354735,0.974371597274162,0.974581666272954,0.974658050805738,0.9747406164341,0.975036236460006,0.975081173426507,0.97524943687311,0.975337560330096,0.975363163929328,0.975452433360599,0.975538796212293,0.975657636635693,0.975726763592883,0.9757576200398,0.975797648223945,0.975903312662766,0.97598500721864,0.976031244487961,0.976086058146804,0.976189162231339,0.976247154176238,0.976290040014492,0.976318901471194,0.976337081788092,0.976389998981139,0.976433710804751,0.976468995911364,0.976503327216628,0.976533429173046,0.976553930334586,0.976598526003876,0.97663175311688,0.976682684118663,0.976755263287131,0.976795676410276,0.976843575786595,0.976869635618872,0.976910272935201,0.976920490898704,0.976936775364359,0.97696585050709,0.976978811837283,0.97701875213523,0.977061424788029,0.977099010726699,0.977127289126155,0.977170867727239,0.977201324757146,0.977224687491894,0.977253497312135,0.977274560111052,0.977293030927764,0.97730072531387,0.977321838400532,0.977336344141093,0.977353994433001,0.977400229523412,0.977413714667197,0.977450511361869,0.977462596140232,0.977479423157214,0.977513671090547,0.977547747060033,0.977552276675249,0.977563006315596,0.977587218733259,0.977601004703574,0.977617712802702,0.977626676157826,0.977709631431914,0.977729780673438,0.977753763426149,0.977765942925274,0.977783809253566,0.977802142043892,0.977828958301828,0.977848007598906,0.97786507571541,0.97788135545057,0.977901054101034,0.977911606462066,0.97793502734061,0.977939596492423,0.977959322925175,0.977965936964229,0.977981555049558,0.977996180417677,0.978003550064289,0.978010898151968,0.978017218879196,0.978033706631982,0.978045756383101,0.978315534019692,0.978332194408664,0.978343174144469,0.978374394916922,0.978384726113407,0.978528802517942,0.978542982551569,0.978550702186097,0.978560122444171,0.978731646105419,0.97874775427397,0.978760458390702,0.978767865232454,0.9787805138845,0.97878669513547,0.978794240305378,0.978804158941159,0.978820317663567,0.97882679985843,0.978838162190369,0.978842882132487,0.978854822679637,0.978860491547672,0.978864418880508,0.978869893234763,0.978889042494336,0.978903231235495,0.978913815032524,0.97891978195905,0.978927755924048,0.978939678609193,0.978944389965676,0.978955098093845,0.978962338976502,0.978964479435609,0.978981317893397,0.978993583766779,0.978995605207081,0.979004542256415,0.979017020911348,0.979021466080232,0.97906305742706,0.979067481416112,0.979077861728376,0.979098148579451,0.979108776692215,0.979121367201929,0.979129201768228,0.979139335349296,0.979147170264353,0.97915584338164,0.979159998358098,0.979171979520901,0.979223908031734,0.979238927026891,0.979245163824246,0.979248619055698,0.979256176964507,0.979264335976703,0.979267888981716,0.979274292378699,0.979281633817278,0.979284121781274,0.979297099885892,0.979304471271187,0.979314639986248,0.979327067878846,0.979333359501824,0.97934010037419,0.979344129453684,0.979358740101336,0.979366892600734,0.979369953956893,0.979373097109861,0.979379328703884,0.97938748040571,0.979392986018816,0.979401826807354,0.979403456307329,0.979409544055555,0.979415826656936,0.979421002379936,0.979423282041932,0.979430492812207,0.979435922757267,0.97943924522442,0.979455424532938,0.979460059519013,0.979464562370043,0.979467756583957,0.979480205573163,0.97948635582442,0.979488587258837,0.979492909404715,0.979497795885122,0.979502580148964,0.979524339084871,0.979526683185704,0.979529291199824,0.979536425107156,0.979539254384233,0.979544687893248,0.979548818162569,0.979556732704027,0.979559721371434,0.979568094463806,0.979572863876256,0.979581182386722,0.979589200763506,0.979595779326248,0.97959885184157,0.979604696145239,0.979609255466306,0.979610460592233,0.979619150080796,0.979626965924199,0.979629528642786,0.979633226299499,0.979634158594104,0.979637942220735,0.979668591715291,0.979677016988767,0.979683997040673,0.979686870500503,0.979693403399918,0.979703707204268,0.979707558228714,0.979712408328706,0.979716049436575,0.979722698324306,0.979728931249216,0.979732770982281,0.979737261536953,0.979741268160924,0.979750720329403,0.979754772694803,0.979763484884358,0.979765659503665,0.979766720053429,0.97976785610618,0.979769640894829,0.979773162870504,0.979774881968958,0.979777703927306,0.979780317834266,0.979782042264096,0.979798939560002,0.97980354360795,0.979804558499973,0.979812778328998,0.979815634758408,0.979823861127204,0.979826346867706,0.979833207272638,0.979838217933897,0.97984399458473,0.979845354073401,0.979850172093682,0.979855011238191,0.979864152327216,0.979869092528,0.979873144535723,0.979880386058758,0.979882514363087,0.979884007390703,0.97988606834816,0.979887748448377,0.979889659844176,0.979891876759805,0.979894753045697,0.979896833950291,0.979904098340834,0.979911491483699,0.979914238298876,0.979919211664105,0.979922132866639,0.979925036468219,0.979926525809704,0.97992835176688,0.979931825654958,0.979936991236656,0.979943375999897,0.979947579273865,0.979949925660062,0.979954378451647,0.979956313258598,0.979958437739803,0.97995937850398,0.979963089186081,0.979969289199268,0.979972821442357,0.97998772946048,0.979991370217157,0.97999178542593,0.979992844618076,0.979995194311997,0.979996490077828,0.979997907225396,0.979999900549138,0.980000647093558,0.980002045779615,0.980011688491034,0.980012127955039,0.98001363991585,0.980016274358537,0.980020401390942,0.980022212337235,0.980023680261397,0.980030113107071,0.980033466244542,0.980044296703252,0.980049498632105,0.980051292079841,0.980052646363251,0.980053134166303,0.980055861586651,0.980057463820029,0.980059068990618,0.98006000516075,0.980060500720496,0.980064059764577,0.980064918130156,0.980067721967713,0.980071722640073,0.980076740738044,0.980078165187456,0.980082392538102,0.980091199987058,0.980091767925173,0.980094413012874,0.980097096257851,0.980100155370301,0.980100563856111,0.980101395260538,0.98010345291395,0.980104155697632,0.980105065757975,0.980105542830638,0.980107126825721,0.980110690348168,0.980112572718535,0.980114227912302,0.98011592556636,0.980117942888393,0.98012369829405,0.980127628651477,0.980130267579583,0.980132484944071,0.980134184530109,0.980135916876291,0.980138054732754,0.980140714024521,0.98014157865488,0.980142311018689,0.980144975716123,0.980145316926599,0.980145440971079,0.980148107384077,0.980149385896276,0.980151412580265,0.980152157923411,0.980158134622144,0.980162235270818,0.980162915927501,0.980165033346856,0.980170008069723,0.980174156870623,0.980176534473542,0.98018303205584,0.980189916635376,0.980192308089546,0.980194174392305,0.980205419169315,0.980208849056852,0.980212005159101,0.980213837869812,0.980216336943989,0.98021945882141,0.980219922932857,0.980220530013477,0.980221443479694,0.980223844733026,0.980224891469857,0.98022508903326,0.980228066229097,0.980228259986658,0.980235282939786,0.980238692128091,0.98024160510065,0.980244950375559,0.980247472240357,0.980249023004423,0.980249698253837,0.980251477599481,0.98025227873589,0.980255989724267,0.98025852321816,0.980259796408571,0.980260002346716,0.98026495220227,0.980269325341916,0.980269936430953,0.980278285532379,0.980280103206355,0.980281215454149,0.980284822140643,0.980285845714425,0.980286021517217,0.980286325235653,0.980287544893855,0.980289652290229,0.980292447823507,0.980293872526493,0.980295697589129,0.98029668204973,0.980297722275368
0.52109352160418,0.610667302245897,0.626908083067439,0.629570779597685,0.654537428670659,0.655152663142217,0.675980755221157,0.716912123654886,0.729188167281066,0.784594040281782,0.790134997798733,0.792788497318481,0.810043220970467,0.835917333263351,0.854380825129094,0.865264119502425,0.873202860252242,0.8793005581154,0.883752033326282,0.892602155200623,0.895140114714112,0.899385745698193,0.902786510626377,0.90426407085196,0.907885657274313,0.910412107788505,0.917105391351957,0.920619981965437,0.92324312877039,0.925915771480344,0.92924738857503,0.930472171054556,0.93308464330708,0.93524081054758,0.937090955178423,0.937899804879946,0.940232849175363,0.942214602183256,0.943908963876293,0.944523391965448,0.945941564206017,0.947737265179204,0.948106114516674,0.949871965234539,0.95089770976284,0.951641769999971,0.953796270183698,0.956423585093447,0.957171067949293,0.958841631577107,0.959320974174975,0.959663184039607,0.960173287638638,0.960957227582184,0.961893598136808,0.962973898605005,0.963184413771091,0.965883409613638,0.966186903212505,0.967170896041747,0.967479753132962,0.967931523301174,0.968637710233234,0.969340284800696,0.96980173883926,0.970231539102869,0.971102090117796,0.97157656834306,0.971891694682238,0.972195898883242,0.972799776156328,0.973178734399425,0.973380549452454,0.973685835533378,0.973820279668643,0.97493934305885,0.975229195185753,0.975431044330896,0.975737056263143,0.976693628484842,0.976862552564147,0.977082096589747,0.977126809186486,0.978383899689871,0.978482854697594,0.979135525889216,0.979448552912796,0.979739704555369,0.979850980179162,0.98034409599779,0.980585690393205,0.980665646387277,0.980802404442205,0.981584589830295,0.981714602649882,0.981788750500574,0.981895388791578,0.981955104440027,0.982087999645327,0.982389424728161,0.98248135675718,0.982538306295789,0.982588868987017,0.982706096384968,0.983274957168241,0.983325944540867,0.983387018965708,0.983521410131781,0.983796892349713,0.983820226527099,0.983844568929941,0.983874579592314,0.983971364179136,0.984021294702581,0.984118378166982,0.984223250809501,0.984284743002467,0.984335411964665,0.984435231286031,0.984498803220444,0.984534373590089,0.984689874530152,0.984736330918815,0.984759433108008,0.98482861118945,0.984874569875493,0.98493714300679,0.984984396914156,0.985015213734497,0.985093942436016,0.985136678488588,0.98524221600848,0.985268708192245,0.985300984728126,0.985342606652097,0.985389422198089,0.98541606837215,0.985445554545142,0.985476193818513,0.985488604809328,0.985518762644851,0.985545576217217,0.985569391189773,0.985594383920503,0.985644034764864,0.985667224330334,0.985700966352722,0.985711127703831,0.985744476915293,0.985769809125325,0.985790381229061,0.985801556204003,0.985849549937147,0.985876227434092,0.985884126803842,0.985938563762226,0.985957976263415,0.985966577395147,0.986021623981048,0.986062726872243,0.986090540195543,0.986104487459225,0.98612845003677,0.986167696873925,0.986181694925459,0.986196386370826,0.986208952116459,0.986218976186006,0.986227054256338,0.986235682620567,0.986285351209948,0.986299955006356,0.98632565701307,0.986345880839938,0.986368638592895,0.986382324621549,0.986402053131927,0.986411415956666,0.986427856552785,0.986444780070435,0.986458394075694,0.986481746052445,0.986695921869767,0.986702373744458,0.986713066999193,0.986726446576988,0.98674066749322,0.986755551619785,0.986768999936093,0.986779197059685,0.986810319940554,0.986835655823561,0.986844854786891,0.986861690066982,0.986882389078811,0.986953181306806,0.986960047050539,0.986973310111669,0.986975835719958,0.987003640466338,0.987016975376036,0.98704133885983,0.987065506132818,0.987074405398918,0.987087511924023,0.987110036025339,0.987318747179105,0.987323554295584,0.987336666928023,0.987375755120706,0.987393162085025,0.987401868974061,0.987413338334449,0.987424375993073,0.987429052779132,0.987451181649434,0.987470613188105,0.987494094382745,0.987524104376025,0.987534758090474,0.98755292791848,0.987559196576685,0.987571923092328,0.987650153808498,0.987661374942831,0.987686444000569,0.987698778754594,0.987704574737495,0.98770635656299,0.987713806447129,0.987719953801545,0.987726001011863,0.987733292399105,0.987799240357351,0.987803594502867,0.987824442923421,0.987838575962771,0.987853333379915,0.987865608028874,0.987874835287361,0.987887456840048,0.987889825645856,0.987911720642449,0.987915590695523,0.987941399057427,0.987955176849021,0.987961692044015,0.987967545927299,0.987976486137122,0.987984840445606,0.987997254622706,0.988003381744105,0.988018221322739,0.988032458741316,0.988054275495976,0.988062629034206,0.988079815071343,0.988091129534196,0.988095462763176,0.988121927881851,0.988126652421861,0.988128351913168,0.988132486978695,0.988134499282267,0.988141688049892,0.988147899496445,0.988173655757192,0.988182009021373,0.988200342198159,0.988202690857808,0.988208306879208,0.988212074518441,0.988217457829477,0.988224903021447,0.988229186528462,0.988243099768951,0.988252642131015,0.988255510718883,0.988267142467651,0.988272877178451,0.988277159878455,0.98828622509188,0.988287014722197,0.98829112465697,0.988296132399261,0.98830755682988,0.988314797770016,0.988324567154107,0.98833295173298,0.988343608890768,0.988354226697061,0.988361383083651,0.988367385869016,0.988369722121308,0.988375969046081,0.988386581882609,0.988391991073082,0.988402060510507,0.98840996507614,0.988418752961935,0.988421580274267,0.988426967784576,0.988453682049055,0.988461463961292,0.988465735292266,0.988465906437911,0.988473417092508,0.988476887837956,0.988486522410492,0.988490732307009,0.9884939225005,0.988496600961051,0.988501515138886,0.988510884718797,0.988518505498581,0.988525985380724,0.988543750214366,0.988554174104261,0.988564828022918,0.988575774168944,0.988577027632573,0.988584718774284,0.988588563903351,0.988592397840708,0.988606689358655,0.988611458433518,0.988616626501487,0.988620474136673,0.988625578492807,0.988630669899462,0.988642686658832,0.988649072486344,0.988659919938803,0.988661939421945,0.98866409616898,0.988669607339585,0.988674245608593,0.988675135306606,0.98868448701417,0.988687341165699,0.988692752294843,0.988694274129113,0.988699624881943,0.988705612901158,0.988709981146293,0.988713007601326,0.988720680595353,0.988726008167931,0.988729714012353,0.988730598333529,0.988732265410645,0.988734662245279,0.9887369130678,0.988741810371426,0.988748473762007,0.988751083950958,0.988763274794479,0.988769291475112,0.988772744037935,0.988776697954501,0.988782254884687,0.988785800335303,0.988799205880811,0.988802213366463,0.988806762946184,0.988807115380187,0.988808670464943,0.988818085551188,0.988821398318335,0.988824982643134,0.988825343267224,0.98883009272769,0.988830453847114,0.988833951739548,0.988834856006659,0.988835595495943,0.988839683181305,0.988842925511162,0.98885607115314,0.98886036943911,0.988871197952423,0.988874262640394,0.98888188744017,0.988887502620726,0.988890634204294,0.988891880496718,0.988894597121748,0.98890041253915,0.988901756268524,0.988903135015918,0.988909665426484,0.988915786392006,0.98892198636312,0.988928942787084,0.988933659498747,0.988935984678957,0.988943778040062,0.988945924327844,0.988947188052917,0.988950082818847,0.988951388947321,0.988954917844263,0.988956385801811,0.988957972281736,0.988961552582163,0.988963710287219,0.988964612486446,0.988970054735493,0.988994373521984,0.988998810205814,0.98900384404393,0.98900759497705,0.989015661045913,0.989019205284709,0.989022244529731,0.989022768613405,0.989026497252756,0.989031223590728,0.989033622502502,0.98903422229056,0.98903786647204,0.989039480472709,0.989042048939013,0.989050513740778,0.989054579081747,0.989055257708209,0.989060333802088,0.989061050896705,0.989066880251611,0.989077073084831,0.989079081880158,0.989085627970708,0.98909205122656,0.989094465419676,0.989095487010997,0.989099890821907,0.989102976374287,0.989104393863273,0.989108269252544,0.989110302883374,0.9891132000302,0.989118032287232,0.989120115649369,0.989124535252357,0.989126515429211,0.989135725747156,0.989140883252893,0.989145464208335,0.989149493043863,0.989150214297752,0.98915702110214,0.989162164230989,0.989170856208884,0.989173405070146,0.9891792434918,0.989183157807967,0.98918720451008,0.989188156004265,0.989200957474999,0.989202433915494,0.989209000228184,0.989209941485908,0.989213368817393,0.989218331240009,0.989218847587383,0.989220963557817,0.989222746777761,0.989223545764552,0.989227583163817,0.989229389617097,0.989231462737641,0.989239511734638,0.989241831050029,0.989243759700186,0.989245481608755,0.989247083338373,0.989252770727365,0.989256242684362,0.989259195577763,0.989263062378302,0.989266855379423,0.98926989516122,0.989271544941316,0.989273444300618,0.989274702409261,0.989275314811224,0.989281809290361,0.989286789991668,0.989289978192458,0.989291372176976,0.989293532731626,0.989295597540643,0.989296708435642,0.989300885671799,0.989304928734484,0.989305831848396,0.989306420233216,0.98930848536894,0.989310484453193,0.989312789686635
0.583287252528503,0.592798840849579,0.629501980650915,0.645957649497863,0.653892866813156,0.657058720394143,0.662956913307213,0.669381063511932,0.671949819375328,0.673762474694609,0.690372208395597,0.712990562833391,0.725310885798125,0.738749772995309,0.75260214274325,0.754266028700039,0.759632071723999,0.762544503383281,0.780555627187556,0.791367827017257,0.795253931784563,0.804451508138702,0.80610319809698,0.829900176182777,0.86737979979332,0.884221035316725,0.891517942770819,0.902339210162043,0.906089773533758,0.907853628698152,0.926431631466883,0.928583833331782,0.930699554392588,0.933287480263005,0.935760359829092,0.936835919381409,0.940238047872779,0.941164863519476,0.94284758182966,0.943658774136106,0.944570060315642,0.944895892378586,0.946016523681408,0.946739059399255,0.94711717307833,0.947588466741798,0.947820803360471,0.950814353498952,0.951900088152236,0.952052856994442,0.952377206968342,0.952680049518838,0.953043658159214,0.95321086965817,0.9540625008998,0.954283816014355,0.954566997153741,0.954787789465738,0.955315195822374,0.955572682676619,0.95587886829764,0.956680952720521,0.956795658205239,0.95730091404776,0.957630872259075,0.957773714301983,0.957905702613592,0.958083878651634,0.958285459347381,0.958359497339056,0.958574211448922,0.958683923343213,0.959016691740197,0.959737932725307,0.959908836775455,0.959985159342643,0.960127219234072,0.960524883375282,0.960652592966997,0.960935790780087,0.961040181606039,0.961174177613722,0.96128674746595,0.961441366254902,0.961510275980201,0.961790943413929,0.961861140870992,0.961938600134147,0.96198242520791,0.962041393115119,0.962312479871245,0.962857952757459,0.96380328980316,0.964015397551162,0.964192128763962,0.96523363705432,0.965735691559543,0.96584623344752,0.966470281057751,0.967017912822274,0.967259603153714,0.967529909827084,0.968688315912013,0.968863278842563,0.968962878610326,0.969044019490572,0.969179866705978,0.969256434548979,0.969412723149958,0.969558707632579,0.969865862698666,0.969902223144139,0.969977077368298,0.97015046937632,0.970503709570008,0.970659794149686,0.970798281014059,0.970916844471821,0.971019832340854,0.971048046608118,0.971323344666391,0.971563599519057,0.971686838466508,0.971746180828131,0.971776861420285,0.971870119974121,0.972295062688474,0.972668496993386,0.972689342380736,0.97291976229918,0.972949017607,0.972969392002113,0.973108018559452,0.97324158258867,0.973327603709716,0.973405629008315,0.973986360761741,0.97450402092404,0.974897382843715,0.975009396945067,0.975071236258927,0.975155638876205,0.975541612484158,0.97606072478262,0.976249724458425,0.976524889416299,0.976538393118276,0.976618769742485,0.976789288180415,0.976840534086806,0.976894159754308,0.976982202575554,0.977114673414134,0.977248391535138,0.977313562606397,0.97736570515999,0.977383973446291,0.977458591631378,0.977645899920255,0.977705775972042,0.9777693877429,0.977899879201944,0.977915145946309,0.977953471652498,0.9779972285991,0.978055986177212,0.978174356833426,0.978247827266922,0.978312794895635,0.978349011391275,0.978368976542729,0.978382553695173,0.978415575313627,0.97846333030366,0.978495236721254,0.978538343717365,0.978546957229194,0.978601154053013,0.978634841915152,0.978657225961382,0.978711097581738,0.978751257787322,0.978757463502024,0.978813198147687,0.978845915357297,0.978865622594012,0.978879289329637,0.97891171357358,0.978934599367081,0.978951506542141,0.978966354800246,0.978972879750464,0.978992474797915,0.979008996317506,0.979031043173415,0.97911247326803,0.979126767396761,0.979142775813382,0.979155014285771,0.979172756313421,0.97918649513288,0.979197057113622,0.979214440631884,0.979220375594763,0.97924540522281,0.979254266535653,0.979262562352508,0.979270814113761,0.979277878842661,0.97929371230683,0.97930762017731,0.97930967727729,0.979401578562004,0.979414180191491,0.979423174046746,0.979442576349593,0.979455692687302,0.979461123984716,0.979483706768662,0.979488924327358,0.97949033538848,0.979500765881936,0.979540119596082,0.979549917876755,0.979551503141784,0.979566428031556,0.979573686324325,0.979583945284232,0.979596075268815,0.979609152750061,0.979640213039976,0.979659264166261,0.979671966834686,0.97968734106106,0.979712896224066,0.97971437376235,0.979749209237872,0.979754775241102,0.979760275685102,0.979762429003185,0.97977266559181,0.979785381736703,0.97979047150424,0.979801061589868,0.979806863327103,0.979815540544078,0.979823815909825,0.979838260018984,0.980010337042992,0.980017942702455,0.980021828528597,0.980034119576407,0.980036801843362,0.980045679998853,0.980054514541154,0.980066522230284,0.98008230214414,0.980092798958861,0.980386369259372,0.980387796928627,0.980391013354688,0.980398627016879,0.980404106619497,0.980414286814541,0.98042454867976,0.98044346835174,0.980455833654328,0.980460574978563,0.98047696025507,0.980477244492687,0.980487198615933,0.980489832776455,0.980494417712214,0.980506351089426,0.980528450257923,0.980534631478159,0.980543883861952,0.980551673999351,0.980553012730097,0.980561783219568,0.980567103925595,0.980572170900802,0.980573644672336,0.980577482493941,0.98058278740087,0.980595058215105,0.980596001268253,0.98060023074327,0.980604587536436,0.980610116838698,0.980615088684819,0.980618205570305,0.980623746262983,0.980628113829222,0.980636724854698,0.980640685122251,0.98064547354567,0.980650217371968,0.980657397169136,0.980659390002599,0.980663346302405,0.980667965234268,0.980678674321615,0.980681305800971,0.980738857567053,0.980744212660106,0.980754690358537,0.980758515284959,0.980761977421961,0.980763836403997,0.980766400015403,0.980772135681208,0.980774059063867,0.980776661931399,0.98078824293012,0.98079154508086,0.980799734099721,0.980804428413599,0.980809163569322,0.980811106179617,0.980813285383667,0.980815789517927,0.98083003794329,0.980833789573696,0.980835455810301,0.980837640603277,0.980845907614867,0.980850581615163,0.980856276136589,0.980859852965948,0.980866261386484,0.980870532441933,0.980880109044145,0.980883548829267,0.98088875711327,0.98089485428716,0.980959968794708,0.98096840990799,0.980973953877228,0.980978540009353,0.980980168654782,0.98098692371139,0.980992557699686,0.980993329346182,0.980996522574959,0.980997356529327,0.98100271635548,0.981010492994271,0.981012209092954,0.981017415755571,0.981020852742686,0.981021514487731,0.981030785077544,0.981032692172018,0.981037463951967,0.981040760649369,0.981043603982117,0.981053313477647,0.981056268903952,0.981073137200068,0.981079484084898,0.981083331014425,0.981084183197253,0.981096588796998,0.981098004050095,0.981102169939036,0.981105259926584,0.98111119315042,0.981116953038337,0.98111904808982,0.981122483457809,0.981124364738103,0.981127335579433,0.981135737383468,0.981137533412727,0.981142256441038,0.981144144417279,0.981150126412789,0.981157985074789,0.981165198048376,0.981169176899718,0.981172801958985,0.981177088756967,0.981181494202604,0.981192540114458,0.981197649022709,0.981202911293732,0.98121003645734,0.981217683842483,0.981224982391526,0.981229096160339,0.981232767113916,0.981236331175949,0.98123935852657,0.981244064799265,0.981254148201872,0.981260580707577,0.98126234983927,0.981265748455731,0.981269855348386,0.981276644562656,0.981280886527493,0.981285354536185,0.981287908406106,0.981290212876825,0.9812944303868,0.981299031733123,0.981304259828215,0.981306483402146,0.981312646376828,0.981317235383634,0.981318758663086,0.981321110863741,0.981325253121967,0.981328517889034,0.98133202073887,0.981337682187098,0.981338935316062,0.981346504578952,0.981347190394953,0.981349710812947,0.98135151288694,0.981353829110916,0.9813598489577,0.981362003122611,0.981367236570147,0.981368177601947,0.981372658322237,0.981374164707722,0.981380106875061,0.981382123749653,0.981383843065187,0.981389019089849,0.981391344812493,0.981392110520406,0.981393547232517,0.981395458201374,0.981397753777875,0.981399309182726,0.981400502224994,0.981404223372528,0.981410399590446,0.981413538095172,0.981416910340499,0.981417334698765,0.981418308848082,0.981421267533866,0.981423691171868,0.981426019105797,0.981428379569029,0.981429795560636,0.981432490217155,0.981434236226466,0.981437269476304,0.981442427736049,0.981447590875011,0.981448952914508,0.98145159954032,0.981453769167684,0.981454029895864,0.981454155995674,0.981458656139585,0.981466469511846,0.981471867100652,0.981472887673506,0.981473598246828,0.981475886404983,0.981477178937629,0.981480033535557,0.981481740085897,0.981483652106983,0.981484747522174,0.981490507412358,0.981495493097487,0.981501228328264,0.98150286695924,0.98150454121839,0.981504780309849,0.981507402487118,0.981509683095763,0.981510288125689,0.981511138827769,0.981514322184288,0.981516105329703,0.981520920134827,0.981523095478719,0.981523186430848,0.9815275610164,0.981532250410287,0.981541946002822,0.981545587703874,0.981546165120283,0.981552225907055,0.981554835805542,0.98155775710179,0.981559973278268,0.98156739079628,0.981573938019002,0.981574694018039,0.981576588641568
0.481315644628485,0.574578692529306,0.600899753306819,0.66606932534044,0.728048441571523,0.729877189554402,0.734261416302015,0.736006005323679,0.743186522658653,0.745321263120631,0.761781715023542,0.784696044458888,0.791415130427803,0.827375007173128,0.828435502042259,0.837306981714524,0.842901371503301,0.852230887475611,0.861000910574875,0.864728404768779,0.873616504255673,0.881613806375761,0.885783501566003,0.887821262999401,0.892919058205634,0.894173130721912,0.906686793504986,0.90824641739559,0.911213640895343,0.916113512544301,0.921759216137201,0.927076620719602,0.929503715177343,0.931093058316129,0.932124184872734,0.93355155616728,0.934547357357256,0.93571332203699,0.936182905034181,0.936656930535495,0.93801253857783,0.938484429175993,0.939033459300828,0.939243086571851,0.939784180872744,0.940193503027972,0.941109968486116,0.941382951802917,0.941621216353518,0.941790368356834,0.943200189553788,0.943483653692041,0.943775160142795,0.943959466007178,0.944232017924796,0.944391740295081,0.944729363722338,0.944875187596227,0.944993293013031,0.945131181418334,0.945338873483604,0.945593792441203,0.945712105067566,0.945856474278927,0.946034353441632,0.946125043835593,0.94627393725445,0.946497679634668,0.946617693950299,0.946693314112163,0.946850377033313,0.947214935330479,0.947318635045219,0.947480681328652,0.947611418255482,0.947698470680694,0.947793995832846,0.947903804512249,0.947956893049343,0.948080516055194,0.948186260645621,0.948235284429499,0.948282572709653,0.948331853358533,0.94843860387718,0.948475457854097,0.948505162923403,0.948565530506887,0.948602746198573,0.948675506526593,0.948703338218566,0.948748407281537,0.948811055943119,0.948868551121686,0.9489543006684,0.948975425032365,0.948999264851501,0.949054748127114,0.94915246101477,0.949194280659434,0.949287190012993,0.94931809123077,0.949426120850798,0.949492203594503,0.949513755241045,0.949542615418412,0.949569599608269,0.949611058916699,0.949646823352409,0.949665400583489,0.949705502215704,0.949719386109434,0.949738903982217,0.949757528463862,0.949784488668933,0.949802850463666,0.94982491905676,0.949845740224814,0.949879768603921,0.949892592459278,0.949902422169951,0.949918910246073,0.949938290320538,0.949953111065,0.949973377195756,0.949990756432743,0.950006962176762,0.950022261979836,0.950050163112793,0.950070849414787,0.950100333864042,0.950123076156703,0.950638758167941,0.950650928015605,0.950685672137717,0.950729420570575,0.950755157532224,0.950768865263898,0.951039808621054,0.951052552601158,0.951060193255554,0.951069338049874,0.951107259234213,0.951130230888141,0.951225448226303,0.951238616974653,0.95127233339756,0.951290373832086,0.951311594147565,0.951318511833619,0.951331030172549,0.951347157736556,0.951363508746075,0.95137884326207,0.951388070466196,0.951398997343653,0.951417459031883,0.951437109839558,0.951452808767437,0.9514762049952,0.951490120094261,0.951504415986955,0.951511923235544,0.951526575892635,0.951550094298595,0.951572466459729,0.951575339694343,0.951589180800024,0.951601391399563,0.95162004937895,0.951635325077432,0.951644121645685,0.951657584026837,0.951665746344925,0.951674641129929,0.951690250605798,0.951698516673295,0.951701541518555,0.951711365703866,0.951723326502484,0.951732474365509,0.951756817553372,0.951761981865092,0.95178101433588,0.95178861700485,0.951790842012341,0.951802281907357,0.951811786535081,0.951827867374131,0.951844864873858,0.951861476090105,0.951878964371188,0.951884932776978,0.951888780226548,0.951895135440054,0.951910197958555,0.951919830218149,0.951926090023218,0.951934057674932,0.951943788263553,0.951952534731797,0.951961407402649,0.951966778351103,0.951978836543876,0.951982685773145,0.95198550457284,0.951995971461881,0.952002666751164,0.952005570766717,0.952013036445846,0.95201856709948,0.952026153330799,0.952033114466772,0.952042969631008,0.952054894339164,0.952061720823433,0.952076688664976,0.952085122516186,0.952089277926995,0.952101799260224,0.95210976121558,0.952116884135666,0.952123657976241,0.952133620521127,0.952139376705705,0.952149440740268,0.952159013715671,0.952176040345397,0.952184443192936,0.952188532270262,0.952219409563634,0.952222884952913,0.952226990842426,0.952232981203068,0.952243015797718,0.952252134815435,0.952264712579163,0.952268603303287,0.952275922837695,0.952286398010218,0.952288832177929,0.95230873582582,0.95231534067297,0.952319614164382,0.952327518863483,0.952338641574489,0.952344827459386,0.952353151605541,0.952385073305364,0.952391162899156,0.952395984340907,0.952402067699618,0.952402574383496,0.952406399376862,0.952430811572797,0.952433468408841,0.95243788598686,0.952446642520312,0.952450791509785,0.952456476222402,0.952461451952753,0.952471110447517,0.952485899589484,0.952491981384072,0.952493956523346,0.952505389554926,0.952516812232771,0.952521139779149,0.952521863179478,0.952523230468005,0.952528110237635,0.952532137412787,0.952535900096723,0.952541979367396,0.952543507009553,0.95254690178126,0.952551805960332,0.952559250459281,0.952560514394815,0.952576879813058,0.952582934959413,0.952585219218301,0.95258858929671,0.952591410015064,0.9525963718086,0.952597348420853,0.952597916735685,0.952599822627948,0.952602529054106,0.952605496174359,0.952611744849181,0.952614340370055,0.952616054462772,0.952620997992725,0.952631084421703,0.952632819100966,0.952638675469291,0.952639994264858,0.95264493266333,0.952653922906774,0.952656216879404,0.952658394873461,0.952660505101495,0.952663293350173,0.952666923343452,0.952667493801934,0.952673445616367,0.952676014640732,0.952680761969125,0.952681886464005,0.952692264268105,0.952701180208043,0.952702502804027,0.95270824697643,0.95271048037769,0.952715050641877,0.952716531471238,0.952718803210656,0.952726097817166,0.952728415208782,0.952729475269082,0.952731978873209,0.95273392531681,0.952737990656564,0.95274063802215,0.952742731915527,0.952745852097626,0.952748085171807,0.952749210239188,0.952753323907108,0.952761563280869,0.952762821503855,0.952767155881352,0.952772301195867,0.95278006016902,0.952782260003811,0.952790057070655,0.952795322939788,0.952796550437717,0.952800286187553,0.952801400700811,0.952804091963923,0.952810575420733,0.952816077078063,0.952820295920342,0.952821411720344,0.952828048027696,0.952834265718627,0.952837932463877,0.952841159030292,0.952843772606995,0.952846452576211,0.952852737750303,0.952858477300568,0.952861645054135,0.952871175812235,0.952876722881009,0.952877274502388,0.9528784834466,0.952880900137743,0.952882731331508,0.952886953678867,0.952888619776316,0.952894451735687,0.952905713768756,0.952907618911371,0.952909489281326,0.952911006083029,0.952913004267198,0.952916186426632,0.952921735648712,0.952925182152119,0.952931221338996,0.952934469087887,0.952936666119436,0.952939394180516,0.952943440977016,0.952948438631476,0.952948901589465,0.952949984027816,0.952953263670305,0.95295362107191,0.95295534495066,0.952957463442287,0.95296015724516,0.952963348414069,0.952966493842306,0.952968231901972,0.952969399430135,0.952971928973445,0.952979441349776,0.952986658727912,0.952986763512797,0.95298803060612,0.952990977967171,0.952992812534172,0.952992930298789,0.952997180146242,0.952998760697272,0.953001181566017,0.953004399499422,0.953008104831955,0.953010634561142,0.953016720958948,0.953021459321314,0.953021906415611,0.953024371792021,0.953025920194979,0.953029247951008,0.953031563787693,0.953032619534909,0.953035230457096,0.953037902296993,0.953042491287025,0.95304274776921,0.953043547850847,0.953044293485257,0.953045427029228,0.953051344551985,0.953054654694111,0.953057894751106,0.95305983938921,0.953060628845499,0.953061103246091,0.95306410897559,0.953065222022047,0.953066268943935,0.953069187193068,0.953070102425793,0.953073723592834,0.953074471895009,0.953076175097135,0.953077146262191,0.953078375426684,0.953085024936334,0.95308537828861,0.953090222088073,0.953093281755146,0.953097101998218,0.953098259868632,0.953098892599144,0.953100743266232,0.953102569174914,0.953105083998124,0.953109337623578,0.953110464792555,0.953110848620087,0.953111696798176,0.953114126440393,0.953114374198953,0.953115885662672,0.953119800933563,0.95311993315404,0.953120385184142,0.953121775026647,0.953125872560282,0.953129338512364,0.953130315556862,0.953134203659678,0.953136968493838,0.953137633002628,0.95313912346355,0.953139838321749,0.953140970304786,0.953141983436412,0.953143916349166,0.953145839343446,0.953148676213583,0.953149712649094,0.953150326970031,0.953152433531612,0.953154573898825,0.953156442197969,0.953157927357014,0.953160314390665,0.953161405961734,0.953162572382282,0.953163965932252,0.953164773340046,0.953166505699675,0.953167634082384,0.953168680236226,0.953169430074253,0.953170104303588,0.953173850384395,0.953174738555241,0.953175665294452,0.95317683225057,0.953179877832442,0.95318240297258,0.953185769465509,0.953190163936907,0.953191860377562,0.953193331806839,0.953194830781563,0.953195536065236,0.953197115674298,0.953198789035533,0.95320208714756,0.953203337269821
0.503139841017279,0.612185236489125,0.61962676150083,0.640533457362807,0.683169694013521,0.70673291943679,0.754458770936852,0.757541223068281,0.774918503326863,0.782059112987545,0.793329895987445,0.804966486930846,0.808898956030201,0.827545327734476,0.83026785803562,0.83353154258753,0.838019415042746,0.838367590369691,0.84389834834705,0.844741648239419,0.88112292908214,0.888885808313553,0.907532186995444,0.910443208366886,0.912821992558774,0.917060949615698,0.933593850263361,0.934795214188355,0.937213458542634,0.938199665201897,0.940136195326431,0.940747069904221,0.941719896807248,0.943972229634532,0.94483833948232,0.945429693329033,0.946466140779332,0.946947085374024,0.948232119801996,0.948712652197223,0.949347542918129,0.950110104650983,0.950329855122845,0.950982656809371,0.951311927890453,0.95164854296348,0.952150080050245,0.952456100913642,0.953334319009724,0.953514405613012,0.961449884132094,0.961633935530023,0.962591405815459,0.962834060079541,0.963577706261619,0.964259028977806,0.964816819716608,0.965141897585877,0.965477569185212,0.965677429535992,0.965924811301162,0.966590286898034,0.966850394876735,0.967118767818418,0.968489373342906,0.968874544958411,0.968956591252599,0.969080382213145,0.971577625551665,0.971649598385659,0.97176634261652,0.971917181870825,0.973530353460806,0.973812350068032,0.973857910595651,0.974091202010139,0.974388973748538,0.974667346635695,0.974831774057329,0.975038657243082,0.975516722427259,0.975786627373846,0.975920286471677,0.976083547106329,0.976185642600015,0.976295063690955,0.976368304654234,0.976559695808605,0.976634604513206,0.976734255225763,0.976778278673402,0.976870362677912,0.977004596415961,0.977018699117172,0.977088763949773,0.977204958762728,0.977235252393027,0.977332304115118,0.977612914949434,0.977811075355941,0.977842123106086,0.977917346972878,0.978217021173164,0.978340297439582,0.978557685539075,0.978626473945142,0.978777983743021,0.979130312027678,0.979499857663049,0.979585296966061,0.979746083936809,0.979843048117562,0.98001793792107,0.980136652881494,0.980196173546989,0.980241949006975,0.980305311624151,0.980425165356159,0.98060556991422,0.980668724382193,0.980680501073641,0.980747477148629,0.980857152905187,0.981042807875035,0.98107688172261,0.981088611269929,0.981180521335375,0.981221488620343,0.981290528262743,0.981311255105805,0.981328970489416,0.98157436523807,0.981611407042167,0.981629580977787,0.981865362135626,0.981913428475769,0.981937002738162,0.981960332962189,0.982036896044429,0.982978842109203,0.982992405375487,0.983009331267915,0.9830351527745,0.983124098894196,0.98313267227519,0.983148643368235,0.983162544130755,0.983220575172266,0.983252442850482,0.983271331520245,0.98328832725564,0.983337620963094,0.983473306744315,0.983486340932122,0.983555600017738,0.983768279880525,0.983776938838781,0.983797663368478,0.983835264640272,0.983840407595345,0.983858861475364,0.983874915124201,0.983884663081957,0.983911042608711,0.98422684399119,0.984246802010552,0.984258313732567,0.984274406043078,0.984289376143757,0.984311759306529,0.984323077317765,0.984351058131186,0.984353504859929,0.984387333277767,0.984421374192202,0.984431649860015,0.984456888732859,0.984471269239509,0.984493774960184,0.984515370056031,0.984534574688288,0.984582479783361,0.984595162793929,0.984616308628986,0.984627949108512,0.984658318788279,0.984667852250892,0.9846807779402,0.984692469717329,0.984706077582411,0.984719277965646,0.984737356538503,0.984745188690017,0.984762948099242,0.984781452930974,0.984799430421433,0.984820150612346,0.984832729747872,0.984846461067649,0.984854418039231,0.984869947747369,0.984878783553305,0.984905273103714,0.98492083572672,0.984929109540399,0.984944812674041,0.98495928736846,0.984973471455781,0.984985201463996,0.984998043244978,0.985015146465347,0.985023234764238,0.985037753912562,0.985061449538413,0.985089849070306,0.985106311212583,0.985127873041654,0.985136663778846,0.985146876597554,0.985157170079807,0.985169488667907,0.985171856936623,0.985174482758401,0.985181719362442,0.985192437629274,0.985206095294938,0.985212496005294,0.985223855917194,0.985237867148275,0.985246850655997,0.985256950480953,0.985266957578138,0.9852727296344,0.985281859045532,0.985287059823272,0.985292064607156,0.985297340745016,0.985311292183786,0.985315315200633,0.98533863868825,0.985343753677593,0.985355483387956,0.985359336070159,0.985365730852245,0.985372089555023,0.985378761293293,0.985383589951979,0.985389546999073,0.9853930164733,0.985401227672144,0.985411800673561,0.985428040929433,0.985432161808596,0.985437343574958,0.985446064621995,0.985490090854003,0.985501778977862,0.985512278657135,0.985517948722895,0.985533644343276,0.985535934201229,0.985586532269217,0.985607183557972,0.985614455855328,0.985634498071618,0.985640470619948,0.985641326332522,0.985649489639703,0.98565338814696,0.985658457493421,0.98566135449176,0.985670953765045,0.985676385324773,0.985683875219957,0.985690950102161,0.985693479631552,0.985700144863225,0.985702150014394,0.9857116914521,0.985713507931899,0.985726429859946,0.985730911766964,0.985759948039734,0.985764294314134,0.985771107277723,0.985775504724095,0.985794291231369,0.985804232739735,0.985807784365432,0.985813998825994,0.985824562678957,0.985830916166541,0.985834527268967,0.985840527585432,0.985851598630844,0.985858323969276,0.985862879998536,0.985872213416381,0.985878036279924,0.985879042344911,0.985925166554663,0.985930524797538,0.985930741683503,0.985934759103936,0.985940918202137,0.985946544320202,0.98594893292566,0.985953575760198,0.985954002819705,0.986087414591178,0.986090721634427,0.986091903154273,0.986094067435939,0.986098293253563,0.986104665329671,0.986109330112223,0.986112997844843,0.986118104267682,0.986121547118904,0.986122690952637,0.986128774227186,0.986134683627511,0.986138334142481,0.986141393720148,0.986146446625486,0.986148255626503,0.986155302816346,0.986160260757527,0.986168314443086,0.986171006487689,0.986175133774808,0.986181678613723,0.986183098285233,0.986191766623743,0.986195166155316,0.98619596915516,0.986199903062833,0.986201110286714,0.986202628341816,0.986208642950286,0.986216092677274,0.986226171081921,0.98623075445495,0.986238067249624,0.9862435644655,0.986244071316624,0.986250047021963,0.986250458007348,0.98625253432622,0.986256686999571,0.986257727960165,0.986259138698348,0.986267092011526,0.986271862655195,0.986274142540419,0.986275905450242,0.986279671256043,0.986281321574569,0.986285306866343,0.986286019031278,0.986289135315037,0.986293319412045,0.986296878457715,0.986298271990518,0.986299788756644,0.986302082719353,0.986303643986941,0.986304571191134,0.986305303244193,0.986308897661283,0.986309186206549,0.986315826608102,0.986322018092184,0.986323514436672,0.986329176664854,0.986333276814993,0.986339092093118,0.98634131213791,0.986341933899652,0.98634242953363,0.9863431575212,0.986346900701105,0.986351016098277,0.986352840815225,0.986354945056854,0.986356443440329,0.986357340648358,0.986357834392393,0.986360061569628,0.986360817549906,0.986364226524445,0.98636768504617,0.986370309887602,0.986371106039209,0.986374916250324,0.98638033156016,0.986381818631228,0.986382831854202,0.986384249599678,0.986384802896708,0.986388069589556,0.986393559580605,0.986395756402718,0.986397737145735,0.986398477565424,0.986401925605907,0.986408371925426,0.986411255593791,0.986412075138805,0.986413849706235,0.986419242937689,0.986422917874393,0.986423194371812,0.986424421227584,0.986428767300039,0.986429176062788,0.986430315644559,0.986432707704229,0.986434889806396,0.986436307798869,0.986439007576479,0.986440877982082,0.986441014583023,0.986441260109194,0.986441692087318,0.98644332311568,0.986444910852758,0.986448529769077,0.986451115980216,0.986451956837481,0.986454709748009,0.986456179839088,0.986457967877137,0.986460370456582,0.986462707682187,0.986465341528976,0.986466960142189,0.986469038747289,0.9864697222371,0.986471384442459,0.986472538865537,0.9864730894679,0.986475399140621,0.986477655162803,0.986478298128815,0.986480268128763,0.986480304134053,0.986486016391982,0.986486094516766,0.98649704437033,0.986497543741126,0.986500729217074,0.986505794762987,0.986506348783497,0.986506488052079,0.986508712293658,0.986509985236061,0.986513443071689,0.986513981546755,0.986516954641935,0.986518668547246,0.986522820417171,0.986524693420741,0.986525318375054,0.986530191052569,0.98653277574767,0.986536016544136,0.986537903021703,0.986540690432329,0.986542205820686,0.986543616748227,0.986546117403702,0.986547463474452,0.98654994877556,0.986550354866997,0.986551571900687,0.986552211369985,0.986554168530783,0.986554461814087,0.986556485089001,0.986557591484126,0.986558188202993,0.986560374416805,0.986561002584246,0.986562531452138,0.986563170640502,0.98656378659545,0.986563921228228,0.98656465843958,0.986565576484529,0.986569199602581,0.986570008222208,0.986576777754973,0.986579699662828,0.986581768686172,0.986582250918955,0.986584537068145,0.986585504109002,0.986585701879951,0.986590070659083
0.50113474142987,0.533693165417654,0.547493189537304,0.565862097674491,0.588921585172275,0.646621167387196,0.654024327054534,0.655817598236893,0.692050302473363,0.750382749937407,0.783487860198706,0.789461216076548,0.81594885447608,0.819141208414655,0.821436420942492,0.82406541067603,0.854199776331298,0.866379053526105,0.882652970788977,0.889414684313508,0.894103649668006,0.900117921719788,0.903256446572703,0.906463023359802,0.909557584611997,0.910791199618667,0.913912894717351,0.916024820340779,0.918827787053219,0.922103978002514,0.923836401234535,0.927081333828985,0.929581201502619,0.930782985209162,0.931546442471149,0.932357766099352,0.93304883019731,0.93411917416908,0.934601176200084,0.935343747101495,0.935786574747311,0.936427547874576,0.93735072346313,0.937726826962454,0.938058377695028,0.938520796499937,0.938994082817053,0.939433581324196,0.93992492307402,0.940342100880084,0.940767452759454,0.941079287348027,0.941240993184548,0.941568456004998,0.941772099615876,0.941977419750887,0.942135460380024,0.942383956566109,0.942704805423297,0.942780605745754,0.943199196332682,0.943326179846308,0.943429955666689,0.943617711316933,0.943710869893658,0.943825167216232,0.943911577559707,0.944056492189455,0.944163991452359,0.944314404667905,0.944446413193107,0.944643927817877,0.944787850516519,0.944895570917363,0.944956074782803,0.945035149065969,0.945088730754752,0.945145478203761,0.945252265740339,0.945329931750808,0.945479450612718,0.945616687409273,0.945690312356869,0.945765693656164,0.945829221367037,0.945907124135882,0.945966959255938,0.946059853466013,0.94617135041889,0.946255292687963,0.946359961067619,0.946420232226903,0.946448679800055,0.946540460276596,0.94662074706433,0.946676003573949,0.946724853987092,0.946774954791147,0.946814637876468,0.946851319431844,0.946880599006003,0.946951653431826,0.946983805295418,0.947002271336111,0.947038423318717,0.947070995973377,0.947101051905443,0.947149592615912,0.947176613255972,0.947219389259076,0.947250035775438,0.947305182257326,0.947326022080474,0.947356534957727,0.947391759930957,0.9474230129459,0.947458012131748,0.947499532617578,0.947538328006637,0.947570110438658,0.947587188833403,0.947610889650222,0.947625048638271,0.947645079013234,0.947686376949073,0.947706700571202,0.947735218211888,0.947762167770839,0.947782124406,0.947799424729185,0.947828503194015,0.947859648115191,0.947880846103411,0.947894853278969,0.947932040072796,0.94794696821623,0.947968325234453,0.947982286433441,0.947993987426007,0.948014387836863,0.94804888398553,0.94806277950033,0.948074335131964,0.948095423426087,0.948122997391194,0.948147955863768,0.948165790756271,0.948185219487893,0.94819429039302,0.948204715046439,0.948211571893285,0.948232602588026,0.948252380384906,0.948255117200944,0.94826831220032,0.94827784983655,0.948299494592898,0.948312855827164,0.948319965759375,0.948326513112211,0.94833277808242,0.948337094864595,0.948348439348468,0.948357423614226,0.948369327074693,0.948378647053388,0.948388211334555,0.948394494989595,0.948400628153913,0.948412625228969,0.948413821793184,0.948421717723027,0.948430911212768,0.948437691810092,0.948444095148798,0.948447475955288,0.94845370315574,0.94845585499548,0.94846406130459,0.948474096614742,0.948486882745611,0.948492736566442,0.948496923644907,0.948505628770404,0.948507297886072,0.948509304003344,0.948515010473225,0.948519691508938,0.948529917686762,0.948544336949473,0.94854909672902,0.948552619771125,0.94855729997137,0.94856079749978,0.948569999999771,0.948580593733034,0.948587914422272,0.948594752895229,0.94860306826435,0.94860811104001,0.948617122963804,0.948624168862441,0.948631176085104,0.948636285514775,0.948638713392278,0.948649159222216,0.948657726220093,0.948661474472817,0.948669706274613,0.948674471436309,0.948680645873349,0.948685994719905,0.948695813380184,0.948702167034159,0.948710666910268,0.948716514237891,0.948721357944804,0.948728197536172,0.948737943736453,0.948746082847028,0.94875196036668,0.948761519022996,0.948765124064999,0.948776448167409,0.948783547011421,0.948796662359461,0.948799190163968,0.94881006301832,0.94881703442076,0.948824189106128,0.948830870645238,0.948837058243852,0.948843419053035,0.948851020868307,0.948866969658075,0.94887093975134,0.948882945127908,0.948885973243699,0.948890299920956,0.948896503950955,0.948908380199344,0.948916499828852,0.948927962153975,0.948937846377712,0.948944222136961,0.948957072255244,0.948960952092872,0.948968279993339,0.948979875212162,0.94898681126416,0.948994215439581,0.949000488596511,0.949003681726215,0.949008704828063,0.949009729911614,0.949010851560625,0.949017674681776,0.949023398760555,0.949026993495619,0.949031149866042,0.949037845883428,0.949044050646828,0.949046577034266,0.949048919794483,0.949057262180551,0.949060330327,0.949064454118036,0.94906994464279,0.949080578386389,0.949085462295558,0.94909081871025,0.949096493063111,0.94909984225971,0.949103365869029,0.949107640023202,0.949112223527722,0.949115869829241,0.949122967467858,0.949126976686067,0.949130143293035,0.949138703850766,0.949142633521014,0.949147983615614,0.949153313185227,0.949160657584588,0.949163401876891,0.949169901454912,0.949176757484752,0.949178982021616,0.949179610444443,0.949186237868193,0.949187232054016,0.949191514196338,0.949195136398449,0.949195848786033,0.949200106554946,0.949204790874427,0.949208789457485,0.949212136695805,0.949213206095805,0.949217228634096,0.949218604428379,0.949220189795248,0.949227128415267,0.949228994614479,0.949231408308864,0.94923554574122,0.949240026596089,0.949241428172713,0.949244658581126,0.949246370369543,0.949254741121668,0.949262040521965,0.949264081514756,0.949267546123283,0.949270437070407,0.949274678234039,0.949278030339993,0.94928119405148,0.949282169859828,0.949287747574077,0.949289623488755,0.949296436107816,0.949298254264632,0.949301378181573,0.949303242128918,0.949304438964691,0.9493051785845,0.949308111752274,0.94931418368862,0.949318132815718,0.94931996215306,0.949321261457304,0.949323373114624,0.949325417938792,0.94933002130028,0.949330284167395,0.949333532824805,0.949335405811387,0.949336433795761,0.949339856979706,0.949346171410521,0.949350011599377,0.949352177622231,0.949356241676812,0.949360044565722,0.949362960529784,0.949366254223669,0.949370462097814,0.949374064672268,0.949375206491764,0.94937774363955,0.94938024306074,0.949384081510796,0.949385395211361,0.949387909880236,0.949393701244274,0.949397151148157,0.949401767632991,0.949402741888738,0.949405151148902,0.949409115852944,0.949412391596873,0.949414807466982,0.949419212716667,0.949422457977559,0.949423828988703,0.949426156047203,0.94942959280989,0.94943186700342,0.949434588571873,0.94943564447766,0.94943862323949,0.949442274836935,0.949446045437874,0.949448168283446,0.949450525805289,0.949452295820627,0.949452957439073,0.949454757564271,0.949457360516759,0.949457877978425,0.949460089275171,0.949460950046831,0.949461956573328,0.949462918408358,0.949466772474359,0.94946982605971,0.949471208269062,0.949473146149163,0.949475282257544,0.949477999643754,0.949478394321872,0.949482632638606,0.949484881089043,0.949488444951142,0.94949091052143,0.949493726817761,0.949494169513483,0.949500311256857,0.949500749662986,0.949502236414176,0.949503498830303,0.949507907074642,0.949510404784997,0.949515005603176,0.949515768103773,0.949516756660323,0.949518877460034,0.949519698059292,0.949520649011835,0.94952279305627,0.949525654350354,0.949526067313448,0.949529751407914,0.949533914687101,0.949535786963287,0.949537220233655,0.94953797320161,0.949539796920774,0.949542039558685,0.949545032459169,0.949547754219794,0.949550712675147,0.949551683603003,0.949552611079591,0.949553079540894,0.949554194074815,0.949555591500959,0.949556934337874,0.94956084672227,0.949561284335514,0.949562598079695,0.949563893862673,0.949566890182237,0.949567697660627,0.949568623145003,0.949570278194726,0.949570540383836,0.949571297278917,0.9495740481169,0.949576733041643,0.949580508034503,0.949581361890677,0.949581675604866,0.949583693239959,0.949584940636446,0.949586467191268,0.949589340354483,0.949591739604728,0.949594008479644,0.949597051153419,0.949597495584846,0.949597780950884,0.949599185809744,0.949599839798137,0.949601283019545,0.949601672549556,0.949604474486486,0.949606083602432,0.949606410564028,0.949606900902362,0.949608360555786,0.949610947451135,0.949611661807043,0.949612725052598,0.949614883329092,0.949615627192883,0.94961745904459,0.949617806598926,0.949618474774685,0.949621415351783,0.949622171339956,0.949623246111416,0.94962483976662,0.94962653483539,0.949627369396132,0.949628705435785,0.949631389778297,0.949633205690613,0.949637547219726,0.9496378426169,0.949638614470948,0.949639080163052,0.949641158599536,0.949641658753128,0.949643686592129,0.949644099272164,0.949645072749123,0.949647884619147,0.949649127862919,0.949650066556897,0.949650815950742,0.949651570778982,0.949652992543104,0.949655837540443,0.949658015332472,0.949658328660306,0.949659335905856,0.94966134553546
0.535090000135801,0.585199668122727,0.601443231522078,0.603772542473149,0.611711905625588,0.635045607064271,0.689372969254835,0.699652093624876,0.721230496273396,0.727163544340434,0.766409709337996,0.779412829435723,0.789687736089447,0.795456425943744,0.832347549192529,0.850991838064085,0.862853218288018,0.870251908864922,0.880306482786684,0.883808407794235,0.889538393287044,0.894332208714137,0.899285235648071,0.900166480925572,0.90243505150701,0.906171379990791,0.908356248424602,0.91006197771126,0.911250055007434,0.911884310736938,0.91513621978257,0.916928464356635,0.91864248048401,0.920028225370984,0.92198049306117,0.923460531437835,0.924364380292994,0.925322194338555,0.930481038143997,0.931350147300592,0.931960965974775,0.932567998866609,0.933276860015845,0.933892022507816,0.934472994569736,0.934804567093037,0.9351420437547,0.935822693234064,0.936264180452962,0.936515910903188,0.937072500229544,0.937371709182097,0.937876416250625,0.938061487042081,0.93895645407846,0.939190035800675,0.939653716321262,0.939929622145934,0.940084825862459,0.940338887606879,0.940579205305876,0.941036077362378,0.941260168914156,0.941511812060615,0.941685697944133,0.941759773420118,0.941976152646358,0.942292559440343,0.942383153422214,0.942601224151884,0.94277714695119,0.943087107061512,0.943205694925839,0.943415216306481,0.943548036666157,0.943616727277539,0.943709164142048,0.943828924818372,0.943906627609273,0.944058799199752,0.944151685957496,0.944244648398692,0.944360774725742,0.944425958359424,0.944484180796685,0.944590244105022,0.944691600679856,0.94478778863071,0.944900348912928,0.944985008373554,0.945057537702523,0.945144320391277,0.945183136718831,0.945208802239274,0.945250266818692,0.945281090236407,0.945380211785664,0.945436715444119,0.945483377156157,0.945624567938876,0.945667768637393,0.945711482532478,0.945728667628567,0.945818456300723,0.945855395533483,0.945913175518824,0.945981325801974,0.946045328438154,0.946086017445836,0.94612042840957,0.946154877493249,0.946231373211542,0.946522782439774,0.946581123803286,0.946613395749711,0.946653196396274,0.946717321115098,0.94674860998626,0.946785472168861,0.946829334814806,0.946845222840168,0.946865428930809,0.946918629681047,0.946930977802865,0.946943831613068,0.94699598448001,0.947021778522905,0.947061870077489,0.947078667363144,0.947122297933006,0.94713892188171,0.947174327541061,0.947197179553388,0.947215412178408,0.947248661080625,0.947268369093783,0.947295554799909,0.947324577377673,0.947362872764145,0.947387921912294,0.947405314110652,0.947435119422286,0.94747064107277,0.947479449392636,0.947490211461576,0.947514643679739,0.947529366352027,0.947534789271875,0.947551553246215,0.947626846885557,0.947649947744073,0.947666064091038,0.947683932227001,0.947686373046664,0.947696923443696,0.947709923917738,0.947717583941277,0.94773784733817,0.947751234162016,0.947761665125487,0.947782300488829,0.947804272453402,0.947811465887523,0.947844310727854,0.947853955326603,0.947869956847648,0.947881211022214,0.947904758511266,0.947907161718646,0.947915948550518,0.947945585457615,0.947956640954389,0.947961423614527,0.947993381000123,0.94799818815398,0.94801734272237,0.948034941461722,0.948044897641156,0.948071180616859,0.948077370824723,0.948082283896329,0.948108215019317,0.948144062675954,0.948165868381719,0.948179116999553,0.948185372935201,0.948207302834514,0.948215529328757,0.948224123945687,0.948234090222395,0.948256195151787,0.948272890465648,0.948280544208874,0.94830004452584,0.948303636117468,0.948325653423886,0.948338703345304,0.948345698176899,0.948353896380031,0.948357318850211,0.948361544864561,0.94837416375119,0.948384595600804,0.948422978807417,0.948431145670941,0.948443601333264,0.948452729753749,0.948460658411928,0.948470077633941,0.948475125438632,0.948483776434285,0.948491276432812,0.948501747869864,0.948510063580362,0.948524404970081,0.948532083268013,0.948538003816711,0.948551916836514,0.94856255054174,0.948582349849518,0.948586501769575,0.94858770241845,0.948596268185859,0.948606993600121,0.948618409921369,0.948620851011174,0.948628091601598,0.948654345379957,0.948657016358925,0.948667203497451,0.948677909828684,0.948683621440308,0.948700777956263,0.948706538946129,0.948712890924873,0.948720016567228,0.948741306151141,0.948751802377282,0.948765071139331,0.948775923924541,0.948782694900728,0.948788762460418,0.948807711429837,0.948820499282338,0.948830640843654,0.948838322962868,0.948849167395827,0.948860009489503,0.948864070783522,0.948869666085711,0.948877726439362,0.948881429757493,0.948884846360484,0.948894395007658,0.948900695672997,0.948906395058552,0.948915218978704,0.94892048043874,0.948926443426712,0.948934360175619,0.94893856049189,0.948944124484988,0.948950011913769,0.948952630495619,0.948963152177891,0.948972124275109,0.948981412513361,0.948984989140445,0.948992303648924,0.948995869464312,0.949002707369609,0.94900855556859,0.949012437355799,0.949022831039191,0.949030860644161,0.949034655713573,0.949039232895228,0.949043799120579,0.949048852751866,0.949053328336693,0.94905725805135,0.949059410470156,0.949062861695499,0.949067046234971,0.949070136092406,0.949073886142737,0.949077393812521,0.949088637266457,0.949095411590816,0.949098036365752,0.949105574143875,0.949106141962316,0.949114141198956,0.949115499282564,0.949117553829371,0.949120313007152,0.949123910945497,0.949127714831025,0.949133768980154,0.949136964575382,0.949143837452388,0.949144449967613,0.949150266041504,0.949154041987317,0.949159461153465,0.949162233382002,0.949164702784837,0.949165588868409,0.949168525251664,0.949169761589717,0.94917013912401,0.949171777377507,0.949175366697339,0.949176268496331,0.949179760127167,0.949180915525678,0.949182417952321,0.949183317917435,0.949184925744586,0.949186347711971,0.949192672070061,0.949195005620467,0.949201689727748,0.949205284894484,0.949206617802229,0.949210223062694,0.949210775885472,0.949211050998097,0.949216055804433,0.949218494318731,0.94922293482778,0.949226594584121,0.949226981062152,0.949234382680811,0.949237993410541,0.949243915423294,0.9492470258844,0.949248392213328,0.949249306527177,0.9492539326953,0.949256266289478,0.949259440464254,0.949262995746653,0.949265100837355,0.949265321379584,0.949270235304796,0.949275603912452,0.94927857535976,0.949282310674662,0.949285746709801,0.949286780953634,0.949289848562611,0.949291138158549,0.949294824365675,0.949299386312831,0.949301156669055,0.949303049788289,0.949305458035836,0.949312960979169,0.949314202451748,0.949315210125195,0.949317464328007,0.949319266024598,0.949321292080309,0.949324134973062,0.949326339886768,0.949326651197971,0.949328503492146,0.949332290164145,0.949345312002644,0.949347280951369,0.949349717693869,0.949351376634473,0.949353746492388,0.949354554032778,0.949355226115016,0.949355966687133,0.949356966733107,0.949359448691507,0.949360723519762,0.949364370831023,0.949365630608678,0.949367711457697,0.9493698607401,0.949371502430315,0.949372536699532,0.949374244343695,0.949376177600232,0.949377242917329,0.949380409822749,0.949382495579586,0.949383666497535,0.949385982454881,0.949387686606774,0.949390382845377,0.94939225589668,0.949392952719622,0.949396005885755,0.949398946480349,0.949402353135386,0.949406983444175,0.949407665113974,0.949410533847946,0.949411111273765,0.94941180558245,0.949413306998389,0.949414920292205,0.949416362196313,0.949417168373056,0.94941873309946,0.949420735433206,0.949426397326272,0.949427150580642,0.94942968797966,0.949432689920455,0.949434424460497,0.94943536873845,0.949438008058183,0.949440016561899,0.949442510111136,0.949443572663867,0.949445370117863,0.949447289528289,0.949449932295802,0.949452257274168,0.949454645647455,0.949456128958274,0.949457509906181,0.949458597102214,0.949459646965161,0.949460711182705,0.949463663610537,0.949465079646732,0.949466906591276,0.949467782755192,0.949471089181145,0.94947311453401,0.949473973474527,0.949477149512169,0.949477945117412,0.949480204429873,0.949482859935607,0.949483062508426,0.949484349623372,0.949486081920881,0.94948677620412,0.949488425566177,0.949489130841626,0.949489821161548,0.949490556748186,0.949491922850711,0.949493514131899,0.949494033621821,0.949496555882602,0.94949851779996,0.949502294169484,0.949504166937613,0.949506071364109,0.949507373569372,0.949508596242969,0.949509928283542,0.949512216814088,0.949513464873286,0.949519379559597,0.949521893391903,0.949522581482404,0.949523838385777,0.949526332351323,0.949529447349557,0.949532257391871,0.949532858587792,0.949535184753808,0.949535274721803,0.949536225579852,0.949541381847643,0.949542392971964,0.949544075162439,0.949546851215758,0.949548184041947,0.949549698515669,0.949552426064229,0.949552839141802,0.949553736175126,0.949555714007816,0.949556377240465,0.949558492215243,0.949559027149674,0.949559456265601,0.949561573693081,0.949563316522896,0.949564075281418,0.949567264792604,0.949568906065783,0.949571478567403,0.949574793825075,0.949575322954426,0.949577082053529,0.949579783115564,0.949582878725895,0.9495836219596
0.475301755390134,0.486663541354957,0.512350463736273,0.516817126628331,0.523509378093607,0.605146311768256,0.607388647382372,0.658460961509161,0.718727055915031,0.721825154572743,0.737163643944331,0.743373485375669,0.78677755009012,0.802491260930933,0.820686946713525,0.834424806373849,0.843591096041835,0.845240842244583,0.853257509994061,0.854694040593864,0.870041505523882,0.87495538388973,0.879944189554355,0.897105215388188,0.898934178636109,0.901149993465118,0.907397063648586,0.90974198739487,0.915273804849608,0.917966222064745,0.923606992528093,0.925547015948308,0.929837620160459,0.933715294383607,0.935636844613773,0.937731088056881,0.940727809778032,0.941268139519598,0.942910705659926,0.945079894056112,0.94622160623721,0.947589069678537,0.948550608149474,0.951521571740087,0.953045968998156,0.954105478461464,0.955235301341953,0.955964682860196,0.957159938768251,0.957945294953575,0.959515498652017,0.960146164841619,0.961537761741744,0.962345373582291,0.962744126329719,0.963127741957671,0.963734413269598,0.965373323217252,0.965791451260685,0.966299240409733,0.967054821078559,0.967398249672291,0.967803074504524,0.968310306221697,0.968721487936274,0.968943770777301,0.9694660324623,0.969872599562888,0.970180439109461,0.970369319366065,0.970473710011111,0.970853507048314,0.970997703342649,0.971158629048288,0.971484758314521,0.971670548560043,0.971758096210707,0.971918309693887,0.972053617925384,0.972424518280111,0.972504217657743,0.972648154031929,0.972726637552901,0.972835885868362,0.97304798289454,0.973191568544741,0.973284685085328,0.973390680671877,0.973617569572195,0.973856339017027,0.974032807514155,0.974163262278691,0.974227721180328,0.974319256922031,0.974381422240798,0.974484451171524,0.974557774426516,0.974662025057509,0.974672778705435,0.974709590370532,0.974812272298881,0.974940122205784,0.975029853115167,0.975056450213238,0.975149916033185,0.975280758980885,0.97533748102127,0.975466975796134,0.975560436677371,0.975685906866101,0.975746874247248,0.975810185400135,0.97585555453459,0.975918427656977,0.975979513303973,0.976031969527385,0.976076542816482,0.976114133776595,0.976175108893512,0.976283296138181,0.976357272540487,0.976394593435494,0.976478768883175,0.976518907524491,0.976586171557295,0.976679426764406,0.976748199732928,0.976762098958099,0.976819074133191,0.976846393461688,0.976874942719701,0.976912425661351,0.976939191944326,0.976971024333517,0.976996932516918,0.977017016177498,0.977064453453122,0.977099620002501,0.977106659633137,0.97714962691566,0.977208191959959,0.977407795380289,0.977437222575442,0.977478675089011,0.977513358338381,0.977549524402485,0.977576334979301,0.977595186016479,0.977628909723467,0.977646875158449,0.977698782045563,0.977707296413846,0.977743445075865,0.977779015928786,0.977795864837882,0.977840561370201,0.977874526263805,0.977890673259156,0.977900947159854,0.977923489803399,0.977952584176123,0.978027928929923,0.978041065766876,0.978051723900516,0.978077665847258,0.978111512313322,0.978113595823743,0.978134958767042,0.978141270364203,0.978158083303233,0.978174589488998,0.978187083148944,0.978199646029706,0.978203009709806,0.978223997663732,0.978248623642953,0.978278766660202,0.978292053610806,0.978304259970315,0.978315050031071,0.978326315004533,0.978340007049192,0.978354528116194,0.978371128742902,0.978429281393681,0.978447288087669,0.978467386881822,0.978482461143757,0.978506028746292,0.978522160485148,0.978536174014348,0.97854286376994,0.978553718953094,0.978565801783914,0.978573604627706,0.978593913583179,0.978602593630836,0.978617190885365,0.978628357176236,0.978651800311955,0.978672902177447,0.978688161982332,0.978706151537911,0.978732539260636,0.978739679754583,0.978756725395618,0.978770438647192,0.978779077030567,0.978796046417336,0.978808609084155,0.978822230954652,0.978835915683882,0.978846631115728,0.97884945530979,0.978869756297168,0.978880894475558,0.978896630639303,0.978906400818136,0.978911026708864,0.978923222460394,0.978934096297884,0.978936628247645,0.978953600957017,0.978959462721893,0.978966259747806,0.97897753179062,0.978984727855675,0.978989468365929,0.97899318846021,0.978996478455466,0.97900731566125,0.979026129127188,0.979044194138357,0.979053789555067,0.979060942595838,0.979155375964882,0.979166469983627,0.979168656628731,0.979186544633986,0.979188067932993,0.979203887521731,0.979225518297193,0.979231691148036,0.97923680228512,0.979250471011211,0.979256760405431,0.979269655326719,0.979273071292358,0.979283531158457,0.979295543066366,0.979299336118081,0.979301122959733,0.979302499528573,0.9793088833843,0.97931262405812,0.97932190033176,0.979328806195954,0.979341634426586,0.979353549252299,0.979358569331689,0.979364168619197,0.979367406946574,0.979369691839797,0.979382641738293,0.979388810097676,0.97939146179689,0.97939560229568,0.97940399801933,0.979407498230127,0.979421182259558,0.979426756261456,0.979448590679212,0.979453614508999,0.979455161132496,0.979464255825126,0.979472585269735,0.979475049214349,0.97947688897841,0.979485845243514,0.979488597606566,0.979497820131981,0.97950488829139,0.979542537162547,0.979546112842009,0.979551598363238,0.979561226656629,0.979572988751479,0.979584592094785,0.979589855615158,0.979597242825968,0.979602118743867,0.979604937480981,0.979614198048992,0.979620690434685,0.979630431837073,0.979632549318559,0.979635017164176,0.979640508928106,0.979644079488036,0.979646697848675,0.979650714592452,0.979653242188084,0.979655739718322,0.979660076056725,0.979663933442087,0.979748402190986,0.979750259417839,0.979751325882117,0.979752514250238,0.979756063127888,0.979758835045679,0.979767307736084,0.97976827808574,0.979769644216123,0.979772391409444,0.979776656236172,0.97978771402903,0.979797408370476,0.979802524462791,0.979806866546197,0.97981497360821,0.979819893104102,0.979823445829558,0.979831749579388,0.979836721056972,0.97984400922208,0.979851489268645,0.979857428840831,0.979858016418637,0.979864380442353,0.979867401498934,0.979868896994976,0.979870280565111,0.979872058334924,0.979873937816224,0.97987780949982,0.979880396632827,0.979884907554427,0.979890621597018,0.97989361282352,0.979897603708426,0.979900638647637,0.979919854818949,0.979925442320297,0.979928878634636,0.979935943099236,0.979938618461682,0.979942618155477,0.979944400935627,0.979947350789578,0.979949091075403,0.979951304033756,0.979954077716103,0.979956555493622,0.979960526057238,0.979966489618162,0.979971532377856,0.97997327747509,0.979979665289617,0.979980872036906,0.979988225611107,0.979991524452276,0.979996271604451,0.980000651244271,0.980002009989281,0.980005544381005,0.98001056111447,0.980013230900182,0.980017194094332,0.980021411806074,0.980025204100872,0.980027977036487,0.980033399458383,0.980037194414682,0.980038786855738,0.980041631696006,0.980044145035757,0.98004863190458,0.980049465289155,0.980054384572641,0.98006107167109,0.98006585413269,0.980069218823223,0.980072893206469,0.980074087182319,0.980078291067497,0.980082076908848,0.980085299518504,0.980086855800964,0.980089554510767,0.980091800002527,0.980098089528995,0.980098765908692,0.980106832593561,0.980109531697414,0.980113631935893,0.980116155166079,0.980117217863537,0.980121393937018,0.980125610109628,0.980127631417026,0.980128691225874,0.980133023687867,0.980135998010192,0.980136123102938,0.980141373402937,0.980142811402262,0.980146328588977,0.980149696381803,0.980152726668548,0.98015446802695,0.980159989438332,0.980160929021641,0.980164029176572,0.980166474952552,0.980170024699358,0.980173946252199,0.980175460646912,0.980176722114645,0.980178805562209,0.98017967885681,0.980180548193128,0.980181824690642,0.980184103245198,0.980187255415534,0.980188676004092,0.980191947305064,0.980196515984179,0.98019852032124,0.980201344283477,0.980203519035842,0.980206265362713,0.980207805834165,0.980210051428978,0.980214464796452,0.980217271530808,0.980221770389882,0.980223528401,0.980225874042585,0.980228549280388,0.980230444653835,0.980231358155439,0.980232016413857,0.980236485514194,0.980238670125351,0.980241880383627,0.980242883988101,0.980245815960174,0.980247904311071,0.98025457343403,0.980255937506315,0.980256957411088,0.980257899460387,0.980259581672898,0.98026243574755,0.980264333796298,0.980267689315262,0.980269876726432,0.980270780330255,0.980272773477517,0.980275180434061,0.980277576817284,0.980280193872333,0.980281579265229,0.980283915479523,0.980284495758212,0.980286306481662,0.980287488715735,0.980290808403766,0.980293451543399,0.980296182636127,0.980298279969312,0.980299879490282,0.980302119962777,0.980303147253319,0.980304267400101,0.980305430808718,0.980309861421524,0.980310935549969,0.980312386689103,0.980312555994005,0.980313730566576,0.980314793632509,0.980319230646953,0.980320966382823,0.980321280775224,0.980321446344241,0.980322842881026,0.980325100914292,0.980330060066166,0.980332704167982,0.980334807691921,0.980335120564471,0.980336096451765,0.980338113870615,0.98033904328963,0.98034047531818,0.980341282614645,0.980343077781945,0.980345794451506
0.454466531507028,0.530766473521218,0.536037005954214,0.592471891909263,0.682619627824879,0.710336024247977,0.72481394379039,0.727007569019775,0.763691233880802,0.772370934277192,0.792211525192346,0.799045736753333,0.802681567237019,0.807916288382614,0.843290841819244,0.845626558239158,0.849199632065606,0.865808393836667,0.885696321251726,0.890042097822027,0.895453131189088,0.902421429785683,0.906323108740192,0.909212693667033,0.911842241389761,0.914712228175499,0.91707217224814,0.918668522993885,0.921110574862315,0.922608960488065,0.92515413047041,0.927276227369245,0.929367066573877,0.932199889988139,0.934734012422118,0.9355611010092,0.938258612834122,0.939114455674871,0.941250916718693,0.94217445372665,0.943951917012252,0.947034417226091,0.948652617218828,0.949506362773311,0.951236867290925,0.952246585325272,0.953888516997508,0.955611909450991,0.956150482003404,0.956786889323726,0.958098318446733,0.958452594629465,0.959787516965729,0.960250828765918,0.960771067578932,0.961276346497558,0.962112145933397,0.96284021476295,0.963959955684222,0.964718864755638,0.965497988356524,0.966453777168773,0.968911442962856,0.969243262183664,0.970243899117959,0.970537621677895,0.971138501679878,0.971531502735539,0.972182463316514,0.972474994641168,0.972841835086409,0.973021391575933,0.973697126378183,0.974270846121012,0.974729435903611,0.975414513346362,0.975594140868398,0.976052689504481,0.976531724498316,0.977425717504998,0.977704724375925,0.977946093829607,0.978216743581318,0.978519556483138,0.978686343592783,0.979091907116466,0.979323915229245,0.97938734421497,0.979711600078984,0.979918842736139,0.980103575392615,0.980230949582505,0.980385781910236,0.98065002866544,0.980705389048168,0.980785204341154,0.981002963795106,0.981066722222557,0.981344079748296,0.981493610370831,0.9816824363168,0.981793691315061,0.981894472588834,0.982029936188422,0.982092107607722,0.982265176178404,0.982598763513203,0.982741000718666,0.982964592624232,0.983235172109202,0.983306326004585,0.983468266718497,0.983647261599333,0.983727101713219,0.983834071575328,0.983871726996338,0.984012725097852,0.984057332607404,0.984160230477096,0.984213959995066,0.984233403110573,0.984351657912653,0.984373684470319,0.984412714275488,0.984561345395778,0.984586585040604,0.984646732722177,0.984787104071216,0.984839309756931,0.984903119052786,0.984933151721558,0.984967217303828,0.985010594738727,0.985056838775595,0.985139320341597,0.985384502784775,0.985407073690517,0.985437572783005,0.985487851357886,0.985524363393912,0.98556634665616,0.985582624746471,0.98560693844337,0.985629135726192,0.985691395858259,0.985744376678932,0.985783735860146,0.985833977634699,0.985871487317337,0.985932389982104,0.985956313013232,0.986008931556948,0.98604799602881,0.986067851646027,0.98621064482943,0.986243545431885,0.986282407892005,0.986314742541331,0.986328050867895,0.986353770354786,0.986371314204543,0.986399237132874,0.98641673249556,0.986444787721085,0.986456776507316,0.986465225950734,0.98653819421505,0.986575726433255,0.986620700302561,0.986633771411345,0.986669743452335,0.986684173808532,0.986706769200322,0.98676589336188,0.986770772767123,0.986796264498607,0.986872559539577,0.98690813659583,0.986997486732275,0.987027758080526,0.987057107981822,0.98706928336051,0.987118336905746,0.987145081173979,0.987159639882132,0.987187955333304,0.987222835034879,0.987280369536102,0.987303496205138,0.987321885974784,0.987344972261626,0.987383534052364,0.987389401504528,0.987405441791119,0.987419710807814,0.987429930755708,0.987432234660464,0.987446691931812,0.987450432103388,0.987461011379852,0.987470700467171,0.987473885740753,0.987491562488504,0.987520989888123,0.987535375896544,0.987555349542051,0.987575891758571,0.987593656992617,0.987604123313801,0.987614953166287,0.987628942888999,0.98763441794557,0.987648739540626,0.987649666151033,0.987656893251976,0.987740153993782,0.987751935714771,0.987759394452167,0.987763031762625,0.987768385365458,0.987772582310194,0.987793312074484,0.987811794560861,0.987831059369046,0.987837403469161,0.987854625562116,0.987873489827386,0.987885335887689,0.987893454087748,0.987910156245537,0.987915661442689,0.987937212710099,0.987953586337713,0.987975447341451,0.987977163318874,0.987991485390319,0.988004924619771,0.988014995783953,0.988031903685837,0.988039668244335,0.988044070938058,0.988061258924629,0.988076973007304,0.988097935120917,0.988112856771833,0.988124785810871,0.988129508943174,0.988136998361238,0.988142192969917,0.98817051296059,0.988186135726112,0.988191302424425,0.988199115212724,0.988214375014433,0.98822821863881,0.988233029153161,0.988235361941557,0.988254650322014,0.988260752609944,0.988262218791124,0.988270026146595,0.988296749459816,0.988322391109604,0.988329471198781,0.988337425255393,0.988341596036867,0.988352141872697,0.988361069794522,0.988372437768551,0.988380302993411,0.988386278951663,0.988386550304981,0.988391013664456,0.988404341410155,0.988406040401756,0.988412868044644,0.988416407407668,0.988421504678478,0.9884252655784,0.988434261656196,0.988440968260648,0.988451505701639,0.988454309552388,0.988472600469335,0.988473526087078,0.988478867885964,0.988484773397997,0.988490647030835,0.988498689386322,0.988505738639488,0.988514683137816,0.988517615787326,0.988535979043912,0.988538087245342,0.988543087190617,0.988552252119999,0.988564981413764,0.988568488959271,0.988583798172797,0.988592479332139,0.98860108589559,0.988607415563305,0.988610949252315,0.988619052474224,0.98862482788572,0.988625876446888,0.988627031600682,0.988632328980749,0.988636284608926,0.988644674032724,0.988649249110869,0.988655701136105,0.988662368686347,0.988664210912621,0.988665879866814,0.988671651181476,0.988674700131647,0.988683524245102,0.988689473027105,0.988691365882872,0.988697199367688,0.988701912998686,0.988705899171528,0.988708995854461,0.98871412971659,0.988716918674053,0.988718932099152,0.988722002729341,0.98872703831631,0.988732927398619,0.988735366896608,0.988749531118103,0.988751861674864,0.988754712885317,0.98875910029779,0.98876066227782,0.988761896122463,0.988766986341458,0.988771190677441,0.9887746376048,0.98877771202639,0.988778484576818,0.988787009432717,0.988790223286625,0.988792122775404,0.988799497818223,0.988805299585826,0.988811436280268,0.988813895503829,0.988815366603536,0.98881981511766,0.988824053056432,0.988826589148641,0.98882831445301,0.988830290243564,0.988835098441442,0.988840634296867,0.988845412603848,0.988848981950622,0.988853339719408,0.988854992559419,0.988855934531581,0.988865213813437,0.988868729680072,0.988869985143953,0.988873304045907,0.988877119812105,0.988880968063769,0.988881668378508,0.988884706173085,0.988892228269774,0.988910038982199,0.988912055759061,0.988916487638803,0.988920974890521,0.988926219089933,0.988935549502429,0.988940175508676,0.988941061544762,0.988945121467777,0.988947520753013,0.988949100030711,0.988951262660298,0.988953760223988,0.988953812965405,0.988958034366983,0.988963964682969,0.988968283866738,0.988973822126253,0.9889762805543,0.988977387764135,0.988978485207855,0.988981064608355,0.988984618548853,0.988992268010049,0.988996070431773,0.988997918260729,0.98900446979264,0.989010345085555,0.989014140158283,0.989017881865309,0.989021812412374,0.989023173761736,0.989027147906653,0.989029749819115,0.989032462185517,0.989036317304103,0.989039007511751,0.989040419687648,0.989041601913774,0.989042315949591,0.989044681665789,0.989047907749167,0.989049008873243,0.989057950416911,0.989060547119717,0.989067630108535,0.989068255845469,0.989069063338256,0.989069063611573,0.98907548394494,0.989075943189509,0.989077938172603,0.989079554606811,0.989081226918519,0.98908348867515,0.989084052945418,0.989086339987022,0.989087824144008,0.989090026838679,0.989090754783847,0.98909170508967,0.989093195235412,0.989096841597647,0.989105676578206,0.989107185620978,0.989107272889287,0.989108248119125,0.989110840604981,0.989120505384308,0.989125143841145,0.989129030547462,0.989131196911352,0.989135545705643,0.989136357101396,0.989139136400535,0.989144294429855,0.989146224674288,0.989151145741737,0.989151623362566,0.989152093999713,0.989153084976135,0.989155805756808,0.989159718842542,0.989162042766898,0.989164264692464,0.989166586913399,0.989169172127718,0.989171862096091,0.989175086734178,0.989176140128588,0.989176914957511,0.98917732232636,0.989181627916428,0.989183274134109,0.989183632459799,0.989185900741181,0.989186499245096,0.989190555373032,0.989194318929611,0.989196023519961,0.989199157318871,0.989199828666705,0.989202712683768,0.98920334748458,0.989207697991907,0.989212391130252,0.989215117608512,0.989217295505473,0.989221209889274,0.989225568975834,0.989225843314578,0.989227913184941,0.989230093735811,0.989233464039121,0.989235870892659,0.989239571987214,0.989240893047917,0.989243304913918,0.989244642700381,0.98924506097924,0.989248174406841,0.989249325768987,0.989249559358329,0.98925138921409,0.989251732886802,0.989253308412976,0.989255200802652,0.989258150523803,0.989258381831008
0.472038939118677,0.536819118605528,0.606937915575973,0.626272303015875,0.665133726599823,0.732985580495681,0.753451777438754,0.778914420345494,0.785661316111872,0.791093566077212,0.829416474732887,0.832732559217835,0.837512970257944,0.843831529562,0.862848421190411,0.867657321904348,0.875880308092639,0.878383863004936,0.882829981798959,0.886647850599698,0.896729377370163,0.899159334580701,0.900892943466994,0.902068148870155,0.904516041400008,0.906434697122939,0.908223286495773,0.909717719421233,0.910855069129411,0.911164613963964,0.911793956013449,0.912726436753461,0.91428367000822,0.914783624498895,0.916172191231653,0.920222810367965,0.921272806714266,0.921814006828374,0.923145901376305,0.924583282204711,0.925353578767789,0.92605037222214,0.927785443192262,0.928123238717582,0.928948508465988,0.930390631404447,0.931702327437822,0.933034456809757,0.933443273937374,0.933860474081719,0.934100828564177,0.934630436496362,0.934967315258288,0.935662129660858,0.936708253940127,0.938202730306695,0.93866650974619,0.939022067059805,0.939515370459353,0.9402452534797,0.94058317983518,0.941304707100281,0.942467144130216,0.943153555861683,0.943685851035403,0.944100968421399,0.944817000452753,0.945190879786088,0.945456543745449,0.945895215554823,0.946154567101617,0.946319485031622,0.947210521439651,0.947354082957326,0.947921821674369,0.948231077743502,0.948444609228465,0.948640949877041,0.949096099526383,0.949644089047383,0.949898189102232,0.950157028779792,0.950385472976145,0.950967060793903,0.951343400224149,0.951526311012914,0.951843983610673,0.951997684904878,0.952259507029618,0.952417455647468,0.952650842880691,0.952912040950212,0.95335077774871,0.953587850425693,0.953886846513148,0.954031146220101,0.954177771836365,0.954584962873415,0.954622752260906,0.954881603555878,0.955038571441641,0.95512989292951,0.9553051914659,0.955439823282714,0.955505364826776,0.955732061490681,0.955839512370319,0.956217378424892,0.956468791213716,0.956710931500957,0.956745638812346,0.956874257679867,0.957166260795608,0.957227360368975,0.957301460931715,0.957412064590717,0.957471096571973,0.957577804871043,0.957688975852707,0.957737603710059,0.957847092867439,0.957923562576789,0.957967084250338,0.958053441946176,0.958177386996026,0.958261901342183,0.958314043005396,0.958373455340108,0.958446279509892,0.95848193452094,0.958604143236605,0.958662408180707,0.958780986701002,0.958849587103572,0.958921011532127,0.959045142845315,0.959079487445968,0.959104607796435,0.959184058412276,0.959218705720598,0.959261627861385,0.959275142548796,0.959329892144896,0.959379192894648,0.959422515275313,0.959466392585044,0.959493724000092,0.959510512968061,0.959560900791032,0.959581134278262,0.95959915300811,0.959621143427265,0.959736581585056,0.95982215044879,0.959889532885712,0.959909932342223,0.959966915544374,0.960064008147057,0.960121105602846,0.96014632401467,0.960215669709085,0.960237255667239,0.960331458332883,0.960353703286522,0.96037238120983,0.960468344286782,0.960510261842404,0.960553169622455,0.96060598937231,0.960628563391467,0.960672426269301,0.960681565635209,0.960712286737057,0.960756838486823,0.960797262001558,0.960816961784169,0.960845979114367,0.960863644324124,0.960888238234996,0.960924774925847,0.96093590886901,0.960950702593242,0.96099601886466,0.961049579320922,0.961171244632384,0.961181094476923,0.96121315256968,0.96123274650592,0.961243576557172,0.961251391393929,0.961314424591656,0.961346183153827,0.961377261082913,0.961390199168223,0.961420026172846,0.961447609171848,0.961473553345014,0.961489445381292,0.961520479631881,0.961526913843995,0.961534109894225,0.961547177701118,0.961558616522775,0.961585779385293,0.961613211019872,0.961625724316963,0.961644742055042,0.961676745705301,0.961682145161735,0.961692922975184,0.961700762446433,0.961717358706258,0.961725182568273,0.961736432596588,0.961750908587465,0.961766404138918,0.961771457170936,0.961791222645036,0.961812208283994,0.961825480273792,0.961859647271042,0.961883091742902,0.961892761405564,0.961895324092612,0.961905192770759,0.961914351458347,0.961921512573498,0.961928566084765,0.961945528392583,0.961959669874404,0.962127332494143,0.962145439912288,0.962156542800458,0.962183448965587,0.962191152151477,0.962210558003499,0.962222337875778,0.962252473301359,0.962256251089588,0.962284125924868,0.962315435965419,0.962327368509691,0.96233427898691,0.962342727698493,0.962346008665323,0.962383555929672,0.962408345360714,0.962425717466128,0.962453669747586,0.962475825690869,0.962478412653005,0.96248166098074,0.962491206533278,0.962497660740578,0.962508078569497,0.962516563455567,0.962528559216168,0.962531786732884,0.962550845713256,0.962554281171709,0.962558169610443,0.962571083155772,0.962576480173222,0.962591088274681,0.962593897331353,0.962596279508408,0.962630698554192,0.962641424899821,0.962654259375108,0.962660292180791,0.962664258970811,0.962671596531245,0.962678323810362,0.962685588140927,0.962689269487847,0.962694095616384,0.962697024878921,0.96270370290349,0.962719599075099,0.962727496927109,0.962738093341433,0.962739928299786,0.96274252712035,0.962743441070254,0.962751864224446,0.962756021459711,0.962766887574044,0.962767761596821,0.962770133688946,0.962782875219532,0.96278928622743,0.962797571204152,0.962802948169956,0.962816237141824,0.962823415780323,0.962829136312939,0.962836000067182,0.962837372509517,0.962843214808016,0.962848397346197,0.962865844581254,0.962872633020962,0.962874172945799,0.962890315837766,0.962903492043066,0.962927749012399,0.962935231764249,0.962941064474113,0.96294382848035,0.962946656216969,0.96295529570511,0.96296196917543,0.962967615780212,0.962970483953202,0.962971486460191,0.962975392243821,0.962981341576379,0.962989352178514,0.962990954953932,0.962997131472318,0.963000747768708,0.963006816513225,0.963015530425814,0.963021404017986,0.963023980888087,0.963028426351358,0.963031190946158,0.963032814749754,0.963038053381976,0.963043877973746,0.963054751994338,0.963063813103357,0.963068213567928,0.96307126052742,0.963092321416825,0.963092637722504,0.963095920274884,0.9630983113995,0.963101865280662,0.963109119066439,0.963112531469684,0.963114736578558,0.963116418783752,0.963127495848759,0.963140461358301,0.963144916810022,0.963168708395238,0.963173741981753,0.963181658314829,0.963183543555752,0.963187110595557,0.963188354912283,0.963192738024105,0.963203341182176,0.963206741510903,0.963208414066084,0.963214901177708,0.963220825810265,0.963225774697616,0.963229723132868,0.963246223462818,0.963264055559639,0.963265454669875,0.963276494695667,0.963280340945753,0.963284845469205,0.963291904474144,0.963298817500129,0.963308684602366,0.963323308815058,0.963323635086322,0.963327037421159,0.963339691591554,0.963342980363841,0.963346299618608,0.963355869980522,0.963364649499336,0.963365760203749,0.963371953738613,0.963374031951543,0.963386531138867,0.963389073731508,0.963390435445019,0.96339408803866,0.963410252340515,0.963415195266285,0.963424206498649,0.963435804210449,0.963435831669399,0.963437069420517,0.963445611717035,0.963446457311119,0.963455253309825,0.963456853411521,0.963460635457595,0.96346874931912,0.96347280651686,0.963473883132468,0.963478716236537,0.963487958813001,0.963493961094764,0.963501478449887,0.963505233005925,0.963507903680336,0.963511079396973,0.963514816008154,0.96351602500617,0.963519724042553,0.963523478862416,0.963525463094201,0.963528773142013,0.963531726497704,0.963541949717343,0.963545968791812,0.963546396210469,0.963549144415712,0.963550845501777,0.963556679661192,0.963558798521621,0.963569523569425,0.963572090640315,0.963577936898334,0.963580061662688,0.963589198999298,0.963589906902993,0.963590677327363,0.963591896618634,0.963594538886054,0.963599773254715,0.963601708994274,0.963604786310159,0.963606644851622,0.963607340354035,0.963609761715538,0.963613517734064,0.963615827167838,0.963625869289496,0.963628370053459,0.963630107183524,0.963630480210993,0.963633847331748,0.963636319970317,0.963637118533294,0.963639513766579,0.96364135140649,0.963645203374448,0.963646605807604,0.963649662389693,0.96365572239172,0.963656557890708,0.963660912045195,0.963664546279322,0.963666770387401,0.963669145796266,0.96367048089834,0.963673192256722,0.963676150616343,0.963678823375945,0.963679870027249,0.963693130969961,0.963694649857017,0.963696569228698,0.963697894946933,0.963703232569803,0.963703716237951,0.963707471306343,0.96371014735696,0.96371281074821,0.963715203616272,0.963717026789249,0.963720986219528,0.963726652006379,0.963727535538542,0.963741858293326,0.963748478187976,0.963750598973216,0.963751130634262,0.963753629262723,0.963754722177817,0.963758158892973,0.963759983494395,0.963760847578165,0.963763552852963,0.963766434490099,0.963768551856657,0.963769408218922,0.963770319191193,0.963779583216772,0.963781014712699,0.963781458071224,0.963783672796451,0.963785470137403,0.963788465736269,0.963789043413528,0.963790348054209,0.963792603366739,0.963792920765953,0.963794048705181,0.963795050598569,0.963798786147977
0.522979014172641,0.60675629943851,0.64303588442713,0.652929977801705,0.681711747315104,0.750361903440352,0.760595525631782,0.765236348276221,0.767922285889835,0.772604123398497,0.77548252432379,0.78585226388069,0.805277913498839,0.843847086063763,0.848283395637761,0.860951582150753,0.871909960196797,0.87847727007648,0.889096576627983,0.900238292137107,0.90480248178216,0.91373446569806,0.916217555045881,0.918259378191688,0.920483863546746,0.921437378097852,0.92315234779224,0.925201275851136,0.926776749248412,0.928819943796943,0.930636394352249,0.932921984464805,0.934082388614005,0.935111936226506,0.935533873543013,0.936723689935578,0.937316832615307,0.93818869517219,0.940100153378465,0.940836636772106,0.941850979617872,0.942425559123732,0.943031548871807,0.943971916806892,0.944746380724462,0.945334054153454,0.945680504878892,0.945950109379858,0.946361344956401,0.946761884612293,0.947065324000287,0.947552430062607,0.947861652883676,0.948207711907974,0.948451231836281,0.949147261135982,0.949419110824769,0.949593625536004,0.949849764865863,0.949994282567653,0.950103552357407,0.950266274278662,0.950496545288892,0.950695097097751,0.950935168746497,0.95106091064512,0.951314568142057,0.951503333930103,0.951711813371659,0.951894517843309,0.952010952421442,0.95212608002742,0.952180891032012,0.952387903360484,0.95244800144589,0.952582480252965,0.952630041871947,0.95270892453345,0.952750200367131,0.952786738465826,0.952912331466258,0.953303562718272,0.953404412574401,0.953489807388272,0.953551995577523,0.953585779324263,0.953624503394633,0.953679801290466,0.95378170201122,0.953913414321491,0.953981019557686,0.9540535138514,0.954100734743592,0.954192038875114,0.95423460959891,0.954273052015024,0.95433098320305,0.954361998348351,0.954463936733948,0.954773520369018,0.954807472762809,0.954840558378122,0.95487130036811,0.954923489951544,0.954965157175689,0.955012415736365,0.955063043762819,0.955113360959112,0.955151842997385,0.955195314719156,0.955230648113554,0.955273811778523,0.95532006216289,0.955341632631475,0.955381134541987,0.955418834073328,0.955450063276594,0.955493885791394,0.955507408738635,0.955537485034385,0.955566701895486,0.9555920785642,0.955636482285909,0.955696973785447,0.955735348758617,0.955761651450062,0.955787742463194,0.955797618527829,0.955802462385202,0.955831174360543,0.95585084261014,0.955891596896445,0.955902167697279,0.955921804577132,0.955952122192325,0.955977794831669,0.955987836940985,0.956007278913475,0.956014818125122,0.956021349220095,0.956030812863616,0.956048008058545,0.956060260463402,0.956084040992843,0.956097213140537,0.956205678855416,0.956232251086749,0.956240257488397,0.956242630925471,0.956268187302549,0.956279232689594,0.956296302148885,0.956314423833236,0.956330880759943,0.956344172572671,0.956356488332809,0.956386908556384,0.956399805343395,0.956410535565131,0.956417390896076,0.95642987266316,0.956476685847393,0.956492987528118,0.956514967968318,0.956536953715097,0.956552895426427,0.956557703463534,0.956560653355997,0.956568179525288,0.956582386390487,0.956598572010594,0.956604315334625,0.956619549141581,0.956621859123729,0.956641318477519,0.956652826101996,0.956658877877704,0.956673769377775,0.956692537040475,0.956699063765894,0.956706046879863,0.956722914482594,0.95673660375186,0.956746347188677,0.956761576103855,0.956769907854567,0.956771669379041,0.956781548004977,0.956798263737121,0.956807529054127,0.95682373129325,0.9568344792896,0.956849870843468,0.95687494001633,0.956882850540588,0.956890744886948,0.956894062244197,0.956904624460456,0.956918180325576,0.95692916799091,0.956938164106762,0.956942903172097,0.956955656267158,0.956966314042977,0.956990868318537,0.957004248742415,0.957015066461878,0.957030373296634,0.957034896137946,0.957048560493532,0.957054545550104,0.957064804028621,0.957073552085956,0.957084062049926,0.957089794910508,0.957103979997248,0.957117194389628,0.957124459099154,0.957133447118065,0.957149710535155,0.957152649007069,0.957160054174849,0.957170453243465,0.957172146560005,0.957178140606865,0.957184368429425,0.957217188041379,0.957222905690858,0.957227080070229,0.957233179388774,0.957236998895497,0.95724578731748,0.957254254748641,0.957256628837627,0.957265144005809,0.957273816376585,0.957281009758734,0.957286405386884,0.95729040840283,0.957293978194532,0.957301371404022,0.95730704210999,0.957311557580526,0.957314917649524,0.957316289402192,0.957324755800711,0.957329113651551,0.957330863058164,0.957331640909193,0.957336486745144,0.9573415237733,0.957346065963681,0.957353152273634,0.957360017404904,0.95736754598353,0.957374674644043,0.957376492220451,0.957378816073454,0.957389852604609,0.957390870638458,0.95739408789061,0.957396454634396,0.957402475277498,0.957420529616057,0.957422654412852,0.957429181877777,0.957429989305071,0.95743228829814,0.957438379887659,0.957440896845151,0.957443011040736,0.957449267251446,0.957452513131673,0.957457200698947,0.95745846214752,0.957464609786768,0.957465866694412,0.957473194626965,0.957473845112082,0.957476555586538,0.957480575283109,0.957485023123994,0.957486410625264,0.957490657624446,0.957493397442247,0.957501932583058,0.957505947960722,0.957510434119035,0.957512017664664,0.957517454148891,0.957523271984278,0.95758012759111,0.957585813909942,0.957590511573744,0.957591915167178,0.957604202548819,0.957607537848839,0.957612007523397,0.957613507721784,0.957614445109692,0.95762056134899,0.957624718177026,0.957627663155563,0.957632731271711,0.957635736462583,0.957642777365035,0.957644480161694,0.957647341265317,0.957649784950779,0.957658815082717,0.957662229552411,0.957668482085302,0.957669472496599,0.957675668560333,0.957681648546313,0.957683451972056,0.957686880902861,0.957700998515384,0.957704492230142,0.957714359809265,0.957717080238431,0.957719163242139,0.957719871034601,0.957727864214749,0.957734427908197,0.957735637710772,0.957739925697098,0.957742222168354,0.957749170536892,0.957751477378471,0.957756385841932,0.957757918238116,0.957763647284572,0.957769087213184,0.957772154363149,0.957774228029856,0.957777415922737,0.957783830042917,0.957789895514345,0.957794816793634,0.957796703895867,0.957803404663339,0.957810822910511,0.957811835394868,0.957812739666453,0.957816196239896,0.957821139132918,0.957822478054693,0.957824963446757,0.957827832124616,0.957831243288568,0.957834802808604,0.957854530708434,0.957856838507515,0.957857590657786,0.957862673812412,0.957865396059502,0.957868355629629,0.957871653101023,0.957885988474327,0.957888507354539,0.957889316776093,0.957891462450592,0.957895364703915,0.957897999337732,0.957899668858687,0.957902483942558,0.957904154021706,0.957906436228715,0.957910083956462,0.957913923608598,0.957919551858934,0.957924434218126,0.957926314226537,0.957929694465046,0.957930804440469,0.957933628400928,0.9579354444182,0.957937097625874,0.957939684236698,0.957943493893427,0.95794586549228,0.957947946872896,0.95795106744839,0.957955822110385,0.957956625532847,0.957959148763767,0.957961938682316,0.957964312338448,0.957965780103272,0.957966690225981,0.957970960144322,0.957972218082284,0.95797861360081,0.9579805847226,0.957981725687695,0.957983833224454,0.957985080963889,0.957989026618135,0.957989574700618,0.957990548948897,0.957992687340825,0.957996200279664,0.958001626301032,0.958001660651166,0.958001803313426,0.958006347999181,0.958008992312579,0.958014902764398,0.958015873443005,0.958017232260592,0.958019796101683,0.95802058216629,0.958023023165651,0.958024264466072,0.958026771493839,0.958029015636983,0.958030550297721,0.958031709367957,0.958032935804987,0.95803444629818,0.958036185834339,0.958039541274248,0.95803988191712,0.958042941803562,0.958044153053901,0.958048857419366,0.958054227695664,0.958056579740648,0.958056995128575,0.958059822117959,0.958061537192466,0.958066023639533,0.95806735764323,0.95806813668006,0.958068756590981,0.958070394015659,0.958072510318846,0.958078419460263,0.95807964082797,0.958081835800037,0.95808226860043,0.958087137217629,0.958088036199234,0.958089955138968,0.958092623395347,0.958093550313451,0.958095055113688,0.958098918109776,0.95810043623303,0.958101945267376,0.958103470029183,0.958106145434234,0.958107422899892,0.958108776953367,0.958111244476921,0.958112985534828,0.958115889907588,0.958120542343014,0.958122614933264,0.958126959738309,0.958127904032037,0.958129290200249,0.958131503030384,0.958133092837368,0.958136756538097,0.958138453546941,0.958138571499321,0.958139323021264,0.9581401783361,0.958141158751229,0.958144507706086,0.958145315426221,0.958147612160756,0.958149372975052,0.958149874055766,0.958152101325329,0.958153801899032,0.958156121109393,0.95815716485271,0.958157542575197,0.958159984659973,0.958160426877286,0.95816134734594,0.958162874120061,0.958164296173167,0.958166371593446,0.958168422111926,0.958169961844498,0.958172832533271,0.95817347498023,0.958176560966907,0.958179955700315,0.958182061060523,0.958184185165689,0.958185622631849,0.958188063957425,0.958188695351918,0.958192218394852,0.958194095762939
0.555270174972637,0.622821590587155,0.640116094255047,0.645156471390946,0.682603343856806,0.705326281713875,0.721669729063671,0.797517607550449,0.819607339856263,0.820524582069261,0.838463486820052,0.846334430798591,0.856628781891106,0.861286021964648,0.86598296667101,0.879094655297452,0.886232935152579,0.890924506090399,0.8944502106405,0.901120844014957,0.904898617888782,0.907094645721101,0.909014385211957,0.911351742048745,0.914837646644944,0.91610222390513,0.918616588373717,0.919630802833175,0.920409474963276,0.921515200501854,0.923450192040173,0.924745158129269,0.92589583247207,0.926679601731347,0.927978883903238,0.929225891704869,0.931987698870383,0.935485681277582,0.937067862321828,0.937484624593324,0.938027079399412,0.938739765550293,0.939183003677559,0.939917144193772,0.940181042884453,0.940652457611233,0.940950003776868,0.941236058291512,0.942279762518222,0.942435620231887,0.946241404292329,0.9465102860339,0.946689643283166,0.946991674864616,0.94724843649412,0.947379166408884,0.947661422478403,0.947750601064099,0.947995219475796,0.948259763751343,0.948380221291559,0.948452166025875,0.948642585463567,0.948849612701236,0.948955100688366,0.949047150048455,0.949465910789548,0.94956159358357,0.949765246353126,0.949835788310808,0.949915877527332,0.950046093011068,0.950121250084719,0.950216204698792,0.950370260587826,0.950523027433689,0.951049191238828,0.951334798596468,0.9523899070946,0.952539224237856,0.953282911582813,0.953334173303954,0.953419528011962,0.953479237579795,0.953582255668553,0.953659561204681,0.95371132540582,0.95384012208864,0.953947203935467,0.95407334487845,0.95429748245089,0.954481213117212,0.954527059864331,0.954614692379824,0.954658028969696,0.954744051188985,0.954772855576551,0.955016401723081,0.955160418206625,0.955206521667043,0.955242792759959,0.955308774621765,0.955369113523864,0.955795237282531,0.955924099304441,0.956006916246513,0.956097112991255,0.95614126151463,0.956174390824189,0.95620132234954,0.956223271348051,0.956261990546791,0.956382975593625,0.956445765054934,0.956475313815929,0.956531761394349,0.956543028311444,0.956571908791679,0.956662855870777,0.956683762520711,0.956726459484514,0.956760377463423,0.956787790234583,0.956842759061566,0.956861506136499,0.956897798886659,0.956907516575978,0.956946049109436,0.956960381850134,0.956980450669077,0.957007409401902,0.957042511825483,0.957122450868948,0.95715510841409,0.957173061702426,0.957182210094169,0.957207587979919,0.957242283905527,0.957260683580921,0.957293801570868,0.957309896133097,0.957350865378756,0.957363016721839,0.957374727446839,0.957386311764096,0.957404555934996,0.957437481845366,0.95745139755189,0.957465214178435,0.95747976974795,0.957485926394101,0.957491268889726,0.957502138819597,0.957515501001641,0.957535136799042,0.957571753408042,0.957591867328796,0.957605895483235,0.957610747590833,0.957628110947211,0.957640285896298,0.957647975040686,0.957655315151204,0.957669637739199,0.957684938250394,0.957717419839176,0.957730128763384,0.957743517253205,0.957756199960492,0.957777116514173,0.957790097923288,0.957801337496983,0.957815002652438,0.957834328283917,0.957849003054842,0.957863467505845,0.95787181549471,0.957888018332879,0.957917911429964,0.957944819950109,0.957957336102239,0.957960163922419,0.957971768147359,0.957994027208982,0.958009572023743,0.95802759409749,0.958037780613661,0.958044055296411,0.958048745888965,0.958071296703466,0.958081759685213,0.958119720000656,0.958138603847112,0.958151635919715,0.958161511865987,0.958176354230085,0.958185713691291,0.95819197603952,0.958201844438788,0.958228779140057,0.958234263033066,0.95824010244917,0.958245281670758,0.958249756925244,0.958259760324089,0.958275575848021,0.958285319172364,0.958300528213346,0.958310388947453,0.958318106749053,0.958326965699125,0.95834869930592,0.958357132584417,0.958363720890204,0.95837125527481,0.95837635218274,0.958378429226629,0.95838446580284,0.958389944832055,0.958394528824916,0.958398998113562,0.958413935720645,0.95842490234726,0.958437241562485,0.958438472863574,0.958441426523737,0.958457573317458,0.958461623365251,0.958465772826051,0.958479209564138,0.958496020054077,0.958501223678668,0.958506862996036,0.958515555285755,0.958522144901525,0.958527091216734,0.958531209105004,0.958548718442048,0.958557541900823,0.958562925785847,0.958565241301028,0.958568537984896,0.958573740526372,0.958592488125885,0.958612276809663,0.958615998246774,0.958623479661416,0.958629928059612,0.9586317473169,0.958634437453754,0.958643326004511,0.958648569594182,0.958653617327051,0.958659528938341,0.958660524957216,0.958666624992183,0.958669710066767,0.958685056798101,0.958689502845106,0.958695529380246,0.958699557594765,0.958706014732051,0.958714300475655,0.958717830298264,0.958724856965378,0.958729228154972,0.958733468207225,0.958737573723482,0.958739819943752,0.958742647788465,0.958747295829861,0.95875506163563,0.958762178155337,0.958763974173432,0.958768258966415,0.958770860618164,0.958780792907468,0.958785214439411,0.958787115885325,0.958795053694542,0.95880318931133,0.958808228807052,0.958819162142627,0.958827346827062,0.958832548244327,0.958836631280036,0.958841136963387,0.95884850732797,0.958852832925828,0.958855165709385,0.958858034729994,0.958861088864428,0.958862838412664,0.958870700949334,0.958875980091244,0.958877822392771,0.95888105108873,0.958885829859328,0.958889550471881,0.958895198201031,0.958900775472637,0.958901592460661,0.95890355298348,0.958906017664719,0.958910897266295,0.958912353868409,0.95891835773626,0.958922329439869,0.958924937069733,0.958928293116864,0.958932743763291,0.958936248176642,0.958944914569789,0.958949420509195,0.958955665327014,0.958961276158738,0.958962679208636,0.958964730947319,0.958965928419529,0.958968422717473,0.958976136228018,0.958979229415417,0.958989001644665,0.958994167378791,0.958995377637909,0.959005796551403,0.959007002452878,0.959009416325975,0.959015905974372,0.959016529985846,0.959017891277474,0.959020335012113,0.959023048324595,0.959024702935833,0.959025353058498,0.959033366911333,0.959037645074528,0.959040746860998,0.959042413057496,0.959047474160022,0.959058156617008,0.959066227908239,0.959071948338749,0.959077803039567,0.959080606351789,0.959082423497839,0.95908333918574,0.959087171342074,0.959093691095828,0.959096607335778,0.95909839723683,0.959101079224857,0.959103566355126,0.959108830851712,0.959110666866272,0.959120895331357,0.959124629802424,0.959126886057711,0.959129544046672,0.95913352685895,0.959139679690491,0.9591426462305,0.959146539556682,0.959153149796402,0.959157465748658,0.959161052314856,0.959165838498371,0.959199310425439,0.959201336940392,0.959204960609355,0.959208775097766,0.959216709418648,0.959217267756557,0.959217568343447,0.959218197152885,0.959220826620316,0.959222081828677,0.959227936922713,0.959230915094592,0.959234289085766,0.959236089991986,0.959239197860894,0.959240582118685,0.95924152519583,0.959241942692506,0.959243040969584,0.959247990543808,0.959248286925272,0.959252331808742,0.959254032591825,0.959256164543378,0.959258834782097,0.959262296839936,0.959264753420709,0.959269274106796,0.959269772463542,0.959273156749489,0.95927480661148,0.959277620939305,0.959278976401482,0.959280133738975,0.959281700721711,0.959283753856327,0.959286045501352,0.959287255424667,0.959293293853227,0.959294948104703,0.959294994752432,0.959296786526449,0.959301527610251,0.959303288202614,0.959305665227675,0.959308794664552,0.959314920606364,0.959317193277018,0.959318547080932,0.959319784355864,0.959323630855252,0.959326042388256,0.959326796511652,0.959328849714633,0.959330230914759,0.959331224129768,0.959333847663889,0.959334201337441,0.959335828791683,0.959338276682159,0.959339199865258,0.959341187066214,0.959343487533501,0.959345757792815,0.959348259942711,0.959348772300778,0.959349004242625,0.959350655298335,0.959353555231061,0.959355812511029,0.959357164000895,0.959358359391429,0.959359639272836,0.959363712188212,0.95936565636549,0.959373475058772,0.959375959815565,0.959378631432876,0.959381094793664,0.959385855046417,0.959386670778344,0.959401947916201,0.959405568221001,0.959407051616553,0.959408898274778,0.959408988301757,0.959410145024048,0.959410642225648,0.959412780761792,0.959413269561146,0.959414268714558,0.95941478637408,0.959416167926912,0.959416364748424,0.959418829926755,0.959420701683878,0.959425958927937,0.959427518134608,0.959428079012723,0.959430219275617,0.959435353546101,0.959436347594199,0.959440935661622,0.959442682348839,0.959444884072195,0.959446452968024,0.959448644627674,0.959449011707043,0.959452668710732,0.959457329515063,0.959458202654189,0.959458927372646,0.959465101646604,0.959468911230361,0.959469634080893,0.959470166927854,0.959470233157693,0.959470553331151,0.95947098689333,0.959472165841583,0.959475829936333,0.95947900788337,0.959480853044589,0.959484075073318,0.959484617259343,0.959485116646839,0.959488020604373,0.959490454331112,0.959492305752709,0.95949295331006,0.959495955002935,0.959496987494388,0.959500677393495
0.545174926235417,0.559799519996203,0.611869078151981,0.69176326395266,0.722350766038184,0.724090027295238,0.746602328770421,0.749730894059639,0.756219084392977,0.765277421868754,0.778875010017407,0.781819379004934,0.793916970264402,0.799773611984607,0.811638946247935,0.814185768416514,0.825696470260549,0.829613276384816,0.83126751616825,0.839146991487215,0.854886218243098,0.860786041824967,0.864263966613373,0.879869572840826,0.886420573765533,0.894566485072642,0.897673819119814,0.900776286081018,0.907500190020598,0.913258198599733,0.916416731409844,0.920343533754292,0.92173490427227,0.92448817717002,0.927103963108685,0.927847182448394,0.929507165202745,0.930423188136733,0.931720249528826,0.932783282694499,0.934458922835022,0.935222695316289,0.936802129457184,0.937869232604673,0.939753098372435,0.94021806740338,0.940853330748457,0.941898886292114,0.942817327511724,0.944461828218517,0.9449452538045,0.94579646586618,0.946276257231567,0.946746407305462,0.946927513000779,0.948654660113642,0.949867055241689,0.951043617173785,0.952233837618937,0.952974629873841,0.953925246083077,0.955167607312825,0.955620397669659,0.956056323172149,0.956954960139315,0.958385511400782,0.959065826908804,0.959902601145805,0.960085215436358,0.96029507031164,0.962323880932888,0.962702147839007,0.96430715018396,0.964642816781322,0.965350434097945,0.965749579396613,0.966113410579909,0.966767005801598,0.966979510330283,0.96732801729058,0.967728731917631,0.96806844245792,0.968516754381755,0.9687538040282,0.969015155271672,0.96913526295964,0.969353510272905,0.969714962592623,0.969933143380456,0.970020632019286,0.970207327204942,0.970311748121672,0.970393551559857,0.970564806666338,0.970778706204211,0.971937344554879,0.972599040643968,0.972747338433712,0.972903893937319,0.973046097803111,0.97309865571444,0.973225951038242,0.973340954537343,0.973466808607455,0.973533219626553,0.973620821005209,0.974413703358289,0.974520956550389,0.974627725092138,0.97474098063659,0.974787781784827,0.974913919471311,0.97498246175047,0.975092014430558,0.975212330816067,0.975291485546476,0.975401940805735,0.975481918311914,0.975562034068137,0.975585225734073,0.975626444237519,0.975689800453726,0.975737791908273,0.975858383035235,0.975914927117737,0.975962357327359,0.975979287027296,0.976101673150778,0.976164102598902,0.976175800615934,0.976243220355198,0.976284306584088,0.976347388661193,0.976441740560081,0.976555882938842,0.976586467620073,0.976660717315142,0.97669765916452,0.976728135040188,0.976753181726651,0.976765646679859,0.976778495176172,0.976850335231683,0.976872514640778,0.976885430610183,0.976897636330778,0.976924932201644,0.976955764681401,0.976966333731446,0.977007058776023,0.977020921422516,0.977036575189886,0.977069755941848,0.977078897609229,0.977102500689627,0.977125979380911,0.977140549706967,0.977163831107144,0.977195310484187,0.977232680249334,0.977249772383765,0.977460352400091,0.977473919852842,0.977496951135238,0.97751145513587,0.977725679341744,0.977737223700101,0.977753508221029,0.977780529028776,0.977801172674116,0.977817103546354,0.977862214928025,0.977899524006454,0.97792897026064,0.977959327457884,0.977971861895844,0.978014161136509,0.978042622158365,0.978048566885331,0.97808689770965,0.978100128355726,0.978113744593556,0.97817803285976,0.978188714806781,0.978208812594465,0.978217119634021,0.978225440740511,0.978232642337258,0.978245897801116,0.978260187872258,0.978280161344632,0.978286732096259,0.97828997445525,0.978323698946236,0.978332996988604,0.978456493706503,0.978468322674533,0.978482526443337,0.978493338013848,0.978501428933295,0.97851365655619,0.978515133705515,0.978524419843821,0.978553175586595,0.978570660819204,0.978578571271816,0.978583818520258,0.978592811197316,0.978603103315236,0.978655370074654,0.978668662822579,0.978682268346745,0.97870420452759,0.978711041901805,0.978716996575709,0.978725495565741,0.978732762786027,0.978745060851802,0.978760186118783,0.978770817899915,0.978784454240768,0.978797629505261,0.97880709386537,0.978813545680829,0.978824462638457,0.97883825411721,0.978852116500572,0.978853981057623,0.978861343887047,0.978867561220458,0.978878411403298,0.978888684267495,0.978895251534219,0.97889950875571,0.978915650425158,0.978921459269651,0.978982523287292,0.978985183119991,0.978999765149612,0.979011883857669,0.979020951469251,0.979036188635442,0.979045707078992,0.979064265227972,0.979093240944149,0.979103531461445,0.979112304438099,0.979121636070987,0.97913215429015,0.979145444699849,0.97915774997141,0.979166981266033,0.97916974167728,0.979187014482723,0.979189421910789,0.97920133861109,0.979216754954755,0.979224501637929,0.979229892933225,0.979241734120998,0.979247296144015,0.979256994646656,0.979262554366333,0.979271613142477,0.979285262529359,0.979287992359556,0.979298468307409,0.979307703231553,0.979316949470189,0.979321281792051,0.979329123570671,0.97933184042166,0.979338805159188,0.979350764043282,0.979363100246953,0.979366590996095,0.979374443433208,0.979380311827933,0.979400780644388,0.979406104006502,0.979409222804121,0.979412479244377,0.979418691258463,0.979424980242781,0.979431496381067,0.979438029502768,0.97944195875701,0.979447231314631,0.979458492653667,0.97946204122671,0.97946600736653,0.979472442359191,0.979495171477297,0.979505548842969,0.979506275722856,0.979515319570061,0.97952317491202,0.979526353323046,0.979529730879611,0.979538718356593,0.979548115738866,0.979563173032446,0.979575968426469,0.979582101074074,0.979588429474075,0.9795949047279,0.979599920120125,0.979603696013508,0.979609212386985,0.979618271397579,0.979621960233114,0.979627566888489,0.979629105428428,0.979637825849745,0.979642494443973,0.979643629663251,0.979646674101751,0.979649052188934,0.979654972137673,0.979660466113291,0.979662374711962,0.979671186084642,0.97967614431276,0.979678683860583,0.979681734802496,0.97968268035935,0.979686905282715,0.979693481686762,0.979695577944274,0.979700605212431,0.979705147872484,0.979708622015842,0.979712234578871,0.97971271980642,0.979720392132005,0.979726284310369,0.979729736743081,0.979731721787423,0.979731942463947,0.979738486933325,0.979740584061198,0.979741295534221,0.979744858593971,0.979745720089502,0.979747844066849,0.979758295692255,0.979758977138289,0.979761525952345,0.979767253056731,0.979768428733346,0.97977023907491,0.979772096085359,0.979774448846356,0.979780717359582,0.97978113017262,0.979782247323644,0.979788614932403,0.979790895652627,0.979792362703675,0.979795946078777,0.979799602595286,0.979800251668614,0.97980475364456,0.979811443108956,0.97981504615175,0.979821881665108,0.979822203101828,0.97982616617802,0.979826919825746,0.979830585024246,0.979835447603589,0.979836312067082,0.979840667521671,0.979844048919733,0.979844128460623,0.979846763675579,0.979849691985951,0.979851762742925,0.979852687302794,0.97985472844734,0.979855093999542,0.979855605736178,0.979857120112052,0.979860237170115,0.979861385078418,0.979863476408921,0.979864369848908,0.979865226545768,0.979868388589028,0.979869851143374,0.979872401619585,0.979874750753898,0.979876190960919,0.979882302427416,0.979887517266397,0.9798887315314,0.97989198031932,0.979895944710394,0.979898945617075,0.979904744298742,0.979907088812848,0.97991064077816,0.979914185249515,0.979917792449682,0.979919984862833,0.979921687240335,0.979926693642166,0.979931088894676,0.979933389839316,0.979936695226205,0.979939814863294,0.979940730278357,0.979946852329569,0.979950463003671,0.979951984069901,0.979952682888209,0.979955071187428,0.979957098197672,0.979961379051018,0.979962943573657,0.97996860520817,0.979972930135781,0.979981102805335,0.979983842533457,0.979985077140874,0.979989779259813,0.979991065053161,0.979995444654328,0.979999788076741,0.980008932081833,0.980012450497375,0.980014570764991,0.980017188968117,0.980017342071463,0.98002609147887,0.980030452232749,0.980038507884133,0.980045391242889,0.980046801363269,0.980049978204248,0.980053583162533,0.980061166931957,0.980065396283404,0.980067425061997,0.980071838773872,0.980075441989415,0.980084784482596,0.98008741357427,0.980089797563234,0.98009381915943,0.980095312893929,0.980099232711738,0.980107653932892,0.980112159719825,0.980115413813365,0.980117543790861,0.980120883586864,0.98012448699217,0.980128204798594,0.980128894812471,0.980132390887825,0.980134296276252,0.98013529191619,0.98013591964171,0.980138338385885,0.980139922890557,0.980142174859173,0.98014360792326,0.980145368478375,0.980147995128629,0.98015244978318,0.98015526497704,0.980160302572187,0.980165748179251,0.98017323255534,0.980173837314602,0.980174314423315,0.980176746042221,0.980178613651203,0.98018336592468,0.980185088036139,0.980185180468199,0.980189517766558,0.980190464847737,0.98019342604234,0.980195246306724,0.98019570768848,0.980198340937164,0.980200502424243,0.980203912593922,0.980204375015399,0.980207315765638,0.980208856622643,0.980209821933091,0.980210624549064,0.98021200717475,0.980216191050167,0.980216897142186,0.980218619782134,0.980223328768714
0.55590919827272,0.561868606076597,0.585533199836151,0.641222562181345,0.655075242052473,0.694062112944572,0.696589132146718,0.698898601168231,0.70312947828491,0.713804855734288,0.728756692378106,0.740567148874606,0.744147897460285,0.745782843856729,0.772192597298849,0.82720630037978,0.837962671002523,0.841350268007804,0.85682830706349,0.86575575838939,0.869831228329291,0.871083940799119,0.895385312530074,0.898978413291077,0.901122587839946,0.902319298245712,0.909480082101813,0.910909936318782,0.91573040474072,0.919727245158007,0.920413106154137,0.921638040628669,0.926394886202912,0.927605659751296,0.929235810223996,0.935043216207966,0.936674453351414,0.93785551081194,0.9386627951494,0.939826242381371,0.941109427772418,0.942343647904381,0.943184458275797,0.944213558677137,0.945351026110795,0.946598605100732,0.947731560083842,0.948470297665406,0.948919929342962,0.949479006177418,0.949693495570715,0.950024149470589,0.950571040737941,0.952420525997245,0.952754333209097,0.953003607523834,0.953400893947159,0.953630444405968,0.954197629541047,0.954571852072699,0.955546330757728,0.955964631571281,0.956166606240579,0.956548471119784,0.956737025402857,0.957054044184928,0.957187771827746,0.957370046820061,0.957827410073466,0.959772839020142,0.960362281186702,0.960511560862805,0.96124235451044,0.961302423949646,0.961473146614112,0.961767766565786,0.96200684736113,0.962116554826669,0.962241228256809,0.962374952837665,0.962656288987654,0.962722306264829,0.962790844387964,0.963093789855579,0.963419532311653,0.963449243453439,0.963614893452261,0.963713560805453,0.96385071745638,0.963935000130659,0.964121046862988,0.96414802113703,0.964195973078908,0.964223176568565,0.964368372101282,0.964422023485312,0.964482875793599,0.964530326048833,0.964721621437846,0.964811871486225,0.964852177827548,0.964895609231181,0.964943070420176,0.965218659900058,0.965261510860743,0.965321736442744,0.965423282256971,0.965481179953605,0.965543984484587,0.965693446460625,0.965749450259421,0.965796146426517,0.965810068006183,0.965848338438686,0.965858388574564,0.965890286097638,0.966000755882106,0.966067362132557,0.966115934683301,0.966161162996448,0.966188408442529,0.966281963082182,0.966306126239383,0.966329142737312,0.966399897881348,0.966416908371396,0.966449758053481,0.966498106240737,0.96651379066804,0.966937782455312,0.966960868884854,0.967074257353102,0.967087881944833,0.967409693997559,0.967448683213963,0.967478590058363,0.967498010337237,0.967549373809757,0.967570771880576,0.967579249337025,0.96761366822735,0.967632305692507,0.967667954225874,0.967689900350002,0.967892316551038,0.967900068852951,0.967911711034766,0.967923626012267,0.967939969683114,0.967986477179534,0.96811898124042,0.968130092584283,0.968145193610596,0.96817490324653,0.968196139869533,0.968205156187683,0.968227999206011,0.968253382261622,0.968270678522084,0.968287297330297,0.9683183722796,0.968329092435679,0.968340365388905,0.968361637246317,0.968376873169796,0.968390212850728,0.968411604030231,0.968420823123703,0.968481080270581,0.968489505693169,0.968516073090396,0.968541696632843,0.968543608327068,0.968556182596441,0.968566240245096,0.968570535162256,0.968592160828889,0.968618060805404,0.968621659265519,0.968714663354148,0.968727229136551,0.968738920862883,0.968747994757221,0.968756997034336,0.968760456218095,0.968771217841302,0.968784994895693,0.968794179489544,0.96881478926474,0.968828269016761,0.968851128700526,0.968874175812014,0.968883260737474,0.968890500651756,0.968907431037555,0.968910557137963,0.968920787146756,0.968936855174343,0.969166368387201,0.969184809238538,0.969195684539679,0.9692064111016,0.969208424879471,0.969232416273502,0.969241533485671,0.969247656875232,0.969333551595435,0.969354681247106,0.969365617545848,0.969367215053683,0.969367473271761,0.969376369807934,0.969386077593576,0.969397712843515,0.969429848384735,0.969449754624055,0.969464617308763,0.969473457588795,0.969479698036607,0.969485077351656,0.969489182309855,0.969498141462829,0.96951232684533,0.96953041085214,0.96953629282185,0.969549717730399,0.969561299879255,0.969568647109507,0.969572633396169,0.969588818328273,0.969592305178581,0.969601158781283,0.9696060957399,0.969625114802598,0.969629341896443,0.969635608754497,0.969641733160345,0.969649004058086,0.96965173333154,0.96965676222091,0.96967198048541,0.96968004303529,0.969691216442966,0.969693210198014,0.969696850995794,0.969701655300161,0.969704322925219,0.969715790462541,0.969720982045526,0.969724413413479,0.96972693632746,0.969743874424138,0.969755498281914,0.969761232821731,0.969767728806319,0.969835526414634,0.969841893723777,0.96984463807809,0.969846482656033,0.96985036023332,0.969855678999791,0.969861911156568,0.969863938536078,0.969865838788822,0.969872179047619,0.969889659364458,0.96989676995772,0.969902811551665,0.969909072866567,0.969919187770749,0.969930640038868,0.969948602204141,0.96995773963158,0.969968141245987,0.969971853050252,0.969980311435939,0.969983573033587,0.970001041228445,0.970003315693655,0.970014191398082,0.970018631924572,0.970021686588267,0.97002261644774,0.970033440942333,0.970037308896832,0.970048591991394,0.970051608956721,0.970055599548279,0.970065370968434,0.970067136917904,0.970071849988393,0.970090176120017,0.9700936932779,0.97010035774619,0.970104365644818,0.970110197825908,0.970111398891602,0.970115230531774,0.970125677558337,0.970132393292499,0.970133618240794,0.970139834646246,0.970143919773734,0.970146367006188,0.970148907167328,0.970151734391322,0.970158205190811,0.970167744903768,0.970195961411577,0.970201262464377,0.9702068409067,0.970209372470605,0.970214606999093,0.970218958126369,0.970221599951215,0.970225916534428,0.970232448233827,0.970237640407796,0.970248701400983,0.970261609812849,0.970264097335537,0.970269293038415,0.97027467798304,0.970282816792823,0.970285574898427,0.970290889502494,0.970293279421319,0.970300714563731,0.970308986917213,0.970312772518914,0.970325083260484,0.970331099321467,0.970335450659812,0.970338260732268,0.970340587007733,0.97034656918396,0.970351267495634,0.970363635921376,0.970367376234186,0.970369264089158,0.97037552153949,0.970400260637772,0.970407836451471,0.970411984799877,0.970415659544943,0.970418648922634,0.970421590246718,0.970422369519687,0.970428172177904,0.970429497465692,0.970432922668825,0.970440314830064,0.970445655524442,0.970446810816689,0.970450697142925,0.970455220357646,0.970457661786685,0.970463058420551,0.970466609065705,0.970467744714603,0.970469094837699,0.970471420814159,0.970472688536711,0.970478762207858,0.970487632353424,0.970488376121522,0.970491267863274,0.970492222815007,0.970493911919826,0.9704954485402,0.970500238604712,0.970505863896678,0.970514919187172,0.970517780969985,0.970523351978335,0.970527663709246,0.970535278397653,0.970540802311146,0.970542313456636,0.970543392952809,0.970546559694526,0.970546566509211,0.970546840024265,0.970557656119981,0.970559069039719,0.970565515210606,0.970568372140639,0.970569626823092,0.970570755638385,0.970576146721436,0.970578581557748,0.970580597822135,0.97058495932619,0.970587065629362,0.970589526644995,0.970600127928221,0.970602098136709,0.970607732549325,0.97060946189355,0.970614387758149,0.970619686504012,0.970623706582079,0.970627298740632,0.970631560183329,0.970634872472998,0.970638102405913,0.970640082250405,0.97064141088514,0.970642378426977,0.970643074515737,0.970644575432963,0.970646354471614,0.970649043018528,0.970650131685222,0.970654695311326,0.970658463079494,0.970663114829386,0.970664448424658,0.970667776606119,0.970670281269409,0.970675421614041,0.970677341831115,0.970678800157081,0.970681475811077,0.970684202879443,0.970686486030792,0.970691351655702,0.970693834789771,0.970696614155665,0.970699412142322,0.97070283329634,0.97071277859242,0.970715660694966,0.970716932215651,0.970721117188992,0.970722032978628,0.970727097592166,0.970728978517659,0.970730498567093,0.970731004180665,0.970731850566095,0.970731971902458,0.970733129126103,0.970734529028695,0.97073643734722,0.970739194424141,0.970741572927215,0.970747180539578,0.970747668840815,0.970749296006621,0.970751685591187,0.970754920559961,0.970758985890749,0.970762127740159,0.970762863153934,0.970779728422985,0.970782936962262,0.970783684868004,0.970784309036687,0.97078552195326,0.97078733709721,0.97078958452875,0.970789747780921,0.970790022090307,0.970790710130307,0.970791812646142,0.970794958262774,0.970795677083732,0.970797591801492,0.970799851657265,0.97080590839999,0.970808046568991,0.970808690491997,0.970811830155625,0.970812355200657,0.9708149024667,0.970815582450469,0.970819050294878,0.970822144128658,0.970825076705442,0.970825793139404,0.97082802193094,0.970830491143199,0.970832109548125,0.970834239185787,0.970836131123488,0.970837724676771,0.970839103666835,0.970840892970391,0.970841455142613,0.970843954559318,0.970845856520155,0.970849101113188,0.970853326739786,0.970855939014424,0.970858909098441,0.970860680308896,0.970863931299921,0.970866139195415,0.970868167290453
0.536969780692791,0.5519947568033,0.558128022069319,0.561457798445907,0.618162863518767,0.666648672278679,0.684656687067089,0.691489797182063,0.70323117275524,0.716356745918073,0.724908704976543,0.732401484761385,0.733992849510426,0.737698444737813,0.73929244001193,0.760346305966577,0.769274651521629,0.786002144053977,0.788906141101816,0.790434949916462,0.795764413185745,0.805407336352408,0.814911909556831,0.816436439097872,0.820204100684625,0.827907497320191,0.830639345906881,0.838653275703438,0.847492849001324,0.849614650331048,0.851733555667615,0.88255126633549,0.885887629968184,0.886811582059663,0.889835901363106,0.890308441194966,0.916224902221893,0.928241604055731,0.935136295193993,0.937378419605406,0.940261749549897,0.943116631178126,0.944188407295129,0.945337771381749,0.946351727319647,0.947995904231965,0.949587361044461,0.951281944770003,0.952659900961627,0.953352622215094,0.954366834559185,0.954954089855609,0.955724162916746,0.956416829930621,0.957244160581803,0.957745677643954,0.95892285611621,0.960002937710824,0.96059534357107,0.96096703226698,0.961396635655067,0.961772553459779,0.963211094554029,0.963724112539537,0.964578155976802,0.964993185734976,0.965352571953974,0.965575626256659,0.96594448575763,0.96635233230053,0.966444880301266,0.966710015936401,0.966954929535894,0.967032600614285,0.967205269961326,0.967702363733115,0.967905261497502,0.968368003228525,0.96863860477809,0.968769451373296,0.968884357199924,0.969056902690336,0.969190316220107,0.969360300125134,0.969489455611393,0.969613225622581,0.969671765675345,0.969852830241506,0.970177996596606,0.970343709236222,0.970384071629671,0.970477135032104,0.970556500635386,0.970702841444728,0.970905304227553,0.97100126799068,0.971182921553026,0.971304934735947,0.971471392273871,0.971579047553658,0.971607840694377,0.971714657899328,0.971760465877569,0.971844587883736,0.971904195770968,0.971994620640083,0.972037958548278,0.972068243487282,0.972180997648952,0.972290625808095,0.972364754263341,0.972412563289257,0.972482222869876,0.972551594755762,0.9726183872809,0.972665457987426,0.97273602571117,0.97276938037139,0.972805438867151,0.972823289858306,0.972910553764685,0.972929785752363,0.972970092073108,0.973008858336245,0.973039386870011,0.973069198524679,0.973106570967693,0.973338385089675,0.973395760060949,0.973447221862583,0.973505722666341,0.973531366103236,0.973557048018746,0.973616283994486,0.973634176562449,0.973692349317877,0.97371716843878,0.973738908694134,0.973803134268164,0.973830705154045,0.973848752200217,0.973884074786816,0.973920314862992,0.973946432985119,0.973973027202291,0.974007173411664,0.974042228755068,0.974069505978793,0.974108895110413,0.974122551938159,0.974157033772903,0.974178974955508,0.974196241630114,0.974196695838616,0.974200467122844,0.974219379649264,0.974238016861222,0.974246072569513,0.974263115043365,0.974273289233399,0.974305474504286,0.974339396855308,0.974458791677727,0.974476189234828,0.974495178928545,0.974505363186403,0.974520944345912,0.974555012915847,0.974572536323755,0.974603878083476,0.974626859317518,0.974644683543815,0.974654883060333,0.974692569369575,0.974695958939207,0.974740993490485,0.974767320452496,0.974776863486255,0.974797020491875,0.974824682986704,0.974834223832163,0.974843298926436,0.974852572423913,0.974858579238421,0.97487679529751,0.974886296847174,0.974890977916982,0.9749060925329,0.974918351599913,0.97493014424491,0.974961854210565,0.974984252384213,0.974989432624823,0.974998835810497,0.975016047318824,0.975028104738612,0.975036650147195,0.97504530614164,0.975059806882935,0.975067270647222,0.975089534446781,0.97509285422709,0.975102860579351,0.975111036621051,0.975119454124609,0.97512206496656,0.975126072568028,0.975138122646915,0.975144905719916,0.975154543373098,0.975169827831507,0.975183051811217,0.975201216950422,0.97520543712146,0.97521839614448,0.975231204863566,0.975245993212587,0.975256034865408,0.975262880161657,0.975281469821505,0.975288069695719,0.975294720436178,0.975297625303603,0.975306478634895,0.97531948586349,0.975340226428319,0.97535566297375,0.975361011352928,0.975370760672138,0.975390386020343,0.975408100847371,0.975426930854835,0.975433696293772,0.975449984779601,0.975457363495519,0.975465061675186,0.975486522576071,0.975503074029879,0.975516301933696,0.975524717876413,0.975540568133622,0.975544575837152,0.975549517189882,0.975558388298671,0.975565591993928,0.975574752739332,0.975580936286961,0.975591661365473,0.975609997785258,0.975613359813352,0.975624027673092,0.975632030049782,0.975640649152364,0.975644884496,0.97565223960108,0.975656478556386,0.975661129873667,0.975665342707776,0.97567101450004,0.975679461593864,0.975686657701833,0.975706128570545,0.975710507088058,0.975722975698858,0.975741966654063,0.975744761526704,0.975749037864884,0.975765271131351,0.97577485151212,0.975776984960493,0.975790802075428,0.975799278910413,0.9758036077875,0.975805502309312,0.975809714044837,0.975814857909403,0.975818830922733,0.975828426646743,0.975836717474768,0.975847191104348,0.975851556932178,0.975852927907957,0.975858656361777,0.975860660011882,0.975869369071227,0.975882510356364,0.97588535202456,0.975889967053356,0.975899655679003,0.975901988056993,0.975904026741769,0.975908538666695,0.975912697401265,0.975917743769737,0.975923171558644,0.975926926932773,0.975931322111924,0.975945246000056,0.975948272508384,0.975955043415187,0.975959131562157,0.97596002131882,0.975961554332617,0.975963064253881,0.975977567373272,0.975983608827913,0.975985375077319,0.975988385826195,0.975991317335371,0.976002903724358,0.976007078036793,0.976014521302682,0.976016442472557,0.976018725873499,0.976021389276866,0.97602547302599,0.976028357580036,0.976031752529287,0.976034597057373,0.976037445251351,0.976037946806962,0.976047062851379,0.976049027251238,0.976051421848628,0.976053828119533,0.976055443898035,0.976061062241563,0.976063759290582,0.976065541737011,0.976070644085615,0.976094294495635,0.97609578827158,0.976097708177492,0.976099385210434,0.976102922013291,0.976105508642551,0.97610948262509,0.976112621216114,0.976117911466109,0.976120367559304,0.976120686846313,0.976125848760961,0.976126806547764,0.976129143683094,0.976138161150047,0.976140134000506,0.976141615890537,0.976146614725492,0.976151708910441,0.976154464289173,0.976157600335745,0.976161534351443,0.976168003919614,0.976171810120944,0.976172187158841,0.976173880635913,0.976176210679457,0.976185107886759,0.976189010924599,0.976196205479809,0.976201855761988,0.97620371835225,0.976205699747152,0.976210439530924,0.976217604765347,0.97622459531342,0.976226142292564,0.976237606301846,0.97624028203848,0.976243103570651,0.976247778711338,0.976250384541869,0.976251835132383,0.976254882788509,0.976256718098329,0.976258753908832,0.97626013975041,0.97626963201391,0.976271394904385,0.976273185560088,0.976275420803262,0.976278253417367,0.976278979478365,0.976282564529262,0.976284525839218,0.976291344973506,0.976297254702741,0.976301149183969,0.976302640905686,0.976308981566734,0.97631376532361,0.976322520464681,0.976323770882532,0.976332970953505,0.976334905878415,0.97633628435747,0.976339749179856,0.976340880188552,0.976342883680201,0.97634676140964,0.976350179216803,0.976355171466692,0.976356137386289,0.976359857881583,0.976360706630116,0.97636436983794,0.976365736378942,0.976367001409841,0.976367568925735,0.97636761665335,0.97637217533079,0.976372392822221,0.976374867350355,0.97637622567392,0.97637703361894,0.976378957350807,0.976381505604402,0.976385611972505,0.976387798449833,0.976388489186125,0.976389643153691,0.976397326064533,0.976399940308069,0.976400619139777,0.976404484813587,0.976409705844486,0.97641252524416,0.97641536567479,0.976419680840831,0.976421899334584,0.976425352312648,0.976429313386889,0.976430618868236,0.976433271049895,0.976435263197376,0.976439854916137,0.976441368281092,0.976443341106222,0.976447530069521,0.976450727738911,0.976451732241928,0.976452701496037,0.976454048823627,0.976454885854698,0.976456277141567,0.97646008390188,0.976460647145639,0.976466010177157,0.976466937105625,0.976467501124068,0.976472893800894,0.976474426404907,0.976476213786828,0.976477310439464,0.976479132867174,0.976480462798324,0.976481338512557,0.97648226497935,0.976484002980912,0.976485453764854,0.976488352448052,0.976490643268515,0.976493380326268,0.976493974811891,0.976494871127254,0.976500956774657,0.976505380631186,0.976510003003273,0.976510582636366,0.976513389870684,0.976516122814228,0.976521449475601,0.976523791500087,0.976524309157528,0.976526438571653,0.976529654995154,0.97653160297192,0.976532870016854,0.976533529121547,0.976534229495453,0.976534310853129,0.976536866843982,0.976538579385408,0.976538921728629,0.976545557975756,0.976552464378457,0.976554017033107,0.976556140646261,0.97655802217916,0.976558485167443,0.97656247975428,0.976564099374351,0.976565339119154,0.976570005231687,0.976570776044972,0.976570776044973,0.976571015171651,0.976573767743909,0.976574093708136,0.976574776660452
0.593740655957011,0.60252010105129,0.60662543788621,0.613072065038641,0.620678125973293,0.665054222750936,0.670846965106406,0.673380815621698,0.705438689229258,0.710183665595651,0.756688745000649,0.759790889214839,0.792537537282439,0.809838600929273,0.824769079881351,0.828344725442047,0.856960197038832,0.858357934360687,0.869095648174863,0.871879200669349,0.884690532585191,0.892151841273147,0.895311268639624,0.899479459564272,0.903397492154749,0.905013400075305,0.907527490681721,0.911427621655227,0.914131103880971,0.916613906096904,0.919663436900964,0.921634189500601,0.924547293805394,0.926065997680299,0.928854045050589,0.929871236357974,0.931222735462031,0.931857664564907,0.932479109803558,0.933644221733346,0.93405365853098,0.93509939815472,0.935947860229636,0.936640970025457,0.937248131452418,0.93761210195596,0.938063576321877,0.938491331750807,0.938847913015394,0.939245182985386,0.93977599319012,0.94001677646401,0.940424902629301,0.940624349401275,0.940846270505139,0.941059065168233,0.941266824414523,0.94147378298811,0.941654538869553,0.941811711617218,0.942626214112379,0.942817883161854,0.943001939324583,0.94315007996221,0.9431925719455,0.943314912895403,0.943497281363409,0.943586796284571,0.943704348855357,0.943844372746756,0.943932886327005,0.94402145612946,0.94415979894803,0.944431375275121,0.944509629760098,0.944668371925428,0.944721901712407,0.944831110874395,0.944944512012865,0.945045382295642,0.945161337098456,0.945254636888647,0.945302033677572,0.945378605623377,0.945447514112726,0.945563225862418,0.94564581464318,0.945725387791685,0.945771448076546,0.945804471102047,0.945882684785979,0.945969453315743,0.946058609759192,0.946101298591247,0.946137494192797,0.946189525165794,0.946255569868749,0.946322827351335,0.946343727239278,0.946392382815529,0.946424572026128,0.946449415302888,0.946502557522801,0.946536658224928,0.946570635169187,0.946637889215958,0.946684282107194,0.946715791919156,0.946749576691656,0.946798060905293,0.946842596109558,0.946875755663436,0.946926839492192,0.946956361422559,0.946977239884865,0.94700212870105,0.947047148123452,0.94708090928326,0.947133126925563,0.94717222725389,0.947215594114026,0.947232295990558,0.947257014879706,0.94727873039275,0.947326402859299,0.947336563172544,0.947362417247391,0.947393190197602,0.947407820110568,0.947434830972738,0.947466713468243,0.947490813035337,0.947534983770499,0.947557006861701,0.947572203531681,0.94759159599638,0.94763199100377,0.947657564096628,0.947670118367199,0.947742630315304,0.947776291701487,0.947800903625065,0.947820495122807,0.947833053140263,0.947853309212638,0.947866002564117,0.947883045357611,0.947890091705829,0.947912560721472,0.94792637175061,0.947967676727291,0.947986771480727,0.948000563796073,0.948016750799046,0.948031937659915,0.948058003914229,0.948081254242045,0.948084950492998,0.948090764132276,0.948099977311561,0.948117001436981,0.948135333540738,0.948153042429266,0.94818232953941,0.948199113393212,0.948210182618728,0.948250539467609,0.948257319985079,0.948264172588332,0.948270726373775,0.948281073808658,0.948295104935429,0.948310699870129,0.948320817479999,0.948333965649985,0.948339416622207,0.948352629828393,0.94835811727177,0.948367116282453,0.948377210940208,0.94838844211043,0.948400931898148,0.948413528255196,0.948424602257452,0.948447637607218,0.948459137704795,0.948468755350144,0.948483255405958,0.948492128696807,0.948501458758277,0.948510618453731,0.948519030013705,0.948528017423219,0.948535669070474,0.948544483227385,0.948558371128754,0.948571651142813,0.948582229840285,0.948587422472977,0.948601097921608,0.948612859815577,0.948619401994164,0.948628215554229,0.948633597993796,0.948638590221846,0.948651531435481,0.948660172601332,0.948663740986616,0.948667315302747,0.948678819186322,0.948688230698686,0.948691397119278,0.948696040633589,0.948699347976766,0.948705039715596,0.94871059434919,0.948716220589529,0.94872210965446,0.94872965307885,0.948732955377941,0.948741399102886,0.948743952445664,0.948747510927137,0.948751397339691,0.948758504301987,0.948764747614852,0.948771335722483,0.948776009369711,0.948780155858573,0.948789467376494,0.948792636566313,0.948800926074671,0.948807607918141,0.948816253630847,0.94882366101999,0.948831629114287,0.948841070684073,0.94884581235789,0.94884851062471,0.948860554088981,0.948866335377637,0.948877244436141,0.948884842047502,0.948892065533699,0.948898000414948,0.948900819783728,0.948902567008401,0.948906478826661,0.948914921637857,0.948920979327065,0.948926197041216,0.948933146117113,0.948938731787614,0.948943989722378,0.948950071626754,0.948957795281184,0.948960856250601,0.94898126924587,0.94898379132312,0.948986389671141,0.948993753962768,0.948999736508475,0.949003000398993,0.949011146567815,0.949015684083738,0.949023508465327,0.949033725495337,0.949036415059681,0.949038473243999,0.949040986750885,0.949042069641055,0.949048521688419,0.949051086673182,0.949052884863411,0.949057549914683,0.949061817599793,0.949066460570338,0.949071237410592,0.949074128919233,0.949079340461974,0.949081622040708,0.949084148134559,0.949088744442334,0.949092762887039,0.949100646816723,0.949103556882944,0.94910845454881,0.949111772473632,0.949115414380569,0.949117406414299,0.94911986012927,0.949122829377588,0.949125543646149,0.949129441842574,0.94913169885583,0.949134647337901,0.949137262777118,0.949139108106191,0.949150474457244,0.949152118439692,0.949153563289891,0.949155401802881,0.949194814975681,0.949197915972803,0.949199439792811,0.949202855352824,0.949206138694962,0.94920871820907,0.949210856924588,0.94921268541061,0.94921481718265,0.949219330507697,0.949223408511343,0.949224983468712,0.94922902156586,0.949233993093265,0.949236802206318,0.949240703542499,0.949245611613895,0.949247071672096,0.949248481219417,0.949253452110652,0.94925688028295,0.94925970447473,0.949262049988064,0.949262507639191,0.949265421371888,0.949266441760883,0.949270873227847,0.949274087033254,0.949277182001792,0.94928137187551,0.949283927500896,0.949285879617574,0.949288885989117,0.94929757592374,0.949299806538268,0.949302978366037,0.949307550428519,0.949312194264891,0.94931389353285,0.949317426062599,0.949320960339015,0.949324585760176,0.949327976000465,0.949331091115789,0.949331629268824,0.949337809837237,0.949340282597348,0.949342580899228,0.949344653760865,0.949347080402928,0.949347571270708,0.949349949503326,0.949352482508966,0.949357037279862,0.949360481935602,0.949365560399782,0.949368230312561,0.949371124586002,0.949373450962104,0.949376559068356,0.949379514097228,0.949381789755377,0.949387165400631,0.949393453446551,0.949394856611564,0.949397501867657,0.949399698998774,0.949402392145133,0.94940488812282,0.949408387559349,0.949411086236107,0.949414964195034,0.949418445637686,0.949420456782982,0.949422223652809,0.949425762182642,0.949427359143458,0.949430688702445,0.949433101786213,0.949435299770768,0.949435502306508,0.949437407557522,0.94943797887217,0.949441140684975,0.949444361443173,0.949447447509125,0.949450966543052,0.949454869015424,0.949458595675543,0.949459516624626,0.949461401643588,0.949464471886395,0.94946490048131,0.949466674090886,0.949468413370055,0.949469132881605,0.949471458448054,0.94947532429719,0.949476664038223,0.949478929879988,0.949481638062892,0.949482440226814,0.949483175673469,0.949485168058605,0.94948621260314,0.949487933361836,0.949489565779963,0.949491437902647,0.94949254844808,0.949494557156432,0.949498663912643,0.949500974922336,0.949502527559136,0.949503257503207,0.949506976692953,0.949510585442771,0.949511450212379,0.949514225504958,0.949516051478664,0.949518528236309,0.949520883347512,0.949525618167131,0.949527292786757,0.94952862701317,0.949529391601411,0.949530073044589,0.949532070594707,0.949532463112081,0.949533233159195,0.949535182179213,0.949536866584454,0.94953834933518,0.949542029868484,0.94954343065876,0.949543726203647,0.949546412953035,0.949549116337375,0.949550550904831,0.949552144002117,0.94955271359152,0.949553444021376,0.949555310150822,0.949555759979966,0.949558509810461,0.949559668217435,0.949561789513239,0.949564638985228,0.949566065007818,0.949568160502298,0.949568992839236,0.949569661863635,0.949572425114852,0.949574553671479,0.949577336114002,0.949580809662235,0.949582210763351,0.949582451804097,0.949585145949734,0.949587103735785,0.949590297763684,0.949590621428421,0.949593513308301,0.949593715939334,0.949596174968668,0.949598573586647,0.949602499796647,0.949603466661325,0.949604918760505,0.949606323155782,0.94960877394929,0.949611719840929,0.949613183260322,0.949615084897784,0.949615481986232,0.949616734299091,0.94961955283928,0.94962049235421,0.949621301107399,0.949622146570036,0.949624209631116,0.949626355123828,0.949627517819196,0.9496304778608,0.949631595372167,0.949634443886005,0.949638684765361,0.949639820395727,0.94964328993816,0.94964494904512,0.949646525447756,0.949648090141199,0.949648414770591,0.949650043141188,0.949651015046744,0.949652471800987,0.949654479208166,0.949656890704599,0.94965947982652
0.504192823941214,0.514684816198672,0.522740434576065,0.615541852096857,0.664074209814952,0.677758073151621,0.707718445933242,0.71474479928735,0.749281054751783,0.766560344132579,0.772322489553436,0.785818533912159,0.812305720998663,0.822379176780682,0.844510935659536,0.852806995146976,0.858043011256388,0.871195727791838,0.873623071848595,0.877508479470226,0.887747875989638,0.88907743916312,0.892279696706041,0.89764539961619,0.900978465806541,0.905932857478643,0.907788979462434,0.909741456887065,0.912684983066247,0.91409967544242,0.921422479848694,0.923270341813689,0.925353581511232,0.926783713811091,0.927758852134182,0.928411967088917,0.929594523694212,0.930353635842588,0.930798605597506,0.931332934329622,0.931744966488222,0.932230680779514,0.932464356339189,0.932990101884072,0.933515432495916,0.93419338215122,0.934546115714444,0.934850163663944,0.935376011178844,0.935819404860458,0.936598954404634,0.936924768173932,0.937094113376324,0.937423994228657,0.937671361044284,0.93790018478098,0.938114544602859,0.938270502101627,0.938460424586771,0.939337361729268,0.939638729953551,0.939759652746243,0.939878156820899,0.940053054614625,0.940291746701682,0.940346551656508,0.940456599185322,0.940617324047069,0.940725909310191,0.940806336559616,0.941331721164648,0.941489266844567,0.94165802285069,0.942706005972953,0.942755925790524,0.9430604557116,0.943210328053207,0.943304282125935,0.94386123189328,0.943971552731413,0.944029220105527,0.944147341556913,0.944229715188319,0.9442939501873,0.944351302199605,0.9444120101473,0.944515831594358,0.944594195906765,0.944628605180036,0.94471101194855,0.944782922195178,0.944866568795963,0.94504362670266,0.945106101113691,0.94519031130725,0.945249439973486,0.945320609016943,0.945402202991905,0.945452402285553,0.945471429894799,0.945555387893784,0.945596027590485,0.945649330004375,0.945694745398562,0.9457396031997,0.945794993344478,0.945872160799739,0.945957678517466,0.946003384164217,0.946038307575673,0.946086273869543,0.946112626025816,0.946163819295015,0.94619653935898,0.946243348090268,0.946302297172483,0.946335921812606,0.94634935277265,0.946367259616898,0.946393159578281,0.946418948368475,0.946445510903942,0.946460708034693,0.946481891471205,0.946511584823214,0.946529419582006,0.946591959579389,0.946608140809106,0.946615824883254,0.946652006998428,0.946659667042452,0.946670538344275,0.946684067471329,0.946700981886558,0.946719528149172,0.946758484851018,0.946777767921891,0.946792570870558,0.946808270120334,0.946833008713237,0.946850096309707,0.946884967901489,0.946917962695171,0.946922007179175,0.946936068726355,0.946951911722749,0.946965729725081,0.94699216253905,0.94701322611869,0.947026989966838,0.947049422392242,0.947073007104338,0.94708709729776,0.947103264935817,0.947123498149447,0.947149104060149,0.947179856642076,0.947191032472614,0.947218347600972,0.947231943283026,0.947255300742503,0.947266251440019,0.947280862637119,0.947293783249119,0.947308206073068,0.94731976012301,0.947334293131089,0.947356883281697,0.947367651876118,0.947376821353761,0.94738693116948,0.94740127983737,0.947413897877586,0.947417642671637,0.947434751732105,0.947447227704549,0.947455180543106,0.947483059561736,0.947493883661073,0.947511709241564,0.947529004238113,0.947535671823741,0.94756248084822,0.947569711333433,0.947590416063469,0.947608737213207,0.947618887917317,0.947625235561615,0.947634220377322,0.947645678171468,0.947652309627993,0.947662897874296,0.947670155018376,0.947680239112295,0.947748445988884,0.947753334661971,0.947758792698606,0.947830313752338,0.947837053335434,0.947848520509029,0.947855882401061,0.94786576872275,0.947887793871556,0.947894062515541,0.947905421652961,0.947916090691104,0.94792029845414,0.947930131574142,0.947940296024494,0.947946031634777,0.947953197812684,0.947963710092127,0.947981093904512,0.947988149730252,0.947998970736029,0.948015075413089,0.94801937507801,0.948030209045192,0.94803982472267,0.948051608491854,0.948056697808593,0.94805952560877,0.948069636033285,0.948132607619993,0.948136377748162,0.94814141874097,0.948151547356302,0.948153567735825,0.948159130126772,0.948163738381844,0.948168742160362,0.948174068630119,0.948179079367464,0.948185016199596,0.948193948691272,0.94820250519793,0.948210449794539,0.948211349056488,0.948228078808859,0.948235799274415,0.948243792047869,0.948250923313606,0.948253423042604,0.948257316778179,0.948268044814392,0.948270391181128,0.948279322808481,0.948283486850001,0.948629494719583,0.948633883028984,0.948644473831237,0.948647662325113,0.948678327895423,0.948679893714582,0.948681589731385,0.948689371379421,0.948693553027016,0.948695207242225,0.948698793907906,0.948701369899245,0.948703917772659,0.948850500069582,0.948860920811243,0.948864809461147,0.948870975254801,0.948874504308821,0.948876402676662,0.948880483467363,0.94888854392303,0.948898888762214,0.948902737164602,0.948910543827857,0.948917368529993,0.948918590764878,0.948923911750602,0.948925621875277,0.948928753992255,0.948930576739781,0.948934918838699,0.948938162706384,0.948939060891184,0.948942301562856,0.948945869938816,0.948947608488951,0.948954230997908,0.948960260162322,0.948969039621579,0.948976254603284,0.948982580528656,0.94898979454992,0.948991011411959,0.948996850920134,0.949005401133385,0.949009443983978,0.949015323656392,0.949021507859588,0.949022629045752,0.949026900792323,0.949029894898819,0.949034090194595,0.949036718584315,0.949040958335649,0.949043523837981,0.949046998088581,0.949054311881991,0.949056288720222,0.949058498536499,0.949064164208295,0.949069566941859,0.949072002191655,0.949075491586791,0.949077938022011,0.94907983056013,0.949080094740237,0.949085919075557,0.949088454881284,0.949091139740065,0.949092433957133,0.949094052515098,0.94909661436405,0.949097801798228,0.949100958824849,0.949103941934341,0.949129498652337,0.949130713555185,0.949135155549267,0.949136910536485,0.949142983484397,0.949145323660481,0.949146200708568,0.949153422192845,0.949156061667979,0.949159975572763,0.949163164355523,0.949166171608228,0.949170640228717,0.949173399164569,0.94917568864384,0.94917686914358,0.949178516874803,0.94918555608804,0.949190542238736,0.949192461232478,0.94919317538862,0.949195956825606,0.949198142604166,0.949202899837209,0.949207865781503,0.949212907189354,0.949215119814044,0.949218338887266,0.9492208246664,0.949225110814712,0.949227729522426,0.949230273133819,0.949231971627158,0.949235118800538,0.949237291412019,0.949238763696327,0.949241271811293,0.949242471734356,0.94924493469978,0.949276236965364,0.949279436335985,0.949281000079562,0.949282569633471,0.949286013906295,0.949288001750314,0.949292667284481,0.949294704253217,0.949298352152625,0.949298967629695,0.94930122057029,0.949302700204149,0.949305205496552,0.949306377041034,0.94930816238633,0.949309848630123,0.949316022835961,0.949316748520911,0.949320274998357,0.949323507118021,0.949327316167073,0.949334118870773,0.949336822578528,0.949340257652319,0.949343867610509,0.949347582921584,0.949352364260924,0.949354092611726,0.94935586442024,0.949357261683313,0.949361067177191,0.949363875493577,0.949364568599979,0.949368012952537,0.949372149211633,0.949375959055193,0.94938149405053,0.949383049799924,0.949385876155348,0.949389919108332,0.949393179361369,0.949394337566141,0.949396261346889,0.949400240114209,0.949405218519388,0.949407902467814,0.949411110027162,0.949414587642851,0.949415192206427,0.949415836300623,0.949417301403617,0.949418943220871,0.949422617820438,0.949423410132313,0.949425895786651,0.949429116022829,0.949431436540639,0.949432930831499,0.949434197096594,0.949434446721455,0.949435612911189,0.949436342824296,0.949436962633817,0.949439971988627,0.949441261279526,0.949443190608445,0.949445142090065,0.949488720851963,0.949491236611941,0.949491942724822,0.949492192602088,0.949493774255479,0.949495442211335,0.949498309251555,0.949501126422999,0.949503880338871,0.949505283733741,0.949507479601031,0.94951141532136,0.949512892854195,0.949513883833733,0.949514297926664,0.949515827272767,0.949516652610532,0.949518395562135,0.949519100421728,0.949520428559583,0.949521932029967,0.949525083245923,0.949527417819817,0.949529013711872,0.949529852793015,0.949531123925866,0.949532513193162,0.94953403345186,0.949536033772672,0.949538318323578,0.949538548408033,0.949541535654874,0.949542634333598,0.949545637550118,0.949546770707926,0.949549104879402,0.949550087379678,0.949551675029929,0.949552598820005,0.949553356845419,0.949554026625875,0.949557005328348,0.949558364875709,0.949558880685041,0.949562551284473,0.949565136534895,0.949567835417529,0.949568054438163,0.949571418871999,0.949573018597011,0.949574417120044,0.949576500583776,0.949577326850413,0.9495800236141,0.949583310963502,0.949586499944773,0.949587882184896,0.949590361674934,0.949592967604159,0.949595670156584,0.949598278881481,0.949598806096739,0.949602837422755,0.949604831922826,0.949606509852339,0.949608156375715,0.949608694980128,0.949612411125958,0.949613936226634,0.949616580211479,0.949619746123246
0.469536661590172,0.488203048466311,0.535111891068163,0.541618043306561,0.57612783735579,0.631780955312403,0.676435017970713,0.67772780373887,0.741759962223279,0.744281808779799,0.757187817243838,0.764807619912106,0.799861962045022,0.812216572856977,0.835581618511125,0.841502291160556,0.849456431656778,0.855912436038184,0.859257874776594,0.862412181336218,0.865605573576943,0.871804256551138,0.876529057785777,0.878516730474678,0.881761712476736,0.883557082263314,0.885530135340251,0.887329795869125,0.891276275716396,0.892206391058318,0.898212801621268,0.903615721373664,0.906042678474526,0.908103317300069,0.909570136728555,0.911307848776835,0.916463078256114,0.917917216708159,0.922646355492703,0.924128034739327,0.926852192691822,0.927498326781291,0.928018894041384,0.928531648115002,0.929044678046602,0.929751750861514,0.930068659524906,0.930591558232746,0.931055499689909,0.934052983440088,0.934389921245181,0.93470342660149,0.93535791983861,0.939157234780568,0.939457261626769,0.940339340878823,0.940694262117526,0.940796816173992,0.942237264598558,0.942453139161433,0.942780697597805,0.943553520737144,0.943707751296642,0.944015663898943,0.944139291412317,0.944392071343621,0.944532281669518,0.946823247766254,0.947118821770879,0.947180695172123,0.947272904921618,0.947417887610555,0.947519849670558,0.947710374805691,0.9478110763072,0.947967385999605,0.94811529865831,0.948184779600957,0.948412076689854,0.948481266054101,0.94853836463784,0.948629744892968,0.948752560561704,0.948774770956108,0.948882506090363,0.94897059353774,0.949047146266416,0.949131934767754,0.951056090599862,0.951159159435333,0.951227586885598,0.951270338994716,0.951303012439226,0.951339936917692,0.951396320131772,0.951482440586505,0.951552098285153,0.951598870987771,0.951670196747297,0.951710502593197,0.951750361689328,0.951817374403631,0.951869560335306,0.951914748464564,0.951963745547759,0.951982308654784,0.952047725968335,0.95206775707813,0.952114309887382,0.952443711574189,0.952470853415689,0.952502114707494,0.952548549564781,0.952624972396218,0.952666340433575,0.95273366619734,0.952771259036269,0.952799023842871,0.952819231993383,0.952863356425335,0.952915178306842,0.952944199467948,0.952960857198149,0.952990596948658,0.954720449004292,0.954745094848885,0.954787712912343,0.954822993501044,0.954846358198682,0.954858450751278,0.954894293236214,0.954925233186776,0.954962060959785,0.954993395820994,0.955004016379843,0.955049127030518,0.955068237879797,0.9550773755637,0.955107429127068,0.955118914867144,0.955142569222,0.95516047702398,0.955171203104603,0.955206191251225,0.955219525156476,0.955229002364921,0.955237893880259,0.955252055063338,0.955291409621354,0.955315159728568,0.955333246455202,0.955359197116205,0.955383007575655,0.955399944861855,0.955438553285315,0.955448337781011,0.955452016063705,0.955475010083759,0.955500095246259,0.955541780010916,0.955546319416976,0.955562659796028,0.955570175092724,0.955591212282559,0.955608331468224,0.95561813643147,0.955636154866295,0.955644378805229,0.95564679432087,0.955660977812134,0.955668602699561,0.955676890959232,0.955679964978214,0.955690358639531,0.955696734591243,0.955701766225858,0.955716550463431,0.955718350539266,0.955729173209378,0.955734419666834,0.955744222152582,0.955755043277745,0.955764628789657,0.955774965536911,0.95578367350072,0.955808512364509,0.955826049718045,0.955879784764716,0.95588418823587,0.955897605778319,0.955915077329748,0.955923178561213,0.955931796812363,0.955939765766587,0.955951177077397,0.955969706261236,0.955977305905629,0.95598009204283,0.95598829351326,0.955993239622849,0.956009117151826,0.956024588632031,0.956032328953272,0.956036851902627,0.956044421115022,0.956047964988997,0.956067240257626,0.956071532709165,0.956085293462194,0.956092303030851,0.956110754445516,0.956124171404904,0.956128134987021,0.956134747580068,0.956141653051253,0.956145130386788,0.956154434141682,0.956162045576554,0.956168863168015,0.956176888817195,0.956199260963993,0.956209107832501,0.956219005411233,0.956230124512403,0.956260692965999,0.956271254142517,0.956282385492355,0.956286024573075,0.956295852071555,0.956299229217108,0.956309338063252,0.956328300379271,0.956336048536511,0.956340510775379,0.956342754453896,0.95634398676801,0.956353551960205,0.95636042994174,0.956367163589346,0.956371913843314,0.9563773347677,0.956386790649379,0.956396844156139,0.956400587328696,0.956410516388555,0.956413896922696,0.956419467580071,0.956439773501513,0.956446293020815,0.956460424053588,0.956479200583127,0.95648975416874,0.956498767556108,0.956507643012956,0.956524662083671,0.95652943127069,0.95653532450164,0.956543712911363,0.956546650789051,0.956555626404402,0.956561273262128,0.9565662636919,0.956573156670138,0.956577421540466,0.956590492881714,0.956600584052593,0.956603317677524,0.956613380739958,0.956619437503654,0.956626239751061,0.956634348834774,0.956636471903712,0.95664029345112,0.95664580881706,0.956653338332751,0.956655819447728,0.956660237971693,0.956663084339596,0.956670365147305,0.956683037197145,0.956695135220097,0.956701494062261,0.95670654595123,0.956709549876702,0.956729291961514,0.956741843160707,0.95674548928287,0.956774259008836,0.956778973746627,0.956784555384432,0.956795963966794,0.956803246743683,0.956806849061021,0.956810694416558,0.956825802725646,0.956835660155395,0.956838508196412,0.956847725729446,0.956864355855978,0.956879356871452,0.956881667771724,0.956885629135297,0.956888485856809,0.9569040574354,0.956908790072763,0.956923624767599,0.956927757751483,0.956936912688649,0.956948561557312,0.956957453330449,0.956960133055228,0.956965024598881,0.956971722597565,0.956974643555942,0.956986445029947,0.956992637504253,0.956998200326886,0.957008266936141,0.957026228952382,0.957034670200779,0.957041398686074,0.957053299959285,0.957054687301238,0.957063385703822,0.957068002918899,0.957071904050507,0.957075747226644,0.957078699909822,0.957085994189366,0.957153864623105,0.957156329539273,0.957163815100743,0.95717661363883,0.957185174742052,0.957188016212271,0.95718884780765,0.957193878002848,0.957197522101548,0.957200194589487,0.9572069517005,0.957209645090812,0.957214506032556,0.957217794666401,0.957223751649085,0.957227752033707,0.957229713147051,0.957232806871408,0.95723704150966,0.957239970720123,0.957244300641354,0.957248002374561,0.957258183725159,0.957261728091105,0.957264276507396,0.957266021019382,0.957271354432923,0.957272601287029,0.95727510181299,0.957282698070252,0.957285071481321,0.957288564446141,0.95729572248334,0.957299063302607,0.957301418022889,0.957304024740194,0.957306399509894,0.957312521476468,0.957313906384776,0.9573152550312,0.957333009570956,0.957334217259026,0.957334906165139,0.957338946495648,0.957345324207747,0.95734692127212,0.95734948157007,0.957352596008222,0.957352962328509,0.957358868228887,0.957362476947918,0.957362813190023,0.957365100550184,0.957377672350386,0.957378277348508,0.957382214550706,0.957382587759278,0.957386422337392,0.957391452930788,0.957396486046804,0.957398468355061,0.957400183056122,0.957401949997139,0.957406009538623,0.957408617530705,0.95741033250136,0.957413968652491,0.957414807465243,0.957416182234359,0.957417870452369,0.957420154915672,0.957420375417376,0.95742330007083,0.957424028427896,0.957427383340749,0.957428626561026,0.957432579822728,0.957435096001886,0.957438700999012,0.957439546061663,0.957442132483905,0.957444955360469,0.957445876461614,0.957448167111152,0.957450982818083,0.957452837389823,0.957458195011775,0.957459909892272,0.957460815795487,0.957461823637597,0.957464013383658,0.957465563096914,0.957468426279198,0.957471419271217,0.957472391539206,0.957477236266343,0.957478389815501,0.957479000022056,0.957480422627909,0.957482782674864,0.957488648506298,0.957489325932769,0.957489652892719,0.957493866531543,0.9574978348965,0.957500894691569,0.957501202861931,0.957501875853554,0.957503390635201,0.95750364279377,0.957505360453807,0.957506886132848,0.957507430922907,0.957508879260121,0.957510732528342,0.957512789831647,0.957512899720239,0.957514786869836,0.957515676469187,0.957517278945904,0.957518132214645,0.957518309421675,0.95751981983453,0.957523777417605,0.957525028352981,0.957525402233711,0.9575263341149,0.957526723366074,0.957529519749191,0.957529555631438,0.957533937276541,0.957535991674918,0.957538500548925,0.957539836571834,0.957540928281337,0.957542030827178,0.957543277873869,0.957546718996644,0.957547572462991,0.957549339281931,0.957551470157325,0.957552190729133,0.957554273091294,0.957561957226902,0.957563848266494,0.957565865685524,0.957570406533235,0.957572384540085,0.957577635473165,0.957579031265524,0.957583213180078,0.957585493354209,0.957588126872375,0.957590183853209,0.957591176357574,0.957593309942995,0.957596748528514,0.957598779904009,0.957599260976401,0.957600011201813,0.957601387662426,0.95760366287868,0.957606155339695,0.957608822741245,0.957609874955499,0.957611257146535,0.957612600645181,0.957616848881878,0.957617988196283,0.957618383780339,0.957622453642968
0.454365055232663,0.503913743129698,0.532792652846102,0.533501142487544,0.536419644764892,0.70455990779847,0.750002174332298,0.773308755815873,0.778135632229464,0.781451715844899,0.791542073930939,0.795586739582415,0.804132174750049,0.816717044368085,0.825743866362983,0.827494439648883,0.82928928498178,0.831302918631815,0.858998265532499,0.860600245489587,0.868732303211176,0.884476002437942,0.888088707004874,0.892831104906192,0.894534099969511,0.89812129693037,0.904509727329244,0.905919846797695,0.909544546936699,0.912627001511297,0.914788211233611,0.916146135419467,0.919091306365607,0.919823999880784,0.923513783130575,0.924649681198189,0.928184798335605,0.929850560756408,0.932666819761017,0.93408463356024,0.938260542164225,0.939672012597237,0.941449986979,0.943655578345416,0.946681445352693,0.947127196771888,0.948462294160423,0.949684457268772,0.951081293430637,0.953072262451047,0.953935005055341,0.954388071266211,0.955270600318456,0.955747689007926,0.956349395093347,0.95674027733293,0.95702864988572,0.957591240444263,0.95857177028506,0.9598491924144,0.960171574306762,0.962070541529911,0.962270166813557,0.962534087868897,0.962715588121949,0.963218835161076,0.963565511852131,0.963830459406873,0.964220150649269,0.96432158641861,0.964756223104262,0.964887756832899,0.965115320475494,0.965416095760881,0.965701368676088,0.965862658242485,0.966028081425627,0.966172990517117,0.966297094076034,0.966568528580657,0.966854202080919,0.966968960464138,0.96704828560143,0.967111257416399,0.967172542376697,0.967297412101849,0.967454461753307,0.969292846085054,0.969523580095269,0.969581598270861,0.969636053691935,0.970241361202237,0.970436484431648,0.970518042592118,0.970562476037421,0.9707055751799,0.970834182082341,0.970890922110185,0.970963644022704,0.97102370673095,0.971076937981776,0.971193109038218,0.971222751148974,0.971283060969118,0.971305725905525,0.971429315183755,0.9715184029961,0.971573741198671,0.971610442101793,0.971689855634772,0.971724838710169,0.971749072552128,0.971832463831976,0.971914360228092,0.971930980395905,0.971955312528102,0.971987411339365,0.972017020917903,0.9720437908775,0.972059170633671,0.972089492734222,0.972130826928494,0.972180226395755,0.972361629020456,0.972446409882284,0.972481761259058,0.972533654792721,0.972605946199254,0.972626135248883,0.972671988445666,0.972773859545792,0.97281529426146,0.972875679033587,0.972906660799833,0.972927708803434,0.972939146232155,0.97295660183616,0.973043004806096,0.973081651293398,0.973098935980081,0.973137794108149,0.973157750151391,0.973177024387866,0.97319834029042,0.973212203740944,0.973287839240287,0.973322953301472,0.973881914039582,0.973893686014907,0.973925378767151,0.973956458247635,0.973989800135285,0.974009785178282,0.974038310665293,0.974081882558241,0.974095514875148,0.97424120692987,0.974256819671526,0.974267893769785,0.974328903268973,0.97435967435863,0.974686601806101,0.974715509113065,0.974723375336584,0.974734905004069,0.974748173284891,0.974785263517519,0.974824733895758,0.974844008631733,0.97487275464179,0.974917666006354,0.974923085988983,0.974932748586001,0.974942414315035,0.974954290891031,0.974972911765147,0.974984658659616,0.975001763152646,0.975008398312065,0.9750183834666,0.975034148205766,0.975073805661118,0.975080292929061,0.975092052730825,0.975099122565467,0.975108148042374,0.975121449183818,0.975164619811002,0.975182853796183,0.975210156150201,0.975221027671902,0.975232847646305,0.975251413018636,0.975274067133165,0.975282507541061,0.975315216180813,0.975321454205451,0.975329555667547,0.975331627786495,0.97535912719111,0.975366568531199,0.975375723599331,0.975383434158813,0.975389365965615,0.975396751353744,0.975402157197432,0.975417843448913,0.975421360328117,0.975430270808176,0.975433000174925,0.975441125302386,0.975450229682709,0.975452513437121,0.975453413932217,0.975467379476009,0.975478580156916,0.97555654000534,0.975560069416221,0.975566009040743,0.975570520587282,0.975581528334133,0.975587878390231,0.975596855489986,0.9755984235174,0.975646026159398,0.975653672958602,0.975654394934076,0.97566805682555,0.975670869395289,0.975685409670464,0.975694358168918,0.975705333268095,0.975710904935654,0.975716511204703,0.975723172655042,0.975728077862249,0.975740571676896,0.975746046496219,0.975756419461873,0.975760867869573,0.975766120756961,0.975775386946814,0.97578821752966,0.975794634830288,0.97579794200879,0.975804272344634,0.975811650343007,0.975815978561649,0.975818434036539,0.975827106030652,0.975838272436803,0.975842024315799,0.975849629238743,0.975857028335593,0.975888001475299,0.975901072170442,0.975908033648842,0.975910096430395,0.975920542688693,0.975925099798377,0.97594044959916,0.975946478378715,0.975950639780994,0.97595929722165,0.975960862762638,0.975968161880788,0.975971430234696,0.97597725425442,0.975989006363758,0.97599754947783,0.976005787045033,0.976010241824358,0.976017053185875,0.976024403984514,0.976032383436325,0.976039387933788,0.976048481329755,0.97605136987593,0.976063211792565,0.976067148931666,0.97606990219639,0.976082884040209,0.976084758472727,0.976087714636846,0.976093136897463,0.976095570754752,0.976099549368874,0.976108057220858,0.976112208443815,0.976126685304253,0.976141294682453,0.976146224868156,0.976160808678305,0.976165832591998,0.976167510641603,0.976175268212862,0.976189745582991,0.976210394252401,0.976217062680963,0.976218939291643,0.976222348215146,0.97622423959183,0.976226999419348,0.976228696339759,0.976236615455796,0.976240866541495,0.976244086974357,0.97625394556104,0.976261886103319,0.976272302259982,0.97627630332349,0.976285452634803,0.976290627335904,0.976320769834175,0.976324330146798,0.976326553759394,0.9763329520773,0.976338388507682,0.976349488469622,0.976359355648886,0.976367258476805,0.976374934657853,0.976384589771066,0.976389449226504,0.976394908426692,0.976403492414702,0.976405326087866,0.976406409569228,0.976409794214239,0.976412776117248,0.976415800954759,0.976428786726137,0.976432119712117,0.976473507745048,0.97648648036726,0.976547955126782,0.97655004335232,0.976558679236162,0.976561334229642,0.976570830066212,0.976574131577489,0.976576460984807,0.976580952512607,0.976584914948534,0.976643015348999,0.976644558785408,0.976646459645371,0.976653527145616,0.976654636391863,0.976657399279573,0.976660174070263,0.976664171519599,0.976664840984632,0.976667386648727,0.976669461542617,0.976681846200899,0.976682699134676,0.976694099319437,0.976698713628339,0.976702695949651,0.97670542494506,0.976711366194496,0.976720184210609,0.976722163645423,0.976723128534147,0.976727779828854,0.976729009491797,0.976731626248115,0.97673491827955,0.976736258821452,0.976740649902808,0.976743116761982,0.976748485794002,0.976750065163667,0.976754354751659,0.976758287940867,0.976759291287651,0.97676725837286,0.976771399015122,0.976776526606438,0.976777242237327,0.97678153261152,0.976781961411252,0.976782212433023,0.976783407578432,0.976785871523135,0.976787043155316,0.976790788926043,0.976794290081888,0.976794639375732,0.97679593511373,0.9767988034011,0.976800890867765,0.976801734820144,0.976801989667346,0.976806403699151,0.976808432215767,0.976811629150723,0.976815365694207,0.976821193180787,0.976822222619221,0.976826633061768,0.976832188685136,0.976836782784935,0.976840666382729,0.976842120822601,0.976844222505128,0.976844927264824,0.976845734801921,0.976847845698238,0.97685611325575,0.976858675216842,0.97686200660598,0.976974758401901,0.976977253931646,0.976985434869175,0.976990929389203,0.97699112933951,0.976996433651534,0.97700118372247,0.977002592243905,0.977009040421535,0.977013306235882,0.977015587639108,0.977020012992848,0.977024213651285,0.977027056631039,0.977034925238248,0.977036733262276,0.977040864206598,0.977041046842744,0.977042560901328,0.977047402774644,0.977048797916417,0.977051539675083,0.977053228982454,0.977054530509398,0.977058300069808,0.977059079253323,0.977060488873618,0.977062016141519,0.977063604704141,0.977065231622391,0.97706742172387,0.977068448564037,0.977071788436612,0.977073222113337,0.977074828259667,0.977076120075595,0.977078995034148,0.977080658661178,0.97708263391833,0.977084236675423,0.977087331039367,0.977087478290921,0.977087754788511,0.97708849974967,0.977089123969495,0.97709114423179,0.977126440267615,0.977127278499398,0.97713062373148,0.977133603262197,0.977135381930726,0.977137410275754,0.977137834343736,0.977138975345274,0.97714096586048,0.977144672367591,0.977146353525552,0.977148767907196,0.977150188497651,0.977158358789867,0.977160742779828,0.977162277995779,0.977162605121779,0.977164663964424,0.977196391318347,0.97719640244143,0.977197819914884,0.977198946703387,0.977200930081771,0.977206908417588,0.977208895283596,0.977210152438917,0.977220081169985,0.977225100153163,0.977226455149363,0.97722882931904,0.977230051102804,0.977231769299612,0.977232616122921,0.977234342659173,0.977236053759871,0.977237048850345,0.977239433822996,0.977241763205129,0.977243587112541,0.977247965989703,0.977249056172722
0.523742857462665,0.663694366071282,0.709747910667547,0.716950747788056,0.737863327536534,0.743479151766319,0.763015674395115,0.770310046852215,0.774488874802597,0.783055492047609,0.795700721181885,0.824113746686302,0.82602191217437,0.830090776868147,0.836296754169949,0.847301689038154,0.870574679276788,0.883582344968755,0.888238420532755,0.890079344561691,0.895577194190853,0.898656529792413,0.905840876832432,0.908628926547634,0.914175332213909,0.917444321407699,0.922090762221275,0.92344325401014,0.928563487609544,0.932832134910465,0.935087391546206,0.936941144947217,0.93823984784657,0.940254213079143,0.941278165395483,0.944791216436003,0.946618922571349,0.948317838971899,0.94916809817414,0.950824636409439,0.95199166968613,0.952928980751916,0.95418544365385,0.954964007982514,0.955663967672547,0.957374166298933,0.957686258622112,0.960626283027286,0.961210199156016,0.961846586683042,0.962268190299434,0.963691932582316,0.964067860565472,0.964799893568048,0.965171548720121,0.965392489011704,0.966360691975609,0.967101148061927,0.967468811218433,0.967717051447847,0.968220003278442,0.96842411629259,0.968652600241636,0.968786385167578,0.969275253615066,0.969772250379404,0.970003679341978,0.970189972725786,0.97053757178065,0.972475829808229,0.972765817480204,0.973097780230524,0.973190865702766,0.973299252401479,0.973559352593294,0.973636409660703,0.973792604114523,0.974171970101373,0.974209750808328,0.974368633494659,0.974652832091287,0.974895990107945,0.975252681429357,0.975864876098912,0.975899422776899,0.975969112656629,0.976093241587689,0.976196467618626,0.976284685027918,0.976354816348094,0.976413321107556,0.976516972764588,0.97657417519107,0.976830528603056,0.976927369880717,0.977752529349768,0.978156908230542,0.978317786059786,0.978417943660745,0.978477332753147,0.978592705888825,0.978630789957212,0.978766616328479,0.978786616012902,0.978817892048508,0.978898942186114,0.979196463396367,0.979228427075616,0.979274881204414,0.979331512804025,0.979372755151299,0.979431555453248,0.979495387627487,0.979545102927079,0.979871879075045,0.979898146766602,0.979946946907417,0.97999098792078,0.980169276197025,0.980226928289783,0.980260194610259,0.980290191096993,0.980313925644813,0.980425204623591,0.980478603230124,0.980515313251174,0.980573924526409,0.980664841088972,0.981006413361474,0.981034252388811,0.981319344364124,0.981356383793636,0.981458484941819,0.981491459246217,0.98155023659353,0.981577933325648,0.981706435482194,0.981721026165183,0.981874968096997,0.981925199328262,0.981937654635999,0.982002074267095,0.982311229960126,0.982373314925534,0.982398809338398,0.982457019190437,0.982489454899132,0.982503263486929,0.982519123238941,0.982535587093024,0.98254041420552,0.98260860310572,0.982705260118867,0.982768322056655,0.982789708877516,0.982808721824702,0.982818524547692,0.982848056538382,0.982870129952632,0.982889452040168,0.982899773139386,0.982917569764823,0.982957719949963,0.982962094222748,0.982982735852683,0.982997172940544,0.983012586533396,0.9830200812714,0.983032469007412,0.983047199696563,0.983054186252155,0.983063194204287,0.983088817736024,0.983135767309877,0.983145067436566,0.98315085852827,0.983160431444546,0.983200226531796,0.983212518869845,0.983220122152831,0.983228105543364,0.983234072718913,0.983242235248845,0.983254872364164,0.983263278788003,0.983273544114134,0.983285125405492,0.983315525691027,0.983336595882283,0.983350942088369,0.983377897839206,0.983398176148679,0.983407987941955,0.983420512822058,0.983425198365603,0.983432311855722,0.98344387638684,0.983457177311005,0.983463552030744,0.98347492387347,0.983508832489614,0.983517432037791,0.983540701638534,0.983559448311099,0.983571895129133,0.983582744765862,0.983588878883243,0.983606166064332,0.983618495568942,0.983636680472622,0.98365160604927,0.983660772106538,0.983670664961207,0.983686476011962,0.983700425148741,0.983714353318327,0.983726158363644,0.983733672661074,0.983744810116471,0.983750667294499,0.983772268826785,0.983779643880343,0.983790333739073,0.983803619294351,0.98381834757869,0.983825569782626,0.983827781008892,0.983836826350628,0.983879454027189,0.983889177593093,0.983921573787424,0.983932062222378,0.983938797183842,0.983945346147279,0.983953085280117,0.983956047806022,0.983967469225295,0.983972101934647,0.983978155248024,0.983988452671481,0.98399613561489,0.984002059680646,0.984005259615302,0.984016882554315,0.984020709446623,0.984026002599701,0.984032149259556,0.984038248030824,0.984044566527843,0.984047364618203,0.98405573539228,0.984063829848541,0.984068458340491,0.984072194654629,0.984076286412654,0.984083417646834,0.984086802138459,0.984097217561051,0.984100787931873,0.984103374173718,0.984107151536291,0.984117032073305,0.984137580475624,0.984151259832528,0.984154764257358,0.984156776732938,0.984160767797901,0.984164662843586,0.984166166159193,0.984187497348976,0.984193718941389,0.984203890981207,0.984207203579615,0.984211640301171,0.984214865096209,0.984228116829013,0.984235415937617,0.984239939237675,0.984248293781556,0.984257592246352,0.98425896968641,0.984277890018652,0.984286833721695,0.984295490790547,0.98431231708144,0.984325220062039,0.984333793019009,0.984336637360417,0.984355206891035,0.984361465472607,0.98436352650463,0.984371104286343,0.984374639964955,0.984377694744479,0.984384774759394,0.984389785327171,0.984393120729183,0.98439767023353,0.984399451171944,0.984402598471032,0.984408741931491,0.984412266859569,0.984415793716996,0.984417369072762,0.984419664710554,0.984423760227063,0.98443096966306,0.984443097139984,0.984449734087203,0.984452848338963,0.984455602327218,0.984459203051228,0.984461182086988,0.984464823074353,0.984466729105979,0.984594008663749,0.984595801188474,0.984608090437737,0.984610133668016,0.984621984363765,0.984626313360051,0.984630696992876,0.984632708431731,0.984638309159558,0.984645937194942,0.984652298350906,0.984658545952338,0.984664452287513,0.984665374955074,0.984670479225319,0.984672931447372,0.984675099594583,0.984682074247916,0.984685075951074,0.98468847723978,0.984690149968976,0.984695706271298,0.9846992820548,0.984702508421806,0.984704345537853,0.984711740573088,0.984717341247833,0.984720177846209,0.984727201937049,0.984729067128939,0.984736210198056,0.984739300376476,0.984746802128326,0.984749391505513,0.984752710672442,0.984755156767507,0.98476055913415,0.984767391331514,0.98477057626042,0.984772301086983,0.984778661328643,0.98478175490688,0.984787454930253,0.984788998669532,0.984796205589959,0.984802718231111,0.98480849142303,0.984816269417209,0.984822591874912,0.984826503857477,0.984833600550993,0.984838753620609,0.984842688481277,0.984843072334469,0.984843971638915,0.984845213591475,0.984849676038759,0.984849964115466,0.984856459005248,0.98486039241929,0.984866007203073,0.984868882363999,0.984873360849884,0.984880116933125,0.984882510018415,0.98488580092391,0.984887833277797,0.984892892341141,0.984894971786076,0.984898122528314,0.984906331592637,0.984907196974962,0.984916135425969,0.984923267004233,0.984925392511064,0.984929814534243,0.984931151482744,0.984933428947345,0.984940015331093,0.984941077061842,0.984941808104333,0.98494323850928,0.984944962084864,0.984947407887071,0.984949089550722,0.98495320948431,0.984955493492968,0.984958236180737,0.984962278945347,0.984962996816672,0.98496612185668,0.984968941935813,0.984975160997596,0.984975905832654,0.984976343943034,0.98498062883316,0.984985707988076,0.984987582471957,0.984990380599817,0.984993749667549,0.984995782989613,0.984998878916877,0.984999922718309,0.985010535454115,0.985010735202766,0.985050612990131,0.985052726790041,0.985053376226871,0.985053970102928,0.985079766983073,0.985081015969351,0.985084805559145,0.985091694305414,0.985093142840728,0.985095014000339,0.985101007702668,0.985107636352501,0.985110880729461,0.985111452202594,0.9851142737718,0.985116469881788,0.985118665515251,0.985122904984985,0.98512510282873,0.985128979928441,0.98512937339956,0.985131131993435,0.985132303997216,0.985137602092425,0.985142700845093,0.985147756664982,0.985148118673858,0.985148424421351,0.985149135965419,0.985152039147958,0.985152778283858,0.985155084308193,0.985157490818939,0.985161268397166,0.985162888416444,0.985164879799044,0.985168113732822,0.985170529054902,0.98517425150649,0.985175464951303,0.985176364604098,0.985177628200429,0.985178480449295,0.985178595353879,0.985182813837361,0.985184433008993,0.985187941193957,0.985188379305192,0.98519135733284,0.985193699843329,0.98519482920951,0.985199198686729,0.985199772662781,0.985201503558952,0.985202915303816,0.985205888096868,0.98520893648333,0.985210686541545,0.985211956845667,0.985212452443211,0.985212812818937,0.985214645486547,0.985215968818673,0.985216784491339,0.985220421869229,0.985224730743906,0.985227654907595,0.985228838316793,0.985230285683342,0.985231301541497,0.985232939121719,0.985233078927199,0.985234052007756,0.985236485730226,0.985237030369854,0.985239993786975,0.985242348933062,0.985246709582841,0.98524684641241,0.985249953803658
0.486906879126452,0.513014668880524,0.523414856811393,0.574155706271328,0.590816978203774,0.61260391112781,0.614615692300728,0.618046980293491,0.676446258327409,0.678438012549544,0.693098729538193,0.715097123088143,0.727918263688837,0.734379394388867,0.748224604526582,0.762451329447355,0.801435780748829,0.802770791150068,0.80490587857715,0.827358967162102,0.852241492969379,0.856963223987471,0.864537429161624,0.866870189610214,0.872784718989519,0.875414602028271,0.878285739190337,0.889761623242254,0.891670073130262,0.893453947614257,0.895110430120199,0.897339084495241,0.899759387721884,0.90075087196231,0.904484875634419,0.905601283671196,0.906128212185482,0.908455060211231,0.910699399841992,0.912004826199802,0.912757827331134,0.913807573406787,0.914524774139264,0.917363042206882,0.923675905720831,0.925006122133273,0.925520613148057,0.927620878867231,0.928068873890413,0.928824642401814,0.929515813152403,0.930317912755804,0.931070931768039,0.931325160329228,0.931663325409827,0.932263879704906,0.93349517402574,0.933712349476114,0.934355217668173,0.934967686583339,0.935400078201288,0.935831962335719,0.936275831971388,0.936481709371955,0.937004607822303,0.937251031539284,0.937430938043473,0.937769790914886,0.937927057713368,0.93801201211337,0.93818687538869,0.938593174497809,0.938983188682808,0.939143741084012,0.939332797569205,0.939598045330733,0.939874407142375,0.940198588891855,0.940469553817174,0.940580710010343,0.940752061350911,0.940964111873241,0.941043446897423,0.941214133851899,0.941542025019003,0.941714637172504,0.941863790779593,0.942239403325666,0.94235341967272,0.942513835700973,0.942565243618372,0.942867723544065,0.942944133798819,0.943017566579136,0.943141203049909,0.943227715718462,0.943406682830043,0.943664983244222,0.943752318288354,0.943836952789823,0.943957735648977,0.944090552090176,0.944155998578127,0.94473527046492,0.944808480578539,0.944875323287556,0.94491392795603,0.944960916061362,0.945025568152479,0.945052859347533,0.945164245007343,0.945227585403099,0.945388036901794,0.945440029826096,0.945475174196684,0.945592831918583,0.945611978147525,0.945689476974055,0.945713274088904,0.945827006727277,0.945866739299762,0.94591031431847,0.946027209860483,0.946062153007946,0.946126051875842,0.946166503005366,0.946187121974908,0.946250423500109,0.946272730576728,0.946292902272375,0.946324564733594,0.946356359328044,0.946388298680227,0.946417307890521,0.946458936221504,0.946505916196411,0.946536845883611,0.94656085506909,0.946592492671406,0.946609300888477,0.946619105614751,0.946631393707301,0.946641669052456,0.946660519000092,0.946687666621396,0.946699740164773,0.946717735109384,0.94674362433063,0.946762505630034,0.946784143039609,0.946798963520986,0.946832969200258,0.946903923043037,0.946939346746911,0.946953942052346,0.946972531067309,0.946995728849234,0.947024562955398,0.947061504392061,0.947070586989401,0.947076638478914,0.947095300684212,0.947101885918461,0.947111130696255,0.947133640937879,0.947153634562153,0.947179271150214,0.947377774173315,0.947399006913313,0.947413557327559,0.947436739495508,0.947459874607092,0.947470068305802,0.947477264684843,0.947485845794345,0.947497600824057,0.94751104384364,0.947525970097739,0.947541839042306,0.947549179364279,0.947568814063447,0.94757655258196,0.947595829637567,0.94761046295071,0.947621692269404,0.94764051153002,0.947649573100814,0.94766544022162,0.947671604493393,0.947686041243602,0.947707064556431,0.947720709742657,0.947745019753496,0.947755733666282,0.947762465790216,0.947772322468712,0.947777192779956,0.947785906461075,0.947798866457987,0.947812575638365,0.947824297527082,0.94782611036245,0.947834307290762,0.94784403267427,0.94785889498929,0.947872557216156,0.94787678731375,0.947894705059414,0.947898315063595,0.947912909870387,0.94792093175097,0.947932740310658,0.947943116001257,0.947952860498249,0.947957748162323,0.947968185218262,0.947973899754141,0.947983364452398,0.947997797129522,0.948004286003274,0.948020712299794,0.948035775384398,0.948041643535032,0.948045773364608,0.948052541184723,0.948067105092396,0.948070453999272,0.948078473558885,0.948100324322407,0.948107647479576,0.948121486438388,0.948129269144513,0.948133903339174,0.948135318416345,0.948154108660495,0.948158740102729,0.94816456482196,0.948220563123102,0.948228720959373,0.948236589490204,0.948247132612413,0.948255895279064,0.948262540344061,0.948266600997865,0.948270889774814,0.948272779501378,0.948284069100946,0.948306213218276,0.948314666216787,0.948320889559381,0.948323043572706,0.94832647974468,0.94832955174085,0.948336631975836,0.948337726143701,0.948340612752901,0.948344050493235,0.948347103292392,0.948349549652322,0.948359073538106,0.948363128000139,0.948366832514066,0.948371075765394,0.948381005964248,0.948386341254696,0.948444435346785,0.948453380416778,0.948476570494293,0.948482754714245,0.948488152759587,0.948491762525195,0.948497164460219,0.948501945203506,0.948508570756113,0.948510037581052,0.94851537247721,0.948519630010156,0.948526625075039,0.948532522751401,0.94854198344631,0.948546838637758,0.948551931956789,0.948557131774234,0.948559440953517,0.948563819638421,0.948568728535086,0.948572585684082,0.948576299307452,0.948584289665569,0.948585609963765,0.948587558661194,0.948591495326503,0.948595994121308,0.948598498823313,0.948601628016517,0.948603967560866,0.948606777802409,0.948619092899541,0.948623509656076,0.948627128963468,0.94863301250565,0.94863618425607,0.948640531240334,0.948644001413943,0.948651339669065,0.948679332046952,0.948681866952967,0.948684121673164,0.948688303929461,0.948691305570136,0.948698367862912,0.948702098998699,0.948706760610301,0.948712576521572,0.948716461952285,0.948719363448293,0.948722874181692,0.948724540511592,0.948725517113166,0.94873061706296,0.948735618981182,0.948737166222878,0.948739632879645,0.948745713710987,0.948746261530757,0.94874714077631,0.948750948019693,0.948751524431807,0.94875734097528,0.948757697959975,0.948758912991376,0.948760611101972,0.948760904765237,0.948764292515192,0.948767856170997,0.94877010232094,0.948770790101217,0.948772960556585,0.948776151237765,0.948778088849618,0.948781078818384,0.948782728426021,0.948786939958647,0.948788682252718,0.948790718346239,0.948795091321747,0.94879987809033,0.948801632742642,0.948816064044096,0.948822509192887,0.948823988218173,0.948825585464923,0.948828460599051,0.948830096485921,0.948835583656029,0.948837650166798,0.94884136045947,0.948842025728837,0.948844513827345,0.948845785324612,0.948846369614444,0.948847849742241,0.948848749196238,0.948849451554246,0.948853354077231,0.948855369441359,0.948858973300468,0.948860404544489,0.948861362391615,0.948863633214358,0.948865960332702,0.948868588985879,0.948869165613511,0.948872846643114,0.948873839957015,0.948875583341883,0.94887793636916,0.948878636023294,0.948882569378988,0.948885443517682,0.948887739633183,0.948890722604906,0.948891634347024,0.94889188951926,0.948892958132319,0.948894806106511,0.948896894634322,0.948898844102096,0.948899065811764,0.948900041121351,0.948900208142236,0.948903160874903,0.94890506780702,0.94890838175446,0.948911044226647,0.948911800202295,0.948918456875146,0.948920531582354,0.948923766936758,0.948925224931387,0.948928588091499,0.948931988021686,0.948933113564007,0.948937392094147,0.948937660527976,0.948938179717721,0.948938751954937,0.948939574083183,0.948943566339269,0.948949437064964,0.948951197252426,0.948952131799356,0.948956748697314,0.948957234300315,0.948958467591928,0.948959811334199,0.948962882930607,0.948963894114833,0.948965273263041,0.948966688321313,0.948967804342641,0.948969055130877,0.948973335395711,0.948974389782978,0.948975948094198,0.948979796806544,0.948980557240045,0.94898098012707,0.948981547092321,0.948982816441308,0.948987961844736,0.948991484704272,0.948992179082802,0.948994654772967,0.948999614363547,0.94900224722417,0.949003224609357,0.949004912233571,0.949005735223046,0.949007478431205,0.949008073219152,0.949009158544118,0.94901759299917,0.94901841120712,0.949020183820452,0.949020478403281,0.949021784972648,0.949024405015987,0.949025341138712,0.949037626817793,0.949038249115241,0.949061808380286,0.94906221887478,0.949065317928466,0.94906780912856,0.949069406754549,0.949070301827147,0.949072026349703,0.949073196543326,0.949074549926432,0.94907730408944,0.949077897358292,0.94908020983221,0.949080936512816,0.949082760782932,0.949083824535511,0.949085513415704,0.949087201823653,0.949087614419478,0.94909081908995,0.949091759105835,0.949092695324759,0.949095304508992,0.949097096406569,0.949099022512304,0.949100285839601,0.949100997013383,0.949102525634477,0.949102525634477,0.949103829686615,0.94910416302641,0.949105022555245,0.949108850471055,0.949110085388364,0.949110968395705,0.949111314952116,0.949112211045746,0.94911338607261,0.949115644067609,0.949116266479679,0.949116377767566,0.949117932283572,0.949120614240739,0.949124083393914,0.949124430796898,0.949125294974771,0.949126529924388,0.949130000676883,0.949131210880812,0.949133748436072
0.533229431014242,0.569941663929738,0.613107262481377,0.664946399758671,0.678124242298957,0.683657048111846,0.705401119851593,0.706032810781404,0.71169978427274,0.720561552912884,0.72950589678266,0.770938577438271,0.782504102510716,0.784371756901593,0.788229584130437,0.791077250903547,0.806172644270392,0.813736621791484,0.827204273699938,0.829570782401394,0.831730946382372,0.841806470501588,0.850531620328484,0.867400356109056,0.87802570962268,0.882780089034265,0.887542585479481,0.891226587747846,0.894924417775126,0.897844737020958,0.907824241537462,0.910493810114523,0.910885882534685,0.912716407627807,0.919958129365313,0.922283892359472,0.923271022609968,0.924893596210565,0.926180741020886,0.930927686356219,0.933124864501491,0.934158192030816,0.936236808013971,0.937164318384015,0.938410551057609,0.944215960625135,0.947536382191889,0.948016767187419,0.948566160096201,0.949223106345498,0.949716521683879,0.95065639826257,0.951105139930091,0.951264291667195,0.951840348578425,0.952237321152114,0.953193111209491,0.953443404743976,0.954961903597714,0.955886888159978,0.956610224812621,0.956835774812281,0.957011367118323,0.957211804854568,0.957392473933492,0.957470825720905,0.957664745280339,0.958254504951044,0.959304989290086,0.961008683256976,0.961127780387693,0.961307014340396,0.962094674759007,0.962308191945502,0.962387942112301,0.962465046678055,0.962574728259047,0.962843973683199,0.962921057666222,0.963130661770317,0.964502087309745,0.964594742745284,0.96472462379945,0.964802928200933,0.964895625747426,0.964959206096506,0.965061557433844,0.965100123445444,0.965159711277033,0.9652078954905,0.965239333098632,0.965699552228422,0.965751665599554,0.966442499705333,0.966501800140497,0.966575856067352,0.966605865462069,0.966646459437766,0.966698903375672,0.966789341138273,0.966857478860275,0.966899985659662,0.966965072612421,0.966986336165849,0.967031878483086,0.967071135565457,0.967165686208412,0.967180649910354,0.967217887136977,0.967241779212403,0.967281515613211,0.967361097136525,0.967539426156124,0.967582145986192,0.967615309922198,0.967681408134253,0.967725741274977,0.967783390942622,0.967847865530865,0.967893193456359,0.967898462836509,0.967990364822247,0.968015672161147,0.968042807555812,0.968067347647764,0.968147559666982,0.968167551235229,0.968186828632359,0.968227241061916,0.968277780361212,0.968306448940937,0.96834405355865,0.968356300932711,0.968386501810888,0.968393771879543,0.968419679781382,0.968436991545083,0.968477360605751,0.968511824790769,0.968531284375967,0.968544307229063,0.96856271661748,0.968576396437648,0.968595008868836,0.968621800049397,0.968633473155453,0.968651040865798,0.968669692396475,0.968712931351056,0.968724052365844,0.968764548806312,0.968801964641049,0.968833262570775,0.968844265094348,0.968862305276951,0.968889852504132,0.968929142361616,0.968943937042593,0.968971432885325,0.96930310313542,0.969322482912153,0.969337702172076,0.969361680822876,0.969377558302674,0.969390291914774,0.969407180891229,0.969423574889497,0.969445639022039,0.969458679785436,0.969472102021619,0.969564332477814,0.969585670056959,0.969667055353834,0.969680778055657,0.969754023217461,0.969778084327646,0.969793449481075,0.969807595689093,0.969829166639836,0.969833986333688,0.969840142157024,0.969844774429187,0.969859840932552,0.96987228767423,0.969878553003946,0.969897286848869,0.969908600037892,0.969918772717857,0.96993418036278,0.969944380921146,0.969953187595223,0.969964813460231,0.969971999686559,0.969992099594057,0.97001306645288,0.970025202780632,0.970105877027316,0.970110669746498,0.9701227706438,0.970135997793239,0.970138205195851,0.970154385317055,0.970167165612862,0.970211768230203,0.970223371957557,0.97023946853589,0.970292329569218,0.97030145153857,0.970309621457857,0.970334958522639,0.970341603447314,0.970347531238203,0.970349156149253,0.970356813485005,0.970367612473401,0.97037133696061,0.970380538502579,0.970384546270504,0.970391269880761,0.970399143297469,0.970408510778023,0.970410402827391,0.970415018961025,0.970461087244501,0.970512153099986,0.97053326196098,0.970536159084582,0.970546625241145,0.970563474234577,0.970570865136767,0.970575603085163,0.970584272991956,0.970590506903942,0.970599237651558,0.970602429744123,0.970616138259604,0.970620864237497,0.970628286723133,0.970636860831374,0.970641694387247,0.970646128907173,0.970654015187962,0.970662784354438,0.97066856211419,0.970686437338322,0.970692067675144,0.970699333578696,0.970709214926129,0.970717403136753,0.970727425592227,0.970738268184418,0.970744783114699,0.970749848861723,0.970751177651389,0.970755948222382,0.970761406003313,0.970767308228627,0.970769814302414,0.970771608895256,0.970778239731405,0.970785517073443,0.970797138635684,0.970803718164434,0.970807267800184,0.970811109491425,0.970812575116636,0.970812909555022,0.970823011469454,0.970829172214023,0.970830691440155,0.970834076839763,0.970836988997294,0.97084171848821,0.970847591611213,0.970848814543691,0.970853773501305,0.970856746374759,0.970860199333802,0.970864913235039,0.970868326985463,0.970870491857312,0.97087571198064,0.970879731882658,0.970881072666725,0.970887922800892,0.970893642454123,0.970900239478698,0.970905724184739,0.970912125679623,0.970915296204522,0.97091760648323,0.970922798504319,0.970929368465243,0.970931163933418,0.970935984204954,0.970938964467554,0.97094163919814,0.970947688100171,0.97095111931835,0.970957664357499,0.970962742007031,0.970966538727237,0.970971295685247,0.970983161828085,0.970991661646806,0.970996391618211,0.970999797333826,0.971001425610388,0.971008552304103,0.971017832576281,0.971023478423148,0.971027708929388,0.971032782735171,0.971038427942233,0.971045864561942,0.971049197562116,0.971056268608187,0.971057429828953,0.971060023598647,0.971063666474425,0.971072767795469,0.971078418737469,0.971084413408093,0.971092370769438,0.97109391197967,0.971097392312399,0.971100174355411,0.971102222524384,0.971105296023572,0.97110673436447,0.971111405197385,0.971112183952755,0.971116562180923,0.971122143310089,0.971123044443164,0.971127294654164,0.971129302998628,0.971131941179068,0.971135410298815,0.971139371769965,0.971140848779592,0.971148479075337,0.971148735952831,0.971150855198345,0.971154289441167,0.971161369578016,0.971164048592174,0.97117303769008,0.971176226249846,0.971177248232765,0.971181699781465,0.971188445371372,0.971191479565012,0.97119386338931,0.971194998706235,0.971200799825642,0.971203042389478,0.971207767474088,0.971212465935365,0.971216072314047,0.971216577415369,0.971218787480644,0.97122400658925,0.971224820849813,0.971228230015185,0.971229174257799,0.97123127389835,0.971231951459688,0.971233897408404,0.971235501746689,0.971236854189498,0.971238609696719,0.971240356615909,0.971243291998004,0.971243526501338,0.971247078125476,0.971249994934496,0.971251010095568,0.971251758815438,0.971254861902596,0.971263454770937,0.971265531468091,0.971267608438699,0.971270125678633,0.971270537901395,0.97127212680579,0.971273387009595,0.971277741872458,0.971279209095094,0.971281029222237,0.971282542904878,0.97128556530633,0.971286976604086,0.971289656179417,0.971290663510043,0.971292798901986,0.971373511111386,0.971375235979737,0.971376519887392,0.971377324953428,0.97138078524562,0.971382078976872,0.971382973766444,0.971384340549588,0.971386333800585,0.971387720897117,0.971388944693928,0.971393486577623,0.971395677712946,0.971396752664467,0.971398863363128,0.971400075016164,0.971404258440731,0.971405968565869,0.971407355300315,0.97140977500034,0.971412036143197,0.971412331124087,0.971415593804515,0.971417346696418,0.97141814524808,0.971419033377042,0.971420775418095,0.971421416554155,0.971422221036737,0.971424140994608,0.971424988341489,0.971428362030537,0.971429332739697,0.971431007799902,0.971433311890759,0.971435622354522,0.971439034869609,0.971440871884266,0.971441722116173,0.971442495301368,0.971443383746689,0.971444489523117,0.971445025862538,0.9714503161565,0.971450688343405,0.971451686684239,0.971452291108803,0.971453425571688,0.971458785901529,0.971461296962518,0.971461876337354,0.971462279452011,0.971463324051564,0.971464133431877,0.971466997294708,0.971467356919403,0.971468098699123,0.971469063832834,0.97146991614516,0.971471584021653,0.971473883629995,0.971476144117357,0.971476188990609,0.971477372012597,0.971478381303894,0.971479530050555,0.97148105126287,0.971483074916686,0.971486230026309,0.9714872098932,0.971488332537958,0.971489237974116,0.971489813829026,0.971491122086379,0.971493094099368,0.971494212965856,0.971494884013819,0.97149624003044,0.971496818031056,0.971497900933204,0.971498559200281,0.971498612107428,0.971501539513873,0.971503179605661,0.971503773599473,0.971506386262675,0.971509963643738,0.971510224469711,0.971510374547444,0.971512025550154,0.971514368854807,0.971517330044123,0.971519327598155,0.971520781657429,0.971522390976691,0.971524334122237,0.971527487243938,0.971529420414641,0.971529826568538,0.971531246569492,0.971532838454771,0.971534418834344,0.971536685121541,0.971539883486147
0.502488939799048,0.662836609590297,0.666774987762328,0.698804459629167,0.70823333604174,0.71653503976972,0.721654785251411,0.724123391558393,0.727356825489703,0.752173702785094,0.755415032630736,0.80815938565773,0.829707704814111,0.831965121845176,0.838070877035146,0.841284279501594,0.847008943693232,0.857496660280684,0.86597145703268,0.868242155855405,0.902081957969183,0.90353340089533,0.909494248593238,0.914254834348476,0.919023883557069,0.923619090847366,0.926424751774372,0.928301537409862,0.938395325408554,0.942606655773384,0.945182538275226,0.946052154392622,0.947706537388924,0.948578141287951,0.95249087189069,0.953815797535722,0.955000978581281,0.955751503338685,0.956288542033566,0.957122593416017,0.957949434176582,0.958863564985086,0.960011100552318,0.960637468561042,0.961178346024833,0.961763584180795,0.962487463898377,0.96283065394752,0.963354931060417,0.963667884274931,0.963910047610153,0.964277290495848,0.964759166957537,0.965039866971316,0.965296618527173,0.965650782378807,0.966049576222143,0.966437373118099,0.966808513573621,0.966961916135608,0.967350661569152,0.96753330738202,0.967713714298688,0.967971893529873,0.968135144643177,0.968290806321682,0.96838302969227,0.968461732236794,0.968859657598221,0.968969487479308,0.969093817292031,0.969205928532859,0.969278283070274,0.969410438197795,0.969511995737969,0.969603116961549,0.969764125586988,0.969916473573798,0.969999607257373,0.970088872652498,0.970235970937796,0.970301286612606,0.970320288918812,0.970361546443646,0.970421491077356,0.970503248136169,0.970554172044799,0.970595532008647,0.970667963013858,0.970763720755611,0.970835558739082,0.97090289998967,0.970966266012467,0.971038578193719,0.971066761938701,0.971112665234256,0.971198180899671,0.971264640626261,0.97134949423128,0.971435108793751,0.971511948552031,0.971569343984705,0.971856368801702,0.971911517795322,0.97197132964573,0.972018629382323,0.972035935415077,0.972644437389493,0.972677554928698,0.972690117561793,0.972727159002739,0.972755725019178,0.97280727662506,0.972850635427609,0.972908940724413,0.97296237512924,0.972998807849938,0.973571550854526,0.973592977945636,0.973632142694898,0.973694438188164,0.973719667261006,0.973748046999258,0.973827131388905,0.973864447500333,0.973890502836338,0.973928415663012,0.973950480255816,0.973977837594907,0.974001713709326,0.974024409070149,0.974038586319101,0.974062177651582,0.974112794957636,0.974132763264619,0.974150158631795,0.974178756449766,0.974193349197697,0.974213999648147,0.974238399996319,0.974246596191484,0.974262734173363,0.974295257478291,0.974310860521695,0.974326804409152,0.974335550554705,0.97435006484287,0.974356407426015,0.974380216747521,0.974403797286478,0.974415582734786,0.974452289765818,0.974461263798538,0.974480486151505,0.974495368768673,0.974504110302856,0.974537619309749,0.974551634648035,0.974556119994091,0.974565642793014,0.974602545900398,0.974605531347752,0.974621599602759,0.974639895890696,0.974659291347607,0.974679350467336,0.974704310546103,0.974710696208727,0.974737888191567,0.974743218644984,0.974748349152854,0.975068488577351,0.97509645252582,0.975108046537921,0.975126476601583,0.975174627724028,0.97518962918205,0.97519688978256,0.97520478733338,0.975209922763659,0.975230105831437,0.975248210369489,0.975264065987112,0.975288866930019,0.975292301801911,0.975297771991431,0.975303256140479,0.975328734447958,0.975340636678407,0.975363084607095,0.975367839522972,0.975387813625953,0.975398265073764,0.975412085871305,0.975421921733569,0.975431963340506,0.97544560662802,0.975462022824026,0.975467649666705,0.975485159832608,0.97549896669043,0.975505977858061,0.975525006949597,0.97552945733547,0.975538015114812,0.975545949732329,0.975550494744058,0.975554012496096,0.975557226578292,0.975570530101074,0.975579610367701,0.97559385792152,0.975599338098826,0.975606740564946,0.975620896555239,0.97562231927273,0.975634956863819,0.975641541398853,0.975645734793034,0.975656865622549,0.975659824723754,0.975663730324829,0.97567013549246,0.975673682873379,0.975683050385205,0.975691264152862,0.975700744328386,0.975704312251498,0.975708290556796,0.975712116227038,0.975714645306978,0.975719680616649,0.975726478718449,0.975729589748188,0.9757338833072,0.975754326622457,0.975759974957936,0.975765079209429,0.97577079009064,0.975780961592109,0.975789113794285,0.975789713847759,0.975795332984266,0.975808256733546,0.975822324299316,0.975825684048114,0.975841307603989,0.975847148703038,0.975852173087964,0.975853998225457,0.975862191705724,0.975863581458723,0.975872154774171,0.975873346250901,0.975880640746399,0.975890910857079,0.975894295762605,0.975896079901726,0.975904401169754,0.97590809965793,0.975912440452083,0.975916679214829,0.975917317448253,0.975920680646294,0.975928821710849,0.975936997977387,0.975940908425364,0.97594641680734,0.975955436603287,0.975959360222958,0.975964352504178,0.975967988735469,0.975971103822606,0.97597640308584,0.975985182369903,0.975989887776089,0.975992686628767,0.975999799879105,0.976003611810937,0.976007690761232,0.976012290770271,0.976019589077159,0.976029691127403,0.97603691383425,0.976046643825624,0.976052240653237,0.976057573266854,0.976059786678728,0.976062623788583,0.976066808122812,0.976072518455804,0.976077889103638,0.976079922749472,0.976087181625644,0.976092607222307,0.976100334354661,0.97610356770872,0.976108202310948,0.976110753711184,0.976119382370293,0.97612212544764,0.976123915597422,0.976126906683581,0.976131169200353,0.976134692338096,0.97613849590344,0.976141224409832,0.976147833440245,0.976155717456116,0.976157781239961,0.976159542948361,0.976161356204585,0.976166851190109,0.976171632780839,0.976174198311906,0.976175815079444,0.9761811094448,0.976182545139587,0.976185096443253,0.97618742742868,0.976193668048196,0.976197280829526,0.97619935703923,0.976208993877784,0.976212199923515,0.976214708075032,0.976219010649342,0.976225143352524,0.976230133345209,0.976232824917831,0.976235465839343,0.976236841525364,0.976243557927721,0.976245972535502,0.976247327354052,0.976248402780272,0.976252987924362,0.97625472224915,0.976261890750691,0.976262663701401,0.976263384340927,0.97626427673016,0.976264607912554,0.976270003139192,0.976270410601338,0.976272479007209,0.976276943086385,0.976280710897304,0.976284589616999,0.976288066337555,0.976292206887989,0.976299116281275,0.976304726653409,0.976308265292564,0.97630930290338,0.976313649597667,0.976314533459373,0.976320711677158,0.976323016037197,0.976326548080674,0.976331687292918,0.976333853502102,0.976336649357642,0.97633790638793,0.976338780658388,0.976343136218514,0.976344802949312,0.976351712822719,0.976352397393166,0.976354392067609,0.976356441953057,0.976359769836146,0.976364127549471,0.976372393889069,0.976378197956937,0.976379447625614,0.976381664020017,0.976384287102475,0.976387390208059,0.976389853019795,0.9763914432385,0.976392744022193,0.976397038535205,0.976400943139596,0.976408147274261,0.976410678801544,0.976413363538847,0.976415401525051,0.976416234657278,0.976425863011164,0.97642700403869,0.976429461744844,0.976431091397729,0.976432014026078,0.976435750178646,0.976439023448336,0.976440910904615,0.976441427578315,0.976441427587353,0.976443555159502,0.976450744320201,0.97645285239593,0.976454635398312,0.976456402491342,0.976458597719814,0.976460623702486,0.976462017924797,0.976469888734008,0.976470903571329,0.976471904675885,0.97647493823474,0.976479885624773,0.976480342841291,0.976486753110396,0.9764894458977,0.976491768257718,0.976491779855382,0.97649281712997,0.976493349187436,0.976494216814811,0.976496227289502,0.976497823093739,0.976500555733394,0.97650223858498,0.976503085760527,0.976504639018147,0.976505784163236,0.97650788051804,0.976509378988148,0.976511440703694,0.976511588308925,0.976513744076676,0.976515394050125,0.976515710256062,0.97651877372088,0.976519435033126,0.976520689950838,0.976522287364183,0.976525015661218,0.976526144527192,0.976529040682355,0.976530785095227,0.976532850536657,0.976534647812874,0.976537020632993,0.976537442814852,0.976538213534382,0.976538882862883,0.976539482346338,0.976539939177396,0.976540694325943,0.97654196943089,0.97654327770266,0.976545166998661,0.976546490283129,0.976548106953868,0.976549110150127,0.976549691966533,0.976551538535336,0.976552191146989,0.976552537586367,0.976553253573817,0.976554914281841,0.976558569337294,0.976560984420634,0.976562720416431,0.976563811238674,0.97656913375729,0.976571646729343,0.976572284376176,0.976573115761852,0.976574820673737,0.976576483127066,0.976580115427475,0.976586354304952,0.976587675785893,0.976587722855288,0.976588930416223,0.9765906081084,0.976592831294202,0.976594056997089,0.976596064270979,0.976596776716879,0.976596998397173,0.976599568055455,0.976601640930353,0.976603775694017,0.976604424833795,0.976605399694647,0.976609143263674,0.976611328309046,0.976613147527236,0.9766148483357,0.976616031258935,0.976617405038384,0.976619972970292,0.976620855085025,0.976623108431277,0.976623520315156,0.976624511051351
0.513181549857171,0.568025217069198,0.639202971634316,0.640890720298588,0.643928211013279,0.650585289719334,0.654058297980665,0.669866932313986,0.702593028806902,0.705140578977609,0.756266490680134,0.762621221902,0.765449108718235,0.771900485761067,0.796160545486304,0.80432203809727,0.819857971401184,0.826939397987287,0.83090720757192,0.836235216724428,0.839646012367626,0.857940412185609,0.859963617837319,0.863618483962475,0.866897552660031,0.867926805728199,0.870786692112657,0.871471492401971,0.873956877285598,0.875309175989222,0.876192273749981,0.883218509433361,0.885432495573196,0.888812398551438,0.89047852485973,0.894059059328159,0.894986265933228,0.899721090593048,0.901234113653515,0.902409651394833,0.90557047318035,0.907279358944272,0.908295143224718,0.909015539027588,0.91128645927289,0.912044614128176,0.912768486489485,0.913486646344574,0.915206169166345,0.917266263667156,0.917865297706586,0.918165026083845,0.918971862986764,0.919221683870736,0.920066226688941,0.923299087650636,0.92393144457675,0.924136401469812,0.924537918102743,0.925020107580804,0.925658854834797,0.926362881422461,0.926694447191837,0.926827541243852,0.927667856029547,0.92789823267836,0.928103164062918,0.928252990931859,0.928372394136855,0.928520774008332,0.928790034256699,0.928908507088838,0.929009812336239,0.929197291400877,0.930089124721234,0.930198714175939,0.930329463253287,0.930497603784578,0.930651676716344,0.930736316612242,0.930812355694017,0.930940429030337,0.931112533499593,0.931148536132827,0.9312017667476,0.931286192827553,0.931350708060757,0.931430030672725,0.931479735167846,0.931519166169301,0.931609604567589,0.931701060044054,0.931797524521929,0.931891620752173,0.931928482414039,0.931965470850008,0.932043523444024,0.932115002921209,0.932142322995461,0.932189951523882,0.932250514004121,0.932324423404018,0.932363959280771,0.932384712341917,0.932426276097564,0.932546583930174,0.932556938617948,0.932576212662903,0.932616494035673,0.932634412218857,0.932656704407787,0.932689180065737,0.932711553978364,0.932770120543465,0.932848101662581,0.932879025142419,0.932925057217755,0.932983370761725,0.933051584335065,0.933182007619694,0.933247892795123,0.933277052077712,0.933298377692137,0.933328889329478,0.933349555171342,0.933381135325204,0.933435941216282,0.933530557735909,0.933540448654529,0.933558254153842,0.933584551931602,0.933646004662217,0.933672509129894,0.933704192900242,0.933740292596413,0.933748003665637,0.933780275510232,0.93381509054778,0.933841519866388,0.933857006363646,0.933862132160782,0.933883178688508,0.933948658057522,0.933971729346251,0.933992389187766,0.93400972851917,0.934018052452495,0.93403612330401,0.934042288548418,0.934045888841984,0.934054166200555,0.934073815823208,0.934078353057742,0.93408692024818,0.934110419319329,0.934121598216674,0.934157294403482,0.934170524256976,0.934185943009224,0.934193863657634,0.934215247219311,0.934229840817728,0.934277102182251,0.934327485903852,0.934351462080145,0.934364619719283,0.934378844814659,0.934400887693688,0.934414680477748,0.93442490299741,0.93443424396806,0.934448547134267,0.934450829703784,0.934461887891704,0.934478365781295,0.934494167075921,0.934506028198176,0.934527027395326,0.934537802512373,0.934550360920323,0.934563430414255,0.934576752524913,0.934600728419815,0.93460586603154,0.934612352399025,0.934623180233539,0.934628722784298,0.934640990938288,0.934656387353043,0.93468786195678,0.93470567518359,0.934709762698626,0.934728468807173,0.934744041398463,0.934758335694534,0.934769698080843,0.934774348895948,0.934783242549456,0.934842307564558,0.934849890216893,0.934859819671606,0.934863498629739,0.934867206538676,0.934874566033017,0.934880868291757,0.934888457453684,0.934912252685661,0.934918363726577,0.934923952938971,0.934928343497723,0.934937203168308,0.934944386005935,0.934949077430952,0.934953655312213,0.934958394553578,0.934959810942624,0.934967162506969,0.934974489517379,0.934983564837566,0.934995492122093,0.935007178340877,0.935009825479845,0.935019332011391,0.935025003119515,0.935032593578118,0.935039542215659,0.935043099475048,0.935053597036571,0.935059667686259,0.935063267717549,0.935071888277651,0.935075730078261,0.935079155391332,0.935085353682204,0.935090164951419,0.935096611389428,0.935102800018802,0.935110927646571,0.935133570548315,0.935136193459239,0.935146738262339,0.935147625333987,0.935155820753267,0.935161761320225,0.935164180074423,0.935172143166988,0.935178587186093,0.935181410802149,0.935186997588467,0.935192656267052,0.935207100233822,0.935213016888153,0.935216041706936,0.935218496854566,0.935221405795479,0.935227935480398,0.935233138396899,0.935238988706777,0.935241981486782,0.935246115413945,0.935248695332184,0.935249505164315,0.935254663119806,0.935265371699203,0.935266613324111,0.935270259167071,0.935277854769111,0.93528132474185,0.935282758172828,0.935286872190745,0.935289319627586,0.935295644919211,0.935298801748618,0.935302853332231,0.93530777927599,0.935314143075153,0.935316167529834,0.935320022700725,0.93532317843451,0.935327836702534,0.93533233936423,0.935335575659547,0.935338628060573,0.935340801187075,0.9353436348963,0.935344262615595,0.935345436406043,0.935354316945275,0.935355604186136,0.935360156726952,0.935366858091059,0.935367720323939,0.935371045832,0.93537173199174,0.935375637176897,0.935378458351488,0.93538018483545,0.935383678327394,0.935387539495297,0.935392211105208,0.935402891824518,0.93540680611304,0.935410005121905,0.935414409265943,0.935415254437377,0.935416741751163,0.935418296839172,0.935423439368552,0.935428397131257,0.935430650794937,0.935433162809636,0.935436484626314,0.935441486804959,0.935442514957881,0.93544499746153,0.935449845629171,0.935452059159267,0.935453200126025,0.935456828090678,0.935459310344206,0.935464526610733,0.935467963640535,0.935472860206888,0.935473948865323,0.935474801094096,0.935481343036637,0.935485225770483,0.935486691652516,0.93549542031534,0.935496093359749,0.935497556847826,0.935499859777168,0.935503345311006,0.935505712190259,0.935508436733557,0.935510900414596,0.93551384361128,0.935520846083621,0.935525068714525,0.935525820153089,0.935528337016898,0.935530647190338,0.935532916561141,0.935536295558901,0.935540959155555,0.935544327401684,0.935546657408871,0.935551195901128,0.935556116615452,0.935557189661448,0.935564187052647,0.935566326423302,0.935567704218931,0.935571501900824,0.935572225974686,0.935575426884221,0.935577045993544,0.935580062774822,0.93558132151606,0.935583225682267,0.935584135115725,0.9355867782964,0.935588800281496,0.935589704422134,0.935591745586498,0.935592143526829,0.935595504558639,0.935596361708874,0.935598195900826,0.935600005254717,0.935601019515263,0.935601724406114,0.935605194035365,0.935606134250693,0.935607450875672,0.93561166781367,0.935612581625365,0.935616037213913,0.935619152140984,0.935621266057006,0.935626533822608,0.93562869438905,0.93563008347724,0.93563198742087,0.935633103431331,0.935640731210379,0.935641815252721,0.93564500032422,0.93564788470792,0.935649102068793,0.935652243693159,0.935654379660684,0.935659861650543,0.93566221952316,0.93566381717808,0.935665810036487,0.935666915191203,0.935669793592587,0.935674583786079,0.935676151965672,0.935679390383771,0.935680936413795,0.935683447144312,0.935685325516326,0.935685666541967,0.935686962061603,0.935688066991412,0.935689799106489,0.935692494386221,0.935694530275897,0.935695397526165,0.935696734007496,0.935698495318477,0.93569857502722,0.935698589764957,0.93569877655145,0.93570087308721,0.93570135109577,0.935701978362019,0.935703554902785,0.935707904678971,0.935711653689028,0.93571228935614,0.935715929051897,0.935717436540394,0.935720143750907,0.935722274777226,0.935725214899549,0.935726294843282,0.935728123626251,0.93572948814147,0.935729957194492,0.935731492489969,0.935732015797171,0.935732685428933,0.935733285639591,0.935734506758936,0.935736562565354,0.935736672575298,0.935737725725995,0.935738035347566,0.935739104321489,0.935740000242164,0.935742049273351,0.935744171320913,0.935745704036535,0.935746819481205,0.93574832798371,0.93574959145204,0.935752844808834,0.935754517282039,0.935761669381336,0.935763274201541,0.93576564651407,0.935766025521023,0.935767766436858,0.935768398634358,0.93577001273904,0.935771161344775,0.935772234197013,0.935773107227047,0.935776063454551,0.935777701055403,0.935780864004423,0.935782763873647,0.935784011297699,0.935786966549405,0.935789271021327,0.935789606169067,0.935791560567298,0.935792049035772,0.93579372368179,0.935795228806639,0.93579659218652,0.93579822655567,0.935799674036046,0.935800138885932,0.935800809267143,0.935800975523153,0.935804334192129,0.935804557678516,0.935806382255107,0.935808001770812,0.935810710266849,0.935811141779346,0.935811978905279,0.935813587707273,0.935814365692643,0.935816503051114,0.935817302024863,0.935818764558816,0.935819491086098,0.935819801419382,0.935820161121612,0.935820878773737,0.935821677644727,0.935823317961222,0.935826813645669,0.935828566348328,0.935828917594375
0.491227235329408,0.592646172933297,0.643638568618201,0.646687427860517,0.675138985692502,0.68757800423897,0.702680046141492,0.767361529597286,0.785706068284067,0.809408591702371,0.821159550432875,0.830151191254779,0.834346913598176,0.841852783517941,0.845291938132244,0.851326420886426,0.86349289428906,0.877867687018778,0.889151440649579,0.891899679537453,0.899258722784397,0.905366477222137,0.912978476399271,0.917253441981473,0.923013894753215,0.927338409243438,0.931577708708436,0.934019797794583,0.93603710737231,0.938149078925885,0.941571518245693,0.943658785914368,0.945381237120414,0.947402426737248,0.950881918258514,0.952939582681037,0.955373991004443,0.957942081136265,0.95859151709121,0.95952079504943,0.959768638713896,0.961007324175557,0.961814673915442,0.962398808274231,0.962678462545561,0.963237287629999,0.964563101170731,0.965465265855631,0.96614977293539,0.966444280459252,0.966854451381887,0.967349745122,0.967528399937795,0.967915968957318,0.968473621600923,0.968625479190163,0.968854235933556,0.969103457823842,0.96984127286603,0.97020224344851,0.970461289590734,0.970544622700721,0.970784073020135,0.970964159544211,0.971130174937763,0.971271450634135,0.971352336079899,0.971451180024567,0.971579852060334,0.971771542099793,0.972879390263371,0.972941322760621,0.973136852688483,0.97325233549861,0.973363496808319,0.97343755871949,0.973565300182146,0.973640304760827,0.973714101239391,0.9737863862014,0.973854705503011,0.973992723516277,0.974085958295565,0.974180966011838,0.974235850696431,0.974291673462807,0.974382293112849,0.974453115467469,0.974557142703234,0.974633429300124,0.974979574883108,0.975052079131016,0.975084472276324,0.975182654627623,0.975235051710421,0.975453397946421,0.975481353693842,0.976158442136711,0.976255291725126,0.97627825075598,0.976312853414476,0.976408724265739,0.976431912050513,0.976487862828137,0.976556807764872,0.97659183032738,0.976602668454819,0.976633874704802,0.976682386926149,0.97673446279714,0.97676767413039,0.976833319788035,0.976971658698256,0.977012584376012,0.977043497024357,0.977055992342158,0.977121165403485,0.977169693135942,0.977246708908278,0.977268004113066,0.97730928934574,0.977361949590018,0.977419845568728,0.977432664442245,0.977470458233357,0.977555703767392,0.977595715543589,0.977632891976025,0.97767602586668,0.97769562348739,0.977719180511333,0.977741929803885,0.977777817378427,0.977815636831707,0.977840087137452,0.977870278568177,0.977903721555427,0.977925599530488,0.97795359741479,0.978005216385486,0.978023676553554,0.97803093201647,0.978045910270503,0.97805797584048,0.97809111516728,0.978120662185572,0.978140266223172,0.978155564757671,0.978166334449591,0.978194852264122,0.978199570123076,0.978216705271714,0.978250119590797,0.978271531667598,0.978296316876904,0.978318243814404,0.978357242300787,0.978374759986098,0.978382373419051,0.978391257491568,0.978562815468237,0.978580170927389,0.978597122507274,0.978608295266153,0.978617399420489,0.978625714714294,0.978655143906272,0.978665441150831,0.978673709581289,0.978680224817066,0.978693166106601,0.978708891744904,0.978718555420099,0.978729478655888,0.978737745129284,0.978750660947888,0.978775293077353,0.978787620994978,0.978803886064402,0.978822037991814,0.978830850318517,0.978854392818419,0.97887187315202,0.978883617870307,0.978892091526447,0.97889452108852,0.978907710400878,0.978925538445678,0.978933182763255,0.978939303974969,0.97894842037934,0.978957643321938,0.979001363288517,0.979018132612642,0.979022480346903,0.979034275381394,0.979045945727074,0.979054689958747,0.979059187073509,0.979072782306335,0.979078316736026,0.979083751879208,0.979089949575451,0.97909748871016,0.979109922283238,0.979119766209615,0.979134609973353,0.979137210065568,0.979145412953088,0.979147597650594,0.979154809685962,0.979163669064235,0.979177926172879,0.979180555323662,0.979190496719723,0.979193158051492,0.979205081443625,0.979215614185612,0.979218795442065,0.979223059926482,0.979224919144168,0.979232438941319,0.97924006994051,0.979242594769944,0.979263461907287,0.979265859305311,0.979267465982752,0.979272178690867,0.979281419465367,0.979284979739005,0.979288019534757,0.979293745594034,0.979300454481693,0.979307627359446,0.979312668217535,0.979314619268793,0.97932343836509,0.979330069677098,0.979332749513392,0.979334411566069,0.979337253811705,0.979338573877378,0.979339250418395,0.979343701381212,0.979346237735132,0.979351546464872,0.979357814740046,0.979359878825261,0.979366311939667,0.979369453992098,0.979373731873204,0.97937609136265,0.97937910017103,0.979382969205228,0.979390216333666,0.979399966008525,0.97940142192722,0.979402178741583,0.979405433915984,0.97940777417787,0.979409044612901,0.979412008050684,0.979415463980814,0.979422249913107,0.979424707660814,0.979429501388759,0.979438929576636,0.979445945590983,0.979451249638589,0.979452870005168,0.979459447850719,0.979460653579281,0.979464215922102,0.979471915737046,0.979477150356851,0.979479629802114,0.979481612659889,0.979486714858843,0.97949510533479,0.979502506069602,0.979512800210184,0.979516757741915,0.979518058815987,0.979522607210882,0.979524538774856,0.979529873375319,0.97953960168883,0.979545684830262,0.979554624314397,0.979557992963879,0.979560759210183,0.979564165035742,0.979566616552943,0.97957766907532,0.979588438051994,0.97959135027911,0.979597625807275,0.979599018119025,0.979602746261986,0.979607148709283,0.979610944779622,0.9796164356716,0.979618852331487,0.979621086660734,0.979625953170433,0.979629071323766,0.979635514761844,0.979637785506192,0.97963985727521,0.97964166961769,0.979647006443736,0.979652608556953,0.979654002262108,0.979655549433494,0.979656326158812,0.979659916220807,0.979663906232281,0.979668624328939,0.979672272054527,0.97967449395543,0.979675578836834,0.979680109016467,0.979683189557251,0.979685772311941,0.979687652960541,0.979693911858535,0.979697825786004,0.979701869076236,0.979704881502468,0.979707588018627,0.979708568046939,0.979714643298195,0.979718582496696,0.979721134690943,0.979723411400342,0.979725406986947,0.979728169422553,0.979733619768262,0.979735520051028,0.979738915828297,0.979739877228624,0.979747640993295,0.979750364679108,0.979752891199837,0.979756229903533,0.979758883172544,0.979762118172372,0.979764555384664,0.979770628508463,0.979773017586848,0.979773634975857,0.979776247730786,0.979777267618368,0.979782051237612,0.979783835944909,0.979785775208858,0.979791690867632,0.979797557200618,0.979804833916992,0.979808560457078,0.979813418343467,0.979817433615695,0.979823963563274,0.979826542031332,0.979827578441102,0.979827619656002,0.979835744521505,0.97983909454067,0.979842543002986,0.979848023752201,0.979853228317758,0.979857366502284,0.979859091837558,0.97985942185479,0.979861126209931,0.979864082155789,0.9798645872182,0.979868861950594,0.979871073284589,0.979876950226223,0.979877359033955,0.97987942663741,0.979889834053607,0.979896554864238,0.979909015272372,0.979911466895229,0.979915017372114,0.97992483319526,0.979926825961703,0.979929072257038,0.979937010766845,0.979937345593944,0.979941166524222,0.97994227994429,0.979944753122768,0.979949243948899,0.979951884197166,0.97995347334386,0.979954903049099,0.979960749296094,0.979966926114869,0.979977309500393,0.979979945667956,0.97998093530588,0.979986987261139,0.979988412550616,0.97999137838586,0.980003751419037,0.980005790968365,0.980006830830799,0.980008615775221,0.980008712394725,0.980010024368576,0.980012867209631,0.980013895074289,0.980016065868917,0.980018150808709,0.980019931774199,0.980025593711889,0.980029855457134,0.980039412745041,0.980039603690661,0.980043194121611,0.980048675368396,0.980050567850345,0.980051460601399,0.98005523053649,0.980056390464793,0.980059419547124,0.980065800456556,0.980069279948613,0.980076867825681,0.98007875370103,0.980080601617964,0.980083487048191,0.980086074221525,0.98008787382294,0.980092502517916,0.980093607510955,0.980098420338435,0.980099148923141,0.980102923141923,0.980105725595466,0.98011142370229,0.980114608721423,0.980117917674435,0.980122585512078,0.980123016012653,0.980125418208617,0.980127630549174,0.980128444582414,0.980132911424932,0.980135207332954,0.980139196985983,0.980145107321086,0.980151770391759,0.980155392389583,0.980157307402542,0.980158139103453,0.980159844369869,0.980163921866394,0.980168023536935,0.980170815899676,0.980174058126871,0.980175987187562,0.980178476291052,0.980179460718197,0.980180367282307,0.980180998333818,0.980183446706352,0.9801840202558,0.980186656400991,0.980188899236575,0.980192504933896,0.980194410850095,0.980194605838352,0.980197557766784,0.980199506220743,0.980201001802435,0.980201636443845,0.980203063894217,0.980203385291151,0.980205298296891,0.980207559990896,0.980209968989511,0.980210073066154,0.980211632252209,0.980212190982799,0.980214337219711,0.980216409785846,0.980217633378893,0.980218269814519,0.980219108515417,0.980220428510913,0.980221162666551,0.98022186508957,0.980222834581884,0.980223643173596,0.980224203958037,0.980225387834836
0.539041739281445,0.5402248852942,0.553747988556298,0.55606444410988,0.556231654647636,0.584919836444121,0.587661689974922,0.6258667961583,0.638581999713356,0.650368185678956,0.671385594789827,0.682232814017146,0.695455325775953,0.699112462444468,0.702745724216839,0.717747153423574,0.733515500940279,0.782364884243068,0.792820307610379,0.80485547574746,0.817513551638758,0.825832114354385,0.829881150371051,0.853576518673014,0.855107940281353,0.862786381337452,0.865892772233886,0.871508810346358,0.873397340633239,0.877351740536789,0.878660904451823,0.881932116136014,0.886805319014586,0.889985347925064,0.896341203569082,0.898199610156917,0.901388696301166,0.904033336151783,0.906918114747106,0.912365332339643,0.913439882213338,0.91386896795528,0.915136983802664,0.915902560561593,0.920028247598764,0.922820970747029,0.924196557543085,0.927778132112023,0.928684923411317,0.929842268066583,0.932383949043148,0.933187719723598,0.935206020006744,0.937301808294145,0.939772059936055,0.941596173100466,0.941935893142142,0.942378791545861,0.94343809216852,0.943776576002078,0.944664299370432,0.944978230506908,0.945565025670679,0.945796213736614,0.946103595590523,0.946397412926787,0.946583435600621,0.946708667639849,0.946868516767777,0.947280941997464,0.947647673953248,0.947733351327222,0.947987624524344,0.948056762900239,0.948156439324177,0.948236014082583,0.948844387882461,0.949115878892771,0.949212997391516,0.94943205017829,0.949671455528838,0.949739117604429,0.949820156617948,0.949891885153924,0.949945204213703,0.950087565708748,0.950180170411074,0.950319809525206,0.950543607952104,0.951729704065944,0.951770390223159,0.951822033162694,0.951981380480404,0.952215611499385,0.952364966915458,0.952413978217175,0.952552498212789,0.95262109455853,0.952850150024464,0.952909716487702,0.953022773003442,0.953134617652652,0.953189271602303,0.953218929363912,0.953302020076256,0.953383123077792,0.953459644370603,0.953513039409606,0.953563502398748,0.953624885595236,0.953715496320069,0.953785815619329,0.953869212511806,0.953898938243974,0.953947588970427,0.953987255258481,0.95406468041366,0.954084050351873,0.954115697886047,0.9541557483729,0.954750315479847,0.954794900278896,0.954849022626228,0.954879279407333,0.954899273472001,0.954940891543821,0.95498046761149,0.955025670923129,0.95507205446767,0.955237427195707,0.955301550909792,0.955331440845582,0.955345367190524,0.955399947529935,0.955468478547066,0.955480280467638,0.955500088242356,0.955553227337994,0.955590083583158,0.955604247717865,0.956054221042316,0.956082914655721,0.956094020765057,0.956111784899257,0.956140448031385,0.95617688899748,0.956220169826307,0.956234593776889,0.956250502072676,0.956333666366043,0.956374929263435,0.956398456353145,0.956427273786062,0.95645186249285,0.956472262515455,0.956503594570547,0.956519026011038,0.95655801154305,0.956584771770088,0.956594831958232,0.956611354985235,0.956623623893222,0.956650579141964,0.95666627022513,0.956691169260898,0.956715743039899,0.956734449564352,0.956738120356021,0.956755189028557,0.956778828098632,0.956802479182053,0.956816839444412,0.956844969273169,0.956855186999004,0.956870994658341,0.95687778989994,0.956895986283762,0.956906730545001,0.956915535007521,0.956925238661207,0.956937449307449,0.956950187415024,0.956963267299189,0.956979208802348,0.956988648871415,0.956998764943957,0.957006612867599,0.957010577460668,0.957024851524475,0.95704680798014,0.957055737831547,0.957072306602586,0.957081023515977,0.957085646774554,0.957090140257491,0.957102878788995,0.957109091943091,0.957118846748125,0.95712388372788,0.957131972028895,0.957140418957714,0.957153816337659,0.957163941152701,0.957168828487019,0.957182119371766,0.957191299957297,0.957625887256384,0.957641486361525,0.957643964178942,0.957651663061897,0.957666073049379,0.95767134465924,0.95769194233099,0.95770101909821,0.957707939160929,0.957711772869108,0.95771549407168,0.957730075644937,0.957732362885892,0.957738194014588,0.957764710093076,0.957771233181648,0.957784368918329,0.957788931508974,0.957794270544294,0.957814185515845,0.957840507721211,0.957847667648432,0.957854417367,0.958436841670748,0.958446195102258,0.958450303381374,0.958473307694506,0.958487580606805,0.958491353381515,0.958499106628567,0.958506581808573,0.958512105127964,0.958520587278131,0.958544316589504,0.958556378727107,0.958559358144544,0.958569662237778,0.958579596761434,0.958585842375363,0.958600852612208,0.958605053545871,0.958607617380217,0.958622411419327,0.958624617118146,0.958642108375105,0.958645258932802,0.958754223181117,0.958765656400369,0.958774895008901,0.958778101778299,0.958793034914309,0.958797149308879,0.958809228502725,0.958816255988858,0.958823925953763,0.958828083838605,0.958833156860152,0.959100726762798,0.959105687360249,0.959116696238353,0.959121305512973,0.959124466804545,0.95912935340708,0.95913113444495,0.959154053861297,0.959159972810287,0.959168885222302,0.959171524894116,0.959175232627904,0.959185274873982,0.959189210393288,0.959208798604362,0.959213898230244,0.959221565211491,0.959229681336549,0.959233298974781,0.959246926836829,0.959263364005579,0.959264719514694,0.959269293179517,0.959274436924074,0.959281990101602,0.959290083815303,0.959296214462387,0.959298360509633,0.959304014548565,0.959314170307422,0.959323212847153,0.959327204772774,0.959330380011399,0.959334579536531,0.959335423746962,0.959340624540268,0.959344024030027,0.959352996445696,0.959361668179034,0.959365067223784,0.959373592048917,0.95937774706459,0.959380462340402,0.959387383471166,0.959389944838252,0.95939097402903,0.959394093982249,0.959400693476117,0.959402156724335,0.959402442211612,0.95940957188945,0.959412672757257,0.959416307697708,0.959421732470912,0.959425292660496,0.959436075213683,0.959447360934902,0.959451556348008,0.959477352024815,0.959484942941691,0.959488947165352,0.959499376501202,0.959499972790541,0.959500902345805,0.959502330871757,0.959503054608844,0.959504669670759,0.959507889572881,0.959513857524759,0.959520062693839,0.959526356436069,0.95952882482908,0.959531236166368,0.959532972010981,0.959533108472839,0.959536578378179,0.959540420342027,0.959543850112601,0.95954985686416,0.959551921145473,0.959555735502011,0.959560343619032,0.959564786679169,0.959567411794539,0.959569581595843,0.959573433726217,0.959575200520893,0.959576871766297,0.959580128892632,0.959581129894981,0.959584189133328,0.959587013005124,0.959587968421778,0.959591629495052,0.959595291229972,0.959596800255668,0.959598920856465,0.959600067093054,0.959602769398814,0.95960630068379,0.959607524359361,0.959610203469997,0.959612032618472,0.959618261986232,0.959623776487015,0.959627403841619,0.959634304854226,0.959636206540552,0.959642049156838,0.959645417028507,0.959646844324052,0.959651366017912,0.95965230044298,0.95965738632754,0.95966031366855,0.959664114665698,0.959667994318871,0.959674700986653,0.959678874086762,0.95968496101884,0.959687831803475,0.959691923732238,0.959693406270473,0.959694445761391,0.959695180637277,0.959701411613404,0.959706425678904,0.959707952121219,0.959709280460286,0.959712189546605,0.959713553397891,0.959716665484203,0.959718717017555,0.959720294752377,0.959722452523997,0.959725520820866,0.959728731474019,0.959732212157719,0.959733674837449,0.959739039223891,0.959739905857626,0.959741862780449,0.959750025033218,0.959756283457382,0.959759389722495,0.959767342980894,0.959774937534771,0.959779197487997,0.959782300484686,0.959787036774632,0.959791033754949,0.959852159998726,0.959853253815806,0.959853845836082,0.959855350308483,0.959856271164479,0.959857112235146,0.95985813201932,0.959858683214899,0.959861711740132,0.959862040655173,0.959867871240848,0.959868357372496,0.959869907314306,0.959873454284222,0.95987972972811,0.959880069689244,0.959881889936928,0.959887614311348,0.959889922484074,0.959892479347369,0.95989400753221,0.95989657395254,0.959899943604508,0.959900536570325,0.959903465707044,0.959903481119603,0.959905245004213,0.959908234321562,0.959910624176601,0.959910868408432,0.95991403771128,0.959915433951624,0.959916587030753,0.959917989726637,0.959921348223947,0.959922143812105,0.959925567353194,0.95992796958517,0.959928999976915,0.959930193375755,0.959930507946233,0.959932189787771,0.959932641280112,0.959933575826091,0.959934261658748,0.959935866780502,0.95993712923925,0.95993781871263,0.959938793668796,0.959939238012531,0.9599393820914,0.959939387115639,0.959940655444161,0.959941271386668,0.959942405385096,0.959942720879037,0.959944384971299,0.959944487088169,0.959945453241506,0.959955044921811,0.959955702024866,0.959956923182132,0.959957038975985,0.959957159827025,0.959958148957313,0.959958686661348,0.959959539597593,0.959960477856411,0.959961398172905,0.95996345764766,0.959966425654015,0.959967453931858,0.959967576437825,0.959967914023827,0.959969261039151,0.959969992964009,0.959971305259197,0.959971421271523,0.959972897118077,0.959973703371387,0.959974715118144,0.959975708622347,0.959975841625896,0.959977131899903,0.959977435935234,0.959977700854324
0.588331613456481,0.609498802895022,0.609851785390584,0.617372817699967,0.649160262730852,0.658251708393149,0.699112626224194,0.705623409817693,0.707740748354192,0.71908117685391,0.745394470532137,0.753513072492747,0.773109328012027,0.779860398484185,0.79220807467235,0.796699129356078,0.802401813856789,0.824251671149834,0.82845112759248,0.86516227489615,0.871082360858221,0.89856391586018,0.910193047563809,0.914690133618767,0.91761845508978,0.919702587940351,0.922538314362,0.923592656981262,0.925568997905944,0.926370533935133,0.928843031629323,0.930438493886269,0.932775610112802,0.937763584836485,0.939927414102511,0.94139523067107,0.942855870662908,0.945054217856831,0.947107914074456,0.949689100758289,0.952764466078415,0.953484120588564,0.955871814779464,0.957168849181956,0.958828242133595,0.95925650097837,0.961257355581494,0.962017132236608,0.963018694169762,0.963309011878528,0.964148542902411,0.964336709660203,0.965441184426367,0.965895738957306,0.965987825928151,0.9675230645713,0.967739390662145,0.968025476736995,0.968329222214907,0.968704335783361,0.96886591332369,0.969339349421201,0.969818657838975,0.970055231889021,0.970369949119005,0.970553696164599,0.970724055914066,0.970824993394015,0.971229451136063,0.971532235657485,0.971649378252008,0.971772886476674,0.971971081533615,0.972078893912963,0.972189820937003,0.972343736145568,0.972485257935891,0.972654722072249,0.972833396200226,0.972990874955768,0.973175082464602,0.973305937660462,0.973342578171592,0.973471746634879,0.973492776715401,0.973574539355453,0.973696356512681,0.973824828715904,0.973875708110186,0.973975228257937,0.974010789519256,0.974047870313374,0.974120474839702,0.974226713951079,0.974278749374356,0.974322525447458,0.974378246218578,0.9744911282987,0.974521756115325,0.974566923426819,0.974603682813605,0.974685271481674,0.974791131343972,0.974845480901367,0.974919454170198,0.974971646335443,0.975016926464899,0.975074390570669,0.975151506129634,0.975201051466151,0.975218275468789,0.975265894764818,0.97528774160586,0.975309961678613,0.975407135802392,0.975432233512569,0.975448362411202,0.975488764569159,0.975540638342548,0.975552357272548,0.976417671170046,0.976446776382813,0.976474225658446,0.976512130366006,0.976546184222676,0.976597366493734,0.97662281731572,0.977023156740108,0.977056708688779,0.977083760305329,0.97709945743405,0.977136445676672,0.977190073367793,0.977272548842868,0.977325908992999,0.977355912019911,0.977370612340084,0.977407273563059,0.977432936253156,0.977444266182694,0.977473219932088,0.977510030685765,0.977534405907164,0.977554004265535,0.97760164250855,0.977614839385549,0.977638060075179,0.977663391515805,0.977671551367726,0.977685417432092,0.977704389258654,0.977709479143853,0.977728390053845,0.977752426536309,0.977767155600292,0.977800057350567,0.977848417408227,0.977858888297378,0.977867642490745,0.977889282987752,0.977913907595406,0.97793366392245,0.977946532143803,0.977973591535855,0.977996123889642,0.978019464095937,0.978061374688244,0.978082789766486,0.978104824297963,0.978375614812659,0.978383009762853,0.978406217535722,0.978427117090266,0.978438800457375,0.978448090319381,0.978456387080694,0.978485774378112,0.978497543705966,0.978522781474718,0.978539028952116,0.978557090820768,0.978582201473352,0.978589801002796,0.978599959049811,0.978618174575379,0.978622202436386,0.978637484834195,0.978649061407921,0.978655880314616,0.97866801439867,0.978680834870596,0.978714165482508,0.978737152893572,0.978744137105355,0.978751235000558,0.978756801458784,0.978762423303134,0.978780528822647,0.978786080148268,0.97879481880475,0.978822574498037,0.978841435190319,0.978854781472517,0.978863961913559,0.978870878325332,0.978875995786802,0.978884464480208,0.978889075410578,0.97891963406592,0.97893419983595,0.978938660581879,0.978947962294148,0.978956558013744,0.978973042959166,0.97897903064383,0.978989303534935,0.978994147507813,0.979003117741398,0.979013702604337,0.979018777254553,0.979033084542693,0.97903846740223,0.979056110656641,0.979074176747545,0.97908732334376,0.97909309616322,0.979096587781446,0.979106280762614,0.979114656086597,0.979155934877103,0.979176826782751,0.979182790992143,0.979195020342117,0.979201567910825,0.979211700150161,0.979219763444897,0.979227473709965,0.979233782085156,0.979237318186747,0.979246572709866,0.979256495563651,0.979267263694353,0.979277581551029,0.979283623037546,0.979285998054597,0.979297093628407,0.979302671912734,0.979303148967548,0.979305740186717,0.979319006076834,0.979322344146428,0.979331878567375,0.979343539675721,0.979344800759322,0.97935038760495,0.979353722000504,0.979357966571327,0.979363838816912,0.979371441749247,0.979374788803639,0.979379860960574,0.97938621715908,0.979397518542403,0.979405941083145,0.979411814566778,0.979439479966198,0.979443344012196,0.97944815095619,0.979463004466866,0.979472247189335,0.979475224571272,0.97947675142783,0.979484126714242,0.979522716640903,0.97953720264455,0.979543903797346,0.979545307858396,0.979552299007111,0.979567564582,0.979576151160315,0.979586201634827,0.97958820362544,0.979597559377591,0.979600106659825,0.97960537733992,0.979613784275123,0.979618419624301,0.979621570340024,0.979626744636829,0.979629566312743,0.979634268394802,0.979644668772986,0.979649313023393,0.979653212893461,0.979661217683966,0.979665291329891,0.979689675374577,0.979691687880365,0.979698798302143,0.979703363724159,0.979704861833105,0.979708683284325,0.979711282044001,0.979714315278555,0.979717005366846,0.979722263261166,0.979731248125074,0.979737754863983,0.97974382968481,0.979747527170408,0.979750605026491,0.979754554590895,0.979758177667228,0.979759934807581,0.979768309653726,0.97977160937399,0.979781529953936,0.979785964745215,0.979786992573298,0.979793173448274,0.979795320665155,0.979801498703789,0.979803470003193,0.979809956651291,0.979816418771492,0.979819986813711,0.979822910153964,0.979829237179762,0.979835628492243,0.979838861418027,0.979846982876528,0.979849709681236,0.979857421237099,0.979863659266774,0.979866838081827,0.979910681204568,0.979914558056286,0.979915455128701,0.979916321829314,0.979920220993756,0.97992474109606,0.979929410098675,0.979930937138836,0.979936599886455,0.979939563117123,0.979943301844234,0.97994677569294,0.979949675660041,0.979950306868029,0.979953816474496,0.979959426863867,0.979963743462115,0.979966303112082,0.979968286849109,0.979974420889989,0.97998048056159,0.979988423371554,0.97999252325332,0.979992639271754,0.97999681029305,0.980000071521582,0.980001807681923,0.980006606810674,0.980008249169189,0.980010711904816,0.980011870418034,0.980017187662552,0.980020653356944,0.980025916609486,0.980028109373022,0.980032462817771,0.98003621801785,0.980036550085433,0.980040602513523,0.980041524231304,0.980045994257869,0.980050192664586,0.980055842828513,0.980056322081033,0.980062766200186,0.980063868822017,0.980066612803122,0.980070223681754,0.98007661480791,0.980082196333847,0.980084413463853,0.980086406345463,0.980091569943143,0.980093584584687,0.980098622190296,0.980099680287378,0.980109882058554,0.980113764983844,0.980115837953318,0.980116704189157,0.980119924407185,0.980125236967578,0.980133781197308,0.980135984080609,0.980138706408705,0.980142270564493,0.980144859693925,0.980148996181553,0.980152121982721,0.980156944144479,0.980158829049196,0.980162682881556,0.980163636854777,0.980165481174472,0.980170176076021,0.980171684220938,0.980174573907528,0.980176434297556,0.980178119060219,0.980181142347556,0.980182133162247,0.980183029536771,0.980185204219289,0.980186458668904,0.980187594683644,0.98019308953867,0.980195095762239,0.980197347070193,0.980198355416893,0.980199219216037,0.980203630744312,0.980205572685954,0.980209856259923,0.980213736064727,0.980214876686913,0.98021731528153,0.980223088935901,0.980225004244511,0.980231565763472,0.980235013481554,0.980236636701683,0.980240107598394,0.980242555361111,0.980243211666861,0.980244089995693,0.980245187965145,0.980247678162199,0.980248654345497,0.980251271124426,0.980252071073631,0.980252570483191,0.980252912290133,0.980257179532024,0.980257798908077,0.980259831077771,0.980266455822194,0.980266723214527,0.98026871156776,0.980269926256928,0.980272790388892,0.980274309864541,0.980274756470145,0.980275907532144,0.980277039943421,0.980278049711311,0.980279308885123,0.980283719145971,0.980284361641991,0.980287494780116,0.980288153582459,0.980289476702436,0.980293177918208,0.980294345795944,0.980295846206523,0.980297738999113,0.980303408123288,0.980304623907715,0.980306137596341,0.980311081870479,0.980313362807328,0.980314568069973,0.980318130564008,0.980325539485791,0.980328397778115,0.980330893905501,0.980331717452674,0.980332158147027,0.980332698877984,0.980333533238055,0.980334653763005,0.980335637662907,0.980336906163144,0.980338328859884,0.980341094747929,0.980342328858258,0.980343341940379,0.980344358769064,0.980346301122007,0.980350151964619,0.980353635772644,0.980354767773526,0.980355180641161,0.980356079981579,0.980360464290769,0.980360968807957
0.46175148597982,0.598356216459408,0.608420257191194,0.630425812143495,0.649853710629615,0.67593219137596,0.686855875155563,0.722599000535601,0.742866332738291,0.790534657870057,0.801870958490486,0.804081823546508,0.808581310264883,0.821908015068331,0.841207042331729,0.843839615973232,0.853656934167041,0.858968100260564,0.889052829454305,0.891801417079925,0.894733282932915,0.89621683270894,0.898289099987282,0.912112378318532,0.918824537448107,0.926841332107227,0.929803706313256,0.932015443899588,0.934691263098533,0.937433949873018,0.941204283153138,0.942170387056699,0.944853352678381,0.947170919328064,0.948182614247941,0.949241520874111,0.950720096843574,0.95189193812396,0.952478233343219,0.953778498992004,0.954713512479093,0.954966948710483,0.955459744047585,0.955866604077858,0.956826448536937,0.958431036829804,0.959523052961568,0.961364632563777,0.962328269814694,0.962851329221224,0.964271584372601,0.965243770918212,0.965989780235465,0.966883252911432,0.967573910806589,0.967941443797175,0.968474469662648,0.968738696719081,0.969994190528328,0.970307381178139,0.9709154659586,0.971656148514072,0.972595894635213,0.973848436464865,0.974234865324257,0.974845602817877,0.975101962846937,0.975899138351326,0.976672060718117,0.97711156362986,0.977472883301813,0.977707608974491,0.977960768459852,0.978186849989378,0.978494145527101,0.978604995513833,0.978805792854886,0.979094310869086,0.979525759253222,0.979697780353332,0.979854612908926,0.980191063833632,0.980381152356877,0.980512155560316,0.980631482752835,0.980796694079827,0.980946266714055,0.981416278983311,0.981534340762518,0.982068398192498,0.982128627997691,0.982234834096191,0.982340699292875,0.982531651098326,0.982716904039539,0.982796936439385,0.982892198588415,0.983032126354102,0.983106708721062,0.983504179771198,0.983593320174258,0.983753746742692,0.98382598780644,0.983920933412651,0.983952919613896,0.984041144000514,0.984111628456086,0.984294350261957,0.984362411830142,0.984403171114149,0.984455893851038,0.984532225861648,0.984582459338718,0.98462458149379,0.984654168441699,0.984749381480342,0.984806688728614,0.984874354981206,0.984934584779717,0.985037103640294,0.985199149916447,0.985264323967015,0.985344050236845,0.985391057688056,0.985450278814616,0.985461965229635,0.985482876177337,0.985534308261694,0.985597385881218,0.985629063588301,0.985673196797942,0.985689286308115,0.985741710029518,0.985772243008238,0.985785926105245,0.985841052115364,0.985885623734153,0.985911720859861,0.985938371650408,0.985951316437071,0.985986185069139,0.986023055482608,0.986169993194056,0.98619185422072,0.986211432002119,0.986286380563006,0.986328837418501,0.986336741625599,0.986366547720471,0.986382551155104,0.986401741648667,0.986421704681063,0.986450401277173,0.98648157358061,0.986502589768532,0.986542319785028,0.986583002449061,0.986604476125296,0.986722167200267,0.98674433826071,0.98676234644611,0.986777620762718,0.986786028921913,0.986800583532301,0.986848545862079,0.986867680276065,0.986894192950176,0.986911125040575,0.986928581447111,0.986942828862593,0.986995527034262,0.987030680520414,0.987045190153004,0.98718843968393,0.987213153212955,0.987233134484178,0.987252697737924,0.987277534783941,0.987292891699445,0.987309642015861,0.987333183296272,0.987341791472457,0.987348807850324,0.987371028856865,0.987382492493923,0.987404887205234,0.987421888147843,0.987426880484118,0.987446068885094,0.987449635064758,0.987458581809843,0.987471883906069,0.987480983032427,0.987524127705769,0.987529118050229,0.987543265784856,0.987556861060999,0.987572039501389,0.987585722642005,0.987590011182758,0.987604620309943,0.987609989662328,0.98761701540667,0.987627779659484,0.987634706720659,0.987674804591614,0.987683911695608,0.987695311427918,0.987709911107653,0.987712475790923,0.987726870361689,0.987739766049321,0.98775193933663,0.987764792471011,0.987777059894463,0.987786652903849,0.987794535545966,0.987819464007377,0.987833024272563,0.987836654024852,0.987848827741064,0.987880975768885,0.987892590687693,0.987897332438841,0.987900340816637,0.987911460504869,0.987926342126368,0.987937782450316,0.987960775871963,0.987969384419325,0.987979386804776,0.987982391721264,0.987995168238597,0.987997807789236,0.988004600189767,0.988011884328694,0.988018668230601,0.988021667284422,0.988038563816247,0.988045972718873,0.988053739445539,0.988057263216293,0.988063898978161,0.988075838992241,0.988078159879111,0.988084992955495,0.988088871155406,0.988100918784173,0.988113080000998,0.988120747273916,0.98812487696782,0.988135167854308,0.988144120833114,0.988148770058502,0.988153541637208,0.988159852033803,0.988168237188961,0.988175554045783,0.98818207929966,0.988195857461235,0.988200059343584,0.988201752845565,0.988204400569873,0.988207533186278,0.988213896281427,0.988216111494968,0.98822330975927,0.988226802752374,0.988231160073617,0.988236391462765,0.98823898630212,0.988241544372114,0.988246469866523,0.988251967429958,0.988255166182877,0.988265071118015,0.988268567726043,0.98827201195415,0.988283190846192,0.988289678852992,0.988306290937464,0.988312225322602,0.988325938304325,0.988327524208107,0.988330245441153,0.988333351991202,0.988337903287132,0.988345050336956,0.988346357552906,0.988348492494559,0.988350857088594,0.988359293562952,0.988363261612981,0.988366624554023,0.988370146522358,0.988376030578059,0.988388298861254,0.988391649156559,0.988393490402203,0.988394343691295,0.98840327644051,0.988408430817088,0.988425868476996,0.988438644399447,0.988440354948185,0.988448139453684,0.988450168603891,0.988455499643456,0.98845739789908,0.988464876469925,0.988467569451989,0.988472739017669,0.988476555330223,0.988483398510669,0.988487085259014,0.988488749644405,0.98848898951165,0.988490260758951,0.988499949785235,0.988505922658999,0.988514754718523,0.988519196421306,0.988522964905512,0.98852588282625,0.988527440407468,0.988528551862685,0.988533673091205,0.988537458115422,0.988543647256141,0.988546043323239,0.988547048277459,0.988551240450718,0.988554384195266,0.988562238820665,0.988569691384897,0.988572385124267,0.988576133254523,0.988578166517181,0.988583245959553,0.988585237822739,0.988590805584948,0.988594336107017,0.98860182869763,0.988606249674471,0.988608033776052,0.988615621546038,0.988616852525966,0.988621947026803,0.988624521564033,0.988625451392365,0.988630049698895,0.988634124424211,0.988637430182064,0.988638453059284,0.98864044695767,0.988642439558439,0.988645976450594,0.988648298457555,0.988652029517309,0.988659357283744,0.988668026121403,0.988669647135219,0.988673075465034,0.988676500315173,0.988678215373082,0.988680373855616,0.988686072733806,0.988687306455535,0.988692426529179,0.988696674266221,0.988698788525622,0.988701947189388,0.988704509867396,0.988704688080445,0.988706332346972,0.988707766705111,0.988708648638177,0.988712875258086,0.988715226916336,0.988720291069171,0.988723655899821,0.988724280872172,0.988725395506525,0.98872633795795,0.988727919784761,0.988729144629009,0.988731502184345,0.988734538891843,0.988735704596868,0.988740567326061,0.98874625564712,0.988748470917234,0.988752695254333,0.988757896513537,0.988762258044181,0.988763376912925,0.988764709666969,0.988766325584018,0.988766804842786,0.988769833572596,0.988772453069807,0.988775431380004,0.988776532979677,0.988778185856423,0.988779963776327,0.988781678751325,0.988782554429921,0.988785376968013,0.988788698983099,0.988790056551981,0.988790769519673,0.988794726604007,0.988797708750595,0.988799283565222,0.988801258667797,0.988805542931101,0.988816645923254,0.988819814475673,0.988823761005367,0.988824168569753,0.988825529179119,0.988827837208558,0.988829199200403,0.988832182646512,0.98883437936637,0.988836445030459,0.988836537487186,0.988837847565115,0.988840155935046,0.988841030463195,0.988842662954291,0.988843961130711,0.988846087099872,0.988846371808779,0.988848248991198,0.988848443429072,0.988850069854206,0.988854419119191,0.988855900957084,0.988857212597743,0.988859222176781,0.988859540327849,0.988860037074274,0.988865105430825,0.988866793579499,0.98887047029558,0.988870764827912,0.988876564317493,0.988877028743671,0.988877792471059,0.988881508092971,0.988884455890042,0.988885138133056,0.988886664077122,0.98888684754467,0.988890677025885,0.98889342665931,0.988894091767781,0.988895860037806,0.988896804133088,0.988898891054448,0.98890575205768,0.988907800068768,0.988909260445024,0.988910728331359,0.988911805971691,0.988912622802879,0.988914315195854,0.988917094095566,0.988919121019104,0.988922026724665,0.988922902470714,0.988924228825511,0.9889264088922,0.988927677976908,0.988933317610076,0.988935268063238,0.988936061876922,0.988936267321843,0.988938030684308,0.988938842746956,0.988939249152712,0.988942054192301,0.98894316146833,0.988943879621721,0.988945212682627,0.988946483903556,0.988946979190594,0.988950706485049,0.988951865752069,0.988956774185771,0.988958373351509,0.988958985773739,0.988961015573512,0.988964665907898,0.988966714341398,0.988968349144878,0.988968651296554,0.988971685777755,0.988974044313176
0.540080924581851,0.560333442816205,0.570191715540888,0.573278851619056,0.625865785787882,0.642141944355123,0.682166819115005,0.684262325518124,0.719835723491608,0.721257281002399,0.788406761338313,0.792945135843457,0.81767487706519,0.82741814091459,0.831084672903145,0.839381181268224,0.852572826257483,0.859176869575613,0.869146170886924,0.873926589678109,0.878682600603755,0.884119798977113,0.891114348856251,0.895669908556185,0.898900221939795,0.900605607212871,0.902451593683901,0.905837515994113,0.908980866564807,0.909960968719428,0.912283886221576,0.913954565703358,0.919001684650095,0.919891364236347,0.921398934604695,0.923543502898312,0.924442932675096,0.925311072560431,0.926152402561484,0.927113897473376,0.927912360234828,0.928754896041619,0.930184712738562,0.930789934638935,0.931417117203808,0.931698130140717,0.932017168522598,0.932853238043933,0.93327256024936,0.933508702400501,0.933918166487601,0.934171448896644,0.934595240495533,0.934945607659014,0.935306435429644,0.935816828915279,0.938517352460851,0.938655961268861,0.939059335538552,0.939309719086276,0.939695911590597,0.939885436159684,0.940545809853606,0.940872435482629,0.941031812586771,0.941159360657897,0.941308944083174,0.941583421377805,0.941652872198854,0.941849487083788,0.942004773731652,0.942100374399693,0.942517135455908,0.942672556410493,0.942799102713766,0.942870402933179,0.942949474969496,0.943068744315919,0.943254844996412,0.943513410607965,0.94377649675973,0.944000033353404,0.944110433641822,0.944470128485863,0.945959728162052,0.946083619574412,0.946428883291058,0.94664578996084,0.946818816707569,0.947316822065711,0.947478382327888,0.947538247906494,0.947621263711841,0.947681862836111,0.947739283903683,0.947793510449241,0.947920420269108,0.948092371053144,0.948135678923503,0.948228748225918,0.948334517979518,0.948396745213617,0.948508843102114,0.948551756910399,0.948737192967208,0.948750085542999,0.948810657107879,0.948843744315899,0.948923670564915,0.9489967929064,0.949024850273548,0.949055756301355,0.949087443655445,0.949109897043279,0.949131490271134,0.94919649950073,0.94923114201877,0.949283869570027,0.949409111235981,0.949479969741046,0.949520930943157,0.949702733071895,0.949718515886653,0.949730662160195,0.949808895182401,0.949840217760586,0.949914751434217,0.949971224435312,0.950034741718305,0.950056851569059,0.950067592509081,0.950107790224098,0.950155353113019,0.950283021294499,0.950322245231534,0.950345326281655,0.950412318772383,0.950454399351315,0.950458513956178,0.950499066516963,0.950520979441207,0.950534498408975,0.950561169953971,0.950623374155966,0.950700405866617,0.950706703750235,0.950793952894757,0.950801520006308,0.950967905744239,0.950985832372398,0.951007043616512,0.951012850033722,0.951025768653127,0.951050606025125,0.951139409495494,0.951178942728866,0.95120728545884,0.951282391061197,0.951374298839823,0.951436370798607,0.951515061081825,0.951584974028452,0.951643715629534,0.951653552184324,0.951690093673944,0.951716909901988,0.951732009868169,0.951761035317043,0.951803713296141,0.951833658767013,0.951857372844509,0.951867385805514,0.951901360634217,0.951919483326631,0.951984813039321,0.952033365419205,0.952052194250305,0.952063195802329,0.952077971660292,0.952113257713799,0.952123999126263,0.952141736138121,0.952155600152726,0.952228996165286,0.952252955127379,0.952256663214714,0.952264792395211,0.952268159731059,0.952272261964845,0.952283246469705,0.95229684232974,0.952319296223374,0.952335233660002,0.952387735417335,0.952410455595245,0.952448943921893,0.952460082676981,0.952468717973924,0.952497121822277,0.952512220190113,0.952520319596112,0.952526488190697,0.952530133800349,0.952541425104947,0.952561809398749,0.952590671350544,0.95260081421914,0.95263154839614,0.95264242830584,0.952659934993799,0.952679740434529,0.95269876478613,0.952724504427352,0.952736096258636,0.952745062063529,0.952750113041244,0.952763298518529,0.952776159082266,0.952781457897257,0.952785482696472,0.952805643983755,0.952817180900021,0.952829693746406,0.952837263955229,0.952848958234504,0.952857889215813,0.952870846006069,0.952883017378011,0.952895534825089,0.952909435626605,0.952915930240383,0.952931027960661,0.952946822114758,0.952951511972197,0.952976939996339,0.95299248245908,0.953017213343617,0.953040331874597,0.953047115761089,0.953058520949215,0.953077841048542,0.953083024818574,0.953089055177174,0.953090149547839,0.953095423988431,0.953101821354453,0.953119326733394,0.953136580304014,0.953144600316203,0.953155706520491,0.95317037574943,0.95317837169227,0.953191908610787,0.953198333388351,0.953207573413377,0.953221303089002,0.953237623427368,0.953244251949771,0.953251208283351,0.9532577620732,0.953262439993437,0.95326571473011,0.953267816298753,0.953282287026605,0.953291415362573,0.95329882175348,0.953307615000481,0.953310256072912,0.953316301615163,0.953319024508082,0.953326396504048,0.953329289169145,0.95333047473306,0.953354177546514,0.95335880752644,0.953362525733759,0.953375167784962,0.953383268560446,0.953397158860433,0.953403056826858,0.953405803722717,0.953407390740763,0.953411602937477,0.953420401690663,0.953426836070621,0.953429365639656,0.953439048915453,0.953445896205425,0.95345044380963,0.953452286272482,0.953460886574128,0.953468032257831,0.953472282125224,0.953480032797711,0.953492090174783,0.953495116939508,0.953496812382851,0.953498299412375,0.953499305407798,0.953503413085823,0.953505820897931,0.953511887886234,0.953519706653112,0.953521890677954,0.953530386833043,0.953532179402477,0.953533472351018,0.953534324464183,0.953543269512685,0.953550343871931,0.953551300999582,0.953552967261483,0.953557074046506,0.953560151422842,0.953560907356564,0.953594963103877,0.953600717134837,0.953605032829963,0.953606459854264,0.953607585809025,0.953611218491938,0.953614168811156,0.95362061876477,0.953625966519019,0.953626433567715,0.95362842787295,0.953632915559682,0.953635929618595,0.953637345253177,0.953637594355313,0.953648350219284,0.953649223962789,0.953650244133003,0.953652819330326,0.953656356518991,0.953669719340358,0.953674540060884,0.953676658669516,0.953679097329022,0.953682158425389,0.953685658686222,0.953688795197299,0.953689367966034,0.953692244743965,0.953693685140032,0.953700824882413,0.953703102077271,0.953707301201962,0.953712700479865,0.953715444654388,0.953718858373164,0.95371999886564,0.953724106094878,0.953727707315214,0.953733248523761,0.953740947567248,0.953747467443997,0.953755452302346,0.953758836045497,0.953764654677759,0.953770832798282,0.953774693834693,0.953779023315012,0.953780799958858,0.953781296213194,0.953786879284905,0.953787756183402,0.953792524263242,0.953798794319838,0.953803270951106,0.953804786734567,0.953811745197387,0.95381913434198,0.953823863405202,0.95382615990028,0.953828210077232,0.953831455203233,0.953841041082718,0.953843655027825,0.953846428234618,0.953850064799652,0.953851464253654,0.953856327709829,0.953863172408653,0.953871658897781,0.95387579485217,0.953879370110979,0.953882961177246,0.953894679111743,0.953896748678205,0.953898378031763,0.95390094538788,0.953902423651128,0.953904175915742,0.953907613832946,0.953909456508963,0.953910097376773,0.953915626897026,0.953920367843432,0.953924497200604,0.953927664139391,0.953928528720368,0.953930408989051,0.953932852604823,0.953939460869843,0.953941210929734,0.953946461775265,0.953952392200144,0.953955525122255,0.953958987871488,0.953960696075032,0.953962317877407,0.953962825538435,0.953965411495376,0.953968036421083,0.953971401607128,0.953976886239428,0.953980403961445,0.953985870797953,0.953987472925519,0.953990095898668,0.953991781589541,0.953991921688685,0.95399236330004,0.953995000609634,0.953997838145543,0.954002756892143,0.95400578634844,0.954007287030325,0.954008951205867,0.954011508663442,0.954013146184626,0.954014411071494,0.954017526748793,0.954019636867063,0.954024416998007,0.95402557468913,0.954026262321648,0.954030318823517,0.954031135165571,0.954034138374181,0.954036507778933,0.954039840790284,0.954043489977907,0.954044474680442,0.954046487989504,0.954050055964976,0.954053793110567,0.954054618750267,0.954055994557583,0.954057174503652,0.954057957236262,0.954060066685291,0.954060745905023,0.954061606347956,0.95406206730922,0.954063107082362,0.954064126281024,0.954065432403595,0.954067391698438,0.954070228373009,0.95407563912045,0.954079878761578,0.954081034924236,0.954081465766616,0.954083829077047,0.954086404017318,0.954088889947068,0.954089929824989,0.954092511738044,0.95409388764807,0.954097358002596,0.954099610853465,0.954101002793166,0.954109662970586,0.954110153187025,0.95411095797139,0.954111616107182,0.954113642366416,0.954114491465908,0.954115715812939,0.954117670227774,0.954117771633905,0.954118442501398,0.954119430714387,0.954122459532717,0.954125882977033,0.954129301943829,0.954130056311778,0.954133400784769,0.954138632998277,0.954140609429404,0.954141452058091,0.954142434337165,0.954142793588621,0.954145707153467,0.95414823090137,0.954148851300605,0.954150393350931,0.954150440242205
0.512457733437822,0.528580264147682,0.616010123892816,0.641963983817533,0.667468619295585,0.670820379529517,0.700258756640286,0.702862751180717,0.741615938148621,0.748761019796317,0.752559022485675,0.788957039172235,0.80897289053247,0.814985550802313,0.837029406691845,0.852466416900549,0.862394574791085,0.863405770780776,0.873869216866237,0.877177518946232,0.879702188778301,0.88647816754767,0.898275259798814,0.904614839958774,0.907664679309675,0.910576325445337,0.912601153351622,0.915388390672979,0.916723712294298,0.918154664015439,0.919664802842492,0.920935736520444,0.923876558503107,0.92546323602176,0.926056369825653,0.92685125497877,0.927893386800226,0.928519204009018,0.929257860428431,0.930039704412416,0.930489739799355,0.931262109459367,0.932004138397714,0.93267722186036,0.933269343585791,0.934103193992579,0.934837527506105,0.935531080336704,0.936190845859594,0.93649061536699,0.936825361860706,0.937341763497465,0.937952135481124,0.938644471901846,0.939492652479348,0.939790081716048,0.940080935285533,0.940387194223962,0.940692137602632,0.940979623716458,0.941281816693813,0.941705690588293,0.941994233730354,0.942215551749385,0.942450141187581,0.94258034476717,0.943044858997278,0.943174085571046,0.943440922325553,0.943796098588337,0.94394831142526,0.944110551320263,0.944264524414092,0.944368596506081,0.944577370708457,0.944668987933065,0.944803518731695,0.944855786155569,0.944928906527731,0.944998125423321,0.945092974742204,0.945208990811073,0.945298586147058,0.945353101014779,0.945382774942566,0.945484511461312,0.945577536813887,0.945659427799976,0.945789936887062,0.945934080555793,0.946024590316992,0.946047215795789,0.946088743959528,0.946113455666891,0.946175789481503,0.946259026964913,0.946317549622857,0.946472623413947,0.946540920835587,0.94659741320522,0.946649824783698,0.946949077238767,0.946975565747944,0.947013431438674,0.947037303972284,0.947065390852502,0.947130485159795,0.947172904017811,0.947198095863715,0.947218298324449,0.947239604862467,0.947462440300797,0.947505558562768,0.947564121353926,0.947593227019779,0.947620570331004,0.947683761411458,0.947728634399928,0.94776123004133,0.947779211396812,0.947806254328892,0.947829788715492,0.947859623353644,0.947886406460236,0.947923338951691,0.947957007165725,0.947985982349152,0.948033297326478,0.948070932655481,0.948086930357836,0.948108726938496,0.948139155758813,0.948169188643841,0.948215583808197,0.948241107473626,0.948259628632831,0.948275987185105,0.948306804101638,0.94832251358546,0.948356032770906,0.948378007485537,0.948424029469703,0.948431895453661,0.948473341232772,0.948492010223743,0.948500792778059,0.948522727775555,0.948542899998226,0.948556333175674,0.948580978631569,0.948601970902451,0.948624635406793,0.94863916936181,0.948664947711065,0.948692440775365,0.948704655590175,0.948729409373659,0.948737740469645,0.94876503741425,0.948774411562713,0.948810882458226,0.94882854732121,0.948891641467151,0.948910896965312,0.94916151467663,0.949170756632289,0.949197264838545,0.949215258377062,0.949232592339465,0.949255275658923,0.949269122226881,0.949288576442178,0.949292967905486,0.949303773713137,0.949307231464738,0.949318383906529,0.949334218000767,0.949344224420902,0.94935942432908,0.949367297931496,0.949393193736633,0.949414503969644,0.949421560881787,0.949434608060079,0.949437707124121,0.949447094750979,0.949470201530023,0.949481569473441,0.949490913872428,0.94950077139555,0.949513382430418,0.949531528234744,0.949541493988204,0.94955344162,0.949558295435827,0.949570943889057,0.949583653665239,0.949591994203634,0.94960265510163,0.949613881715418,0.949628221170325,0.949714603917775,0.949726242661894,0.949734992627133,0.949754305118356,0.949772486616447,0.949777817041369,0.949787041387324,0.949803027942799,0.949813594777004,0.949821512818193,0.949832372584017,0.94984557668951,0.949857084471852,0.949862068454385,0.949872487523475,0.949878307781222,0.949887642912401,0.949907177452673,0.94991900838658,0.94992544001553,0.949935239090093,0.949946631081716,0.949964044879795,0.949973506980672,0.949976703155554,0.949982667397458,0.949986607703651,0.949991499528454,0.949995570398313,0.950000650716568,0.950019015688187,0.950022816305721,0.950030012872673,0.95004295400573,0.950050188254477,0.950061104781723,0.950069831566518,0.950080134250557,0.950083765786462,0.9500877092007,0.950098847834581,0.950104350509328,0.950105010219978,0.95010917755929,0.950116879789057,0.950119753735113,0.950125510390303,0.950130890386332,0.9501369795885,0.950145669912295,0.950153635150686,0.95016301679823,0.950169028961209,0.950174027646069,0.950187370351103,0.950195764052435,0.9501973381917,0.950201953395528,0.950207761297287,0.950212857816974,0.950232156722225,0.950236003997985,0.950241893419691,0.950254513568076,0.950258855027331,0.950263476139788,0.950270446009233,0.950276176724101,0.950278218069513,0.950281896943252,0.950286088173094,0.950294404466758,0.950297843303873,0.950309412764413,0.950311515428427,0.950312335138739,0.950313632428867,0.950319002670438,0.950328348902183,0.950330715539713,0.950335005160388,0.950337538000776,0.950339615872203,0.950344922014499,0.95034935050003,0.950353420038143,0.950355113995337,0.950358198778416,0.95036447476223,0.950368643564577,0.950370123324876,0.950375992061138,0.950379198780162,0.950383950251585,0.950387334833102,0.950389512836404,0.950394795083161,0.950397456958183,0.950402113359735,0.950407923201148,0.950415436518732,0.950418182392426,0.950420964388576,0.950421776805026,0.950426652639177,0.950432678832866,0.950436299116012,0.950440506888689,0.950446626543596,0.950455462198523,0.950459368331466,0.950462425072968,0.950466341329687,0.950470417179913,0.95047173908033,0.950476272542065,0.950480708762168,0.950482684234796,0.950486782954968,0.950488955780719,0.950492112199653,0.950496635613941,0.950497460650392,0.950499850834931,0.950503737866518,0.950505044750442,0.950508196285046,0.950513524144781,0.95051460784698,0.950517265220948,0.950518114645793,0.950520717441783,0.950522198893853,0.950527122378455,0.950528428721502,0.950530109116249,0.950531592061343,0.95053275827964,0.950534498253024,0.950537431864155,0.950541007780268,0.950541804985275,0.950543839558087,0.950547317757588,0.950549875866619,0.950551284430029,0.950554520410499,0.950566241336637,0.95057186939857,0.950578892413247,0.950579697439997,0.950589475916975,0.950594168212475,0.950595183682458,0.950597063003218,0.950600759492723,0.950603873029075,0.950607476730238,0.950615583635606,0.950618021953419,0.950620505042972,0.950627652606872,0.950631531226746,0.950632422606167,0.950637619029165,0.950643074020236,0.950643969974528,0.950645696415871,0.950647068026542,0.950649035344261,0.950651340859482,0.950654239950783,0.95065850311437,0.950660242655977,0.950661250626098,0.950663127942386,0.950663451951278,0.950664669987741,0.950665397821952,0.950668102658036,0.950669518187234,0.950676131840029,0.950676229844391,0.950677546442666,0.95067879065361,0.950682915037547,0.950684258001422,0.950687587237415,0.950687970434286,0.950689125920339,0.95069063839778,0.950694772306028,0.950696468877463,0.950698197164567,0.950700062229498,0.950700800489617,0.950703307912846,0.95070493973704,0.95070830328124,0.950708954773099,0.950711625808875,0.95071380318557,0.950717461666696,0.95071952846783,0.950721780500091,0.950724562747185,0.950729483158784,0.950730706638677,0.950731179367603,0.950732162778201,0.950732741480356,0.95073528773081,0.950736419450865,0.950739557865722,0.950740298752506,0.95074071578391,0.950741439329264,0.95074303893088,0.950745207836838,0.950747070997196,0.950747376216516,0.950749089672019,0.950750587235196,0.950750893422443,0.950755226494405,0.95075989998275,0.950762120208571,0.950762492570625,0.95076361365242,0.950766761931711,0.950767718699736,0.950768114464203,0.950769275780791,0.95076953775923,0.95077136196708,0.950772756171607,0.950773971946234,0.950776265435573,0.950777946953696,0.950778917020094,0.950780313929744,0.950781904399451,0.950782767737312,0.950783981542981,0.950786270017694,0.950788169730714,0.950788318151595,0.950788725982272,0.950790554591908,0.950791777583707,0.950792996182628,0.950793515372623,0.950794875562578,0.950796666072814,0.950798959738018,0.950799694635639,0.950800927402864,0.95080281670511,0.950804776455717,0.950805015518678,0.950806339767629,0.950807720670817,0.950807943749708,0.950810596651723,0.950815088798637,0.950817808448466,0.950818696131539,0.950820960207814,0.950822790848295,0.950823508616438,0.950825648970451,0.950826751941484,0.950827654086195,0.950827929246332,0.950829332054369,0.950830493269981,0.950833540927157,0.95083448355915,0.950836042391455,0.950839271939612,0.950840899020494,0.950843137909564,0.950845000953705,0.950846613897643,0.950850923378325,0.950853311426484,0.950854371065909,0.95085467348911,0.950855088538323,0.950856001007512,0.950858365572714,0.95086078984821,0.950862333865809,0.950864206480362,0.950865030926838,0.950865271289447,0.950866071726628,0.950866846492444,0.950868018897432
0.539432597694392,0.610735991262976,0.63427527382443,0.668243661578735,0.671694732869529,0.713980208307403,0.72931278893184,0.757748959261848,0.805629153543014,0.814499991109559,0.845443423672883,0.848747253988629,0.857098493885393,0.861675001553447,0.86866724812408,0.871774864171009,0.88099248256071,0.882557269896183,0.887388060513578,0.890516751928512,0.894050747550116,0.896245114630308,0.899213466942854,0.901629298146954,0.908987372308559,0.910523433893756,0.912484572194439,0.917658406781703,0.920128032336634,0.92144876319228,0.922649534235997,0.926137442810426,0.927962228298109,0.929649875128152,0.930733234591167,0.931737329369223,0.93616768434395,0.938546215233524,0.938897762251503,0.939542187198843,0.94017602312372,0.940963540934,0.942141215636246,0.942743262165362,0.943688096350901,0.944160577933803,0.944620184571733,0.945402582683067,0.947007529981952,0.947234454020638,0.947876545940044,0.948500954713477,0.949107265864801,0.94961916914034,0.949987181570544,0.950127336465012,0.950526894935216,0.952090544157218,0.952530784600549,0.953662362659294,0.953865338521431,0.955078699457306,0.956070930135449,0.956458680111505,0.957673126679846,0.957826542048919,0.959769724449143,0.961452269189198,0.962300479595086,0.96317869010566,0.963395860496302,0.96405634571441,0.966177438349083,0.967171772069526,0.967817403584728,0.968201239281639,0.968768033176591,0.969507420695517,0.971053717217839,0.971295272883974,0.972079412788327,0.972365906628845,0.973069051411384,0.973761892869401,0.974478426819904,0.975434575884515,0.975680224265862,0.97602185761046,0.97642354032828,0.976839402354272,0.977126258811817,0.977196258848324,0.977322332987993,0.977450732853614,0.977737051964953,0.977949135475568,0.978135098417049,0.978297813289751,0.978510703834276,0.978757659939995,0.978864523124895,0.978993153551516,0.980190441803513,0.980327295810391,0.980929070302112,0.981091872706879,0.981152338713103,0.981241488122566,0.98149037693372,0.981625282733806,0.98188594785953,0.982098726499574,0.982167395673147,0.982546300457785,0.982668966693285,0.982896845154116,0.983345608193444,0.983413951157942,0.983501966663642,0.983576436690136,0.983609798266587,0.98365228139984,0.983692055702112,0.983749647492033,0.983799564598461,0.983850816686486,0.983963739407759,0.984025034123254,0.984113043457356,0.984140577371445,0.984188274234559,0.984247000674628,0.98432222291104,0.984826912217985,0.984871113502507,0.984930801610168,0.984993041594529,0.985021388516159,0.985038581781811,0.985052225710131,0.985093510330195,0.985143516328586,0.98527719968036,0.985352560399311,0.985391568974078,0.985544358699163,0.985568402929893,0.985621769276419,0.985829368023519,0.9858415063791,0.985862514629059,0.985906575297175,0.985932472485554,0.985997643696481,0.986028558196572,0.986062449277107,0.98628951534395,0.986341652608769,0.986371024849592,0.986607077795169,0.986623336351155,0.986647537958705,0.986778307843738,0.986788805973729,0.98680134634739,0.986828428445736,0.9868391140765,0.986875357645481,0.986909467382786,0.986928842252127,0.986943539429412,0.986981054900877,0.987000116580422,0.987019882373003,0.987040484163517,0.987056796720634,0.987064206159637,0.987077070205667,0.987100146044601,0.987114865059856,0.987197607548687,0.987209644340258,0.987226010383797,0.987260303896767,0.987267383633457,0.987274561203353,0.987285430296159,0.98732324272598,0.987333520605498,0.987353576985479,0.987373574976425,0.987386245166528,0.987413313560976,0.987433783846101,0.987442401503663,0.987452583852723,0.987471949378567,0.987486912695209,0.987497934552202,0.987519983815158,0.987541123836595,0.987560906901553,0.98757811506516,0.987588199972087,0.987599818099418,0.987614868288065,0.987624900182259,0.987635476516037,0.987648739923587,0.987660752680315,0.987676650150467,0.98768034788208,0.987686928737816,0.987703752485847,0.987717571418444,0.987747328883583,0.987760710956922,0.987765586104301,0.9877698373173,0.987786966307971,0.987788147125064,0.987799423917997,0.987807227479358,0.987810970861406,0.987838095831728,0.987854235910164,0.987868253125616,0.987876209035084,0.987887937691757,0.987904128485853,0.987909395077464,0.98792527750245,0.987947511197648,0.98795799427467,0.987964622509795,0.987977668347399,0.987995371214576,0.988007043202672,0.988015771855606,0.988018075879432,0.988027290794667,0.988030309810472,0.988042153901342,0.988050315812475,0.98805382333744,0.988075254138508,0.988088847243281,0.988104082196865,0.988111126991801,0.988137796330882,0.988148843497059,0.988157039373101,0.988160641859226,0.988175168062433,0.9881782986422,0.98818827973244,0.988190958636161,0.988195309015424,0.988198867746997,0.988208318569281,0.988220125758176,0.988235966386976,0.988244199167478,0.988250768131804,0.988265684079877,0.988280994106618,0.988285184079353,0.988289119739617,0.988298076857428,0.98831286068262,0.988320758294697,0.988326608109965,0.98833769058659,0.988345883531419,0.988360162282781,0.988368501638514,0.988373628511506,0.98838587264918,0.988396625640138,0.988402420318386,0.988412874092247,0.988423997100102,0.988428428043054,0.988432156689432,0.988440565536089,0.988451002520429,0.988459981813457,0.988463149007112,0.988470414288998,0.988477700547212,0.988484221648388,0.988492891493872,0.988506731609759,0.98850761080919,0.98852060937946,0.988524019448158,0.988524883370262,0.988528597805561,0.988532099152266,0.988542895590241,0.988547438686501,0.988549291477897,0.988557087851502,0.988567472347404,0.98860442180428,0.988609815182184,0.9886122966355,0.988615220014722,0.988627006951522,0.988632126160785,0.988634442812644,0.988642626392116,0.988651545869517,0.988656282841473,0.988661801064243,0.988668671894741,0.988675612493574,0.988680197807652,0.988687728545281,0.988705920488046,0.988711942339955,0.988715927823338,0.988718594537226,0.988721354398981,0.988780558056212,0.988788670318142,0.988791147748739,0.988795890065164,0.988799081498806,0.988806052102812,0.988806624301792,0.988810449128278,0.988815054289296,0.988825638155888,0.988831565555494,0.988839523879842,0.988845371968447,0.988849615966369,0.988853652240133,0.988855831865834,0.988859667156928,0.988860784824918,0.988873848188499,0.988877220739937,0.988890159923593,0.988892595242428,0.988900953038641,0.988910191301024,0.988910943040585,0.988915039991238,0.988918809514444,0.988921398137516,0.988926706534965,0.988928154123416,0.988931700747448,0.988935846488293,0.988941568199169,0.988945615491021,0.988949165690414,0.988950643241789,0.988951682670099,0.988955277291915,0.988959209639254,0.988961214077627,0.988962687507815,0.988966245483662,0.988967921368268,0.988970190049965,0.988973029474738,0.988976721823182,0.988982059258737,0.988988857286081,0.988992494386807,0.988998475964973,0.989001705231168,0.989008192543001,0.98901178435957,0.989017063653753,0.989020503939335,0.989026607353193,0.989027664008578,0.989031662508922,0.989035202851468,0.989037331503092,0.989040457085618,0.989045548844509,0.989052250200827,0.989056418502113,0.98906440578352,0.989070425556099,0.98907383698924,0.989078527324308,0.989088258711251,0.989088570556519,0.989095625147535,0.989098048097311,0.989098845958808,0.989100115858694,0.989100887626814,0.989103029775568,0.98910573589131,0.989109412502914,0.989113980123448,0.989114710436884,0.989127653341973,0.989131250387243,0.989135881287096,0.98913989721622,0.98914741251962,0.989149585600127,0.989151267882573,0.989154170830158,0.989158220740937,0.98916104118704,0.989165155611444,0.989165697745915,0.989169114059803,0.989177620132048,0.989180206303151,0.989181127102024,0.989183051550843,0.989187484764287,0.989189314840714,0.989192540465873,0.989195169003061,0.989195831176936,0.989199685960383,0.989203683555384,0.98920400821297,0.989207021064288,0.989216278265804,0.989218910257,0.989224281508239,0.989224978458149,0.989229448786558,0.989232611074989,0.989236633040234,0.989237129834859,0.989240512119975,0.989242767876455,0.989244772984852,0.989251236858727,0.989252405692571,0.98925562880037,0.989257473711653,0.989258534259439,0.989260136926606,0.989261413797925,0.989264743242877,0.989268880054352,0.9892711594488,0.989273128897748,0.989275202194439,0.989279080326132,0.989280407168199,0.98928086760187,0.989283022473813,0.989286631673622,0.989286951201467,0.989287569481805,0.989289347908801,0.989291202610212,0.989295337296861,0.989297084998771,0.989297703536493,0.989297726445573,0.989298567622517,0.989299811269576,0.989302571669158,0.989303523568645,0.98930512090008,0.989307310377516,0.989308662623534,0.989316597718694,0.989318615675862,0.989322295470429,0.989322961086933,0.989323290968545,0.989324267896952,0.989328540994738,0.989329533992217,0.989333779229685,0.989334358819992,0.989337206781887,0.989339352441269,0.989340669368942,0.989343233490336,0.98934735522824,0.989348018777286,0.989353147777191,0.989356361942846,0.989360199277628,0.989361536342101,0.989363114005469,0.989364457003838,0.989365711814919,0.989371421771345,0.989371945590284,0.989375935891522,0.989378299553738
0.514540806653006,0.529629568548559,0.547684024714515,0.632049672909615,0.642478652388191,0.650954514184726,0.680113005051623,0.697595746710286,0.715287044055577,0.721163066727024,0.735602992822194,0.742195711962014,0.752159497045877,0.754373374592972,0.761723554426394,0.766922300286915,0.769325588083792,0.779416634115226,0.783083209283917,0.787969772419233,0.834997249431657,0.839921797102779,0.843017154005796,0.850139863635195,0.870719861593119,0.873191273067032,0.885493630996346,0.889578214824453,0.899318515855856,0.900196606734502,0.902908923276577,0.909344979767069,0.912475516386568,0.914119469255808,0.915175685943562,0.916658327888689,0.917287908188684,0.917836563788519,0.918575788442807,0.921499602146098,0.922328330137602,0.922967803443885,0.923509191715159,0.923925696616,0.92438961654454,0.925053006661051,0.925580043511355,0.930039336358374,0.930398359169452,0.935603725494167,0.938126616454159,0.938274355444194,0.938599323010145,0.940190690711828,0.94080143293689,0.942022849258311,0.943908475684244,0.944333700081423,0.946848765500222,0.947054879023737,0.948670583626335,0.949476550051818,0.950685033474319,0.951363173420448,0.95388048633888,0.954600225839602,0.955722088717036,0.955963158640486,0.957712011376421,0.958435399429688,0.959484813015908,0.960008128793635,0.961518541188229,0.96229999862748,0.963881100715728,0.96472510662604,0.965983489537853,0.967091189021719,0.967364840342396,0.967768107867273,0.96836234635167,0.969169718282193,0.969950696141477,0.970174689820445,0.970539039083757,0.970741851407316,0.971074997709827,0.971789801919572,0.972156310902815,0.97233777391419,0.972611204638152,0.972883507113282,0.973249608029395,0.973491980348608,0.973875490304687,0.974228960944565,0.974299436225925,0.974400458539825,0.974594106799298,0.974932768437473,0.975200208813736,0.975520148822917,0.975652456005969,0.975923804284662,0.976125680272607,0.976605445716243,0.976716323915374,0.976833878324381,0.97687023349056,0.976974768341642,0.977043068824662,0.977064030714107,0.977166005513353,0.977309968592131,0.977448279000183,0.977476163667872,0.977581516107263,0.977707777929703,0.977744029976783,0.977780861480298,0.977868515944337,0.978001933028816,0.978116074771132,0.978255520290614,0.978340266916172,0.978441881888168,0.978579140979735,0.978639704942558,0.978744465159334,0.978764115554384,0.978833099751476,0.97892223877371,0.978952466815431,0.979034481411276,0.979077357582934,0.979221982955338,0.979280808487989,0.979384605945019,0.979501633701474,0.979654725374592,0.97971823853352,0.979796318080659,0.979834180828059,0.979890769370525,0.979961096337564,0.980046594521046,0.980089620427202,0.980123503598624,0.980179151746018,0.980266485346127,0.980342104657325,0.980368495287796,0.980416883421723,0.980492332999173,0.980588900126084,0.980617839221852,0.980669545646324,0.980712130508245,0.980731770092116,0.980780505811007,0.980824259372863,0.980914550517415,0.981017511453458,0.981046294552068,0.981101487771708,0.981139632886909,0.981171913511481,0.981189387964794,0.981231389303447,0.981261051350938,0.981291512495581,0.981370072932774,0.981402023045051,0.981440373799247,0.981448570055189,0.98146866369607,0.981511751103812,0.981525203502916,0.981553264425966,0.981584137396207,0.981614132698629,0.981643621818122,0.981654849090691,0.981688987101819,0.981723048019805,0.981744312122235,0.98179817254951,0.981799860159788,0.981826120120446,0.9818443526525,0.981864857612314,0.981912571359864,0.9819225103424,0.981931494226918,0.981947930282547,0.981983851955171,0.981990885095228,0.982015885288386,0.982039303627387,0.982058060532203,0.982076932445721,0.982114824565721,0.982143778212211,0.982188936760055,0.98222085666575,0.982237461756329,0.982242436629516,0.982244446057072,0.982262611764179,0.982292369468086,0.982307954559451,0.982325539088766,0.98233695500606,0.982348169904779,0.982366627262424,0.982380819312593,0.982407080110208,0.982420554737495,0.982444615572158,0.982451496875786,0.982471354105659,0.982505475397183,0.982514851702819,0.982528454498967,0.982535716213696,0.982556453677528,0.982564956889113,0.982572260969061,0.982579051193687,0.982599005449727,0.982609318937695,0.982621191910046,0.982644589429404,0.982657105812534,0.982668293461127,0.982678973627311,0.982692999760693,0.982700702283466,0.982711192788404,0.982734082018516,0.982740106094318,0.982763811561224,0.982772364359726,0.982777707755629,0.982799088531433,0.982807358949987,0.982810752030827,0.982814413903711,0.982824747220278,0.98283077266033,0.982838042185158,0.98284882090985,0.982854484863638,0.98285961606633,0.982867087265195,0.982890049919815,0.982895414345371,0.982900310738405,0.982908806744817,0.982911937754495,0.982914651213263,0.982920393121644,0.98292895527422,0.982940141682863,0.982951418749804,0.982956293561039,0.982970497856893,0.982976234416941,0.982984591362874,0.982994142494185,0.983002552041528,0.983014000772638,0.983015127031483,0.983018036765406,0.983023893218733,0.983030802237098,0.98303708894674,0.98304000653804,0.983043394417639,0.983046306337262,0.98305810917377,0.983063475241091,0.983077251392444,0.983084570369823,0.983092144797351,0.983101235817501,0.983107412830696,0.983124436356263,0.983126785172155,0.983134194529757,0.983142198906682,0.983145762019503,0.983150626771066,0.983156581802158,0.983163520095929,0.983170031047935,0.983174915381199,0.983183821376429,0.983185498810417,0.983196252224559,0.983215803371507,0.983221338847522,0.983225863010399,0.983239385936125,0.983243893983802,0.9832548264476,0.98326573372213,0.983268913122525,0.983272683391595,0.983284405160583,0.983288237541564,0.983292096710603,0.983296721769702,0.983300504896997,0.983307852673679,0.983315039587241,0.983319997299694,0.983323836527194,0.983335563841898,0.983342854831615,0.983344419909388,0.983352227088038,0.983357655503343,0.983361578384283,0.983366576747998,0.983375687146013,0.983380104564548,0.98338303435715,0.983383957758787,0.983384324187345,0.983391205788893,0.98339770195386,0.983403556636396,0.983410901589498,0.983411951995897,0.983418934116446,0.983423562368419,0.983431371061341,0.983438520515101,0.983444095390174,0.983447891136452,0.983457212868673,0.9834646842102,0.983470950926901,0.983475407174947,0.983481875555963,0.983484139157455,0.98348856910465,0.983492844197915,0.983498564508985,0.983501444039468,0.983502531521771,0.9835086729854,0.98350955930292,0.98351126125935,0.98351364097794,0.983516424006308,0.983520571154808,0.983522717516601,0.983525706874228,0.983529487291548,0.983531188490957,0.983533279774085,0.983535975897183,0.983536434881438,0.983539909519199,0.98354438306511,0.983555851194888,0.983558763307735,0.983561417723022,0.98356417695806,0.983565156428033,0.983569264554848,0.98357286174099,0.983573857156863,0.983575244102445,0.983578774550922,0.983580710298485,0.983587579693536,0.983590130486154,0.983591254034329,0.983595554480214,0.983601785958312,0.983605675552049,0.983610048826839,0.983618171530166,0.98361965397445,0.983625900800105,0.983628751878811,0.983633432820613,0.98363433649371,0.983636101878031,0.983639096502666,0.983640378923802,0.983642999285074,0.983644850149141,0.983652037297566,0.98365483003431,0.983656843402941,0.98365857150277,0.983660015564441,0.983664259994761,0.983665572062114,0.983667124324821,0.983674626690098,0.983677340528129,0.983678665941665,0.983703169064864,0.983704723661338,0.983709398230889,0.983711870973181,0.983721689498067,0.983722016896776,0.983722896508994,0.98372690978003,0.98372829464027,0.983729798285365,0.983734215201272,0.983737923091341,0.983738745755358,0.983741810396414,0.983744016994545,0.983744641810883,0.983748470357625,0.983752959431196,0.98375514726046,0.983759412290161,0.98376363872009,0.983767546684099,0.983769127668085,0.98377183178941,0.983775308684227,0.983775841540096,0.98377687231294,0.983784232056332,0.983785689939986,0.983787809718577,0.983790725628198,0.983792859132172,0.983793319009579,0.983795347804603,0.983796425890872,0.983799066905804,0.98380083470807,0.983801219931212,0.983804589216531,0.983805879929397,0.983807921045891,0.983811232944886,0.983812343673256,0.983814936152234,0.98381547076013,0.983818348108343,0.983826460088958,0.98382792984942,0.983829194633533,0.983830000636621,0.983834816323872,0.983836440381547,0.983838784404287,0.983840775089319,0.983840819491541,0.983843283857663,0.98384459803466,0.983844894780624,0.983846202895088,0.983848246914717,0.983852380068775,0.983852880636792,0.983853835134148,0.983857371550068,0.983859525161408,0.983861513371847,0.98386562431125,0.983866252286766,0.983869345760282,0.983871785108975,0.983871838093002,0.983872969320018,0.98387776531059,0.983879165680759,0.983880572200212,0.983880803486272,0.983882740127772,0.983882907629629,0.983885544003781,0.983886643896676,0.98388799266718,0.983889422511856,0.98389048707481,0.983890597976638,0.983892190466534,0.983892565851099,0.983892988579854,0.983894500258344,0.983894738067346,0.983897548601529,0.983899002345482,0.983903556346107,0.983905465491878
0.535634949318285,0.599607067164029,0.639107947122202,0.643983343055415,0.659959369905138,0.677511691135971,0.680176506784827,0.68841843318144,0.705843756004216,0.729826449242475,0.752438161589259,0.760317428516469,0.772758698546211,0.774423597431205,0.778583762331769,0.795333677049291,0.857602074075223,0.860801414758923,0.867667785819333,0.872238353775983,0.886274573578352,0.889903838965936,0.895847251460254,0.909257382897203,0.916446623316171,0.919095223771539,0.921808866110176,0.922529415380589,0.927839310407515,0.932592979138016,0.936129106519569,0.940695475430901,0.942705065143674,0.94402144738068,0.948250066317977,0.952954067233695,0.954900958297446,0.958546986901943,0.95969528001225,0.960067207092681,0.960761101022338,0.962790322459794,0.963267853386923,0.964018665369205,0.965087547907413,0.965786744622883,0.966432675941123,0.96782497541979,0.968441027665128,0.969753170070066,0.970209673703726,0.970590220885848,0.970878313755873,0.971556255879161,0.972159078586446,0.972638666483409,0.972807519813589,0.973237626168642,0.973470811579803,0.973621245607323,0.974008248150923,0.97414052156712,0.974511047570703,0.975530646460245,0.975776043254666,0.976144874974584,0.976315640321895,0.976364107297064,0.976774388059781,0.977384743780048,0.977475849880337,0.977591720165477,0.977662625360434,0.977783256365609,0.978006118892053,0.978127379962331,0.978202413771985,0.978393893114703,0.978573766127933,0.978628900874547,0.978702472312991,0.978791259859018,0.978939006459697,0.979049984914604,0.979132296984975,0.979264475215897,0.979357339216566,0.979420622918775,0.979496130184036,0.979568836762613,0.979615570707198,0.979641108783622,0.979708168398023,0.979791647199562,0.979851997013157,0.979928078972972,0.979962142816472,0.980041095636937,0.98010790502976,0.980155224881467,0.980229718374779,0.980269445706254,0.980776382809967,0.980790239628962,0.980813602535787,0.980895218339523,0.980975085289212,0.981043227931128,0.981102041312731,0.981143276205676,0.981189167202608,0.981244192598565,0.98129259882773,0.981340313378256,0.981378862389931,0.981423842363714,0.98145496175674,0.981520267934574,0.981565161839878,0.981595999708506,0.981694839200061,0.9818005278032,0.981830752876331,0.981904341744654,0.981924303226396,0.98195907302604,0.982004110720787,0.982064395634555,0.982094802365122,0.982129016794427,0.982167344414305,0.982201763959837,0.982223579637947,0.982237870114635,0.982264345759867,0.982294608014296,0.982330113853844,0.982464257816814,0.982482894516079,0.982493115287324,0.982557526228027,0.982589260543206,0.982609888109258,0.982652773751696,0.982672353750406,0.982727006847193,0.982752094317794,0.982777159951566,0.98280191621008,0.982813749510598,0.98285571696466,0.982879820014714,0.982885852762426,0.982898265811801,0.982967496454642,0.98297821068428,0.982992093652718,0.98300519338842,0.983015238383523,0.983055912467518,0.983113279874977,0.983116352612418,0.983124441400281,0.983133011633836,0.983144050360441,0.983154229309538,0.983187285741133,0.983193641589407,0.983229132881919,0.983268382929396,0.983276523075712,0.983287365960225,0.98329912288069,0.983312480398575,0.983314263845704,0.983321974044681,0.983350153227459,0.983363124161595,0.983367851079328,0.983386733549795,0.983421597806862,0.983438852838953,0.983443652699844,0.9835118513999,0.983520281805752,0.983540094755659,0.983580337961504,0.983627913782694,0.983636134880266,0.983645146821873,0.983660207320748,0.983689529166045,0.983698371987823,0.983712430224854,0.983717397347788,0.983743325048659,0.983751829937503,0.983757511519476,0.983773757974651,0.983785436347568,0.98379309259418,0.983804146867055,0.98380779730053,0.983822735768825,0.98382574467307,0.983831104636576,0.98383952139923,0.983849201686831,0.983852657459393,0.983856896177607,0.983862893893026,0.983878506212627,0.983890417337469,0.983895815325923,0.983899440912573,0.983914919631761,0.983922189658594,0.983927812028913,0.983936681952668,0.98394486746986,0.98395347622574,0.983962037585685,0.983974307973487,0.983981637698374,0.984080455766553,0.984087109898166,0.984095231331835,0.984111147790032,0.984122375322432,0.98412528875168,0.984137896048923,0.984146236967639,0.984153041420776,0.98416595880835,0.984172138470002,0.984182795385058,0.984196413860063,0.984208708002966,0.984220194967009,0.984223239018054,0.984229310935195,0.984231493939438,0.98423382410152,0.984239989433406,0.984242653947666,0.984247961027132,0.984251888270842,0.984256543206044,0.984268607724079,0.984274471398853,0.984278397007649,0.984283138603731,0.984285949938219,0.984291903842738,0.984294162677579,0.984296415550673,0.984301050873955,0.984315073883545,0.984323576034388,0.984323670363331,0.984330631031461,0.984335420322089,0.984351019677438,0.984357080242534,0.984362275380686,0.984367988289659,0.984368811016474,0.984378550728114,0.984385183406613,0.984389846020701,0.984390938966743,0.984393882402825,0.984397599534051,0.984400463869592,0.984412110248592,0.984416139263052,0.984419082039799,0.984456832179406,0.984459678327401,0.98446247286701,0.984471203823309,0.984473889772754,0.984477376272604,0.984487986048888,0.984493630335355,0.984502109373272,0.984509231057951,0.984512775427644,0.984520181855692,0.984526939809034,0.984532791556633,0.984542479912227,0.984547186386323,0.984547926345394,0.984550184114517,0.984556044229006,0.984562344448059,0.984563699876379,0.98456565150543,0.984567548238507,0.984573927188484,0.984574796952892,0.984578271138228,0.984628674826455,0.984634219802456,0.98465016432672,0.984653505687958,0.984655373207818,0.984659338061528,0.984661452722245,0.984667203793039,0.98467208854452,0.984675763281767,0.984683666508338,0.984685409643925,0.984687346287349,0.984690167338787,0.984691093839249,0.98469267263761,0.984697311106092,0.984707234080611,0.984712407030278,0.984716590971467,0.984722727008238,0.984723271690872,0.984726975623009,0.98473610996271,0.984742048242455,0.984748123758171,0.984754846968672,0.984759493486926,0.984765574004477,0.98476763392102,0.984772451073923,0.984774540395199,0.984778720252217,0.984784324243568,0.984786000110758,0.984789193961379,0.984789520419521,0.984798519636025,0.984801718508524,0.984803828033686,0.984806913619061,0.984811111795176,0.984814531031539,0.984815738601932,0.984819892399343,0.984821256643104,0.984822857300404,0.984829586672171,0.984834437012598,0.984835786546441,0.984843346303186,0.984845773633951,0.98485211811931,0.984852623499929,0.984854581681301,0.984855471570339,0.984859335893557,0.984864690708822,0.98486956679653,0.984872355166587,0.98487354116894,0.984875756258349,0.984880394433705,0.984882819389651,0.984886841011333,0.984890514923376,0.984892211316459,0.984901193135814,0.984902299882196,0.98490300417202,0.984908009109133,0.984910659418948,0.984912475095521,0.984918548170374,0.984921350893345,0.984924087133397,0.984924499553649,0.984930800031208,0.984931959330776,0.984932555047122,0.984936256454463,0.984938364500512,0.98493944120832,0.984941019559457,0.98494442536826,0.984946829090609,0.984948504701394,0.984949818402697,0.984953504784063,0.984954488774158,0.984955056912004,0.984967206777157,0.984969103849825,0.984974150165559,0.984976353869804,0.984979408322832,0.984985240636906,0.984987238762438,0.98498869558555,0.984990365554,0.984994309438067,0.984998151851827,0.985000075424073,0.98500495840824,0.985006595875954,0.985007625694895,0.985011161648026,0.985018413775056,0.985019063144282,0.985026080329498,0.985030287804186,0.985032174490577,0.98503312227763,0.9850338305987,0.985036654304021,0.985038849098953,0.985041195244647,0.985043215616085,0.985050720429998,0.985051417596345,0.985052915201568,0.985056668003946,0.985059326083052,0.985060145735126,0.985060331072444,0.985062421125316,0.985067919134253,0.985070945677111,0.98507177939993,0.985073673621452,0.98508042469191,0.985081138902558,0.985082567868961,0.985084652933808,0.985086808496672,0.985091844544792,0.985093733163936,0.985094862536132,0.985096271595339,0.98510036447378,0.985105698210316,0.985110175531191,0.985111109932707,0.985112959459119,0.985116412372138,0.985121546372889,0.985122092776907,0.985131755855928,0.985132275321001,0.985136810986849,0.985140357591563,0.985141147186657,0.985144455877161,0.985145642590604,0.985146620803157,0.985153405194797,0.985156182694303,0.9851574697158,0.985159646012853,0.985163991655073,0.985164667794721,0.985165621806901,0.985166228177066,0.985166954453024,0.985173558679894,0.985175958365513,0.985176154518885,0.985176663574402,0.985180900826141,0.985184269515911,0.985184960709911,0.985186713202114,0.985187731253788,0.9851905210321,0.985191462448714,0.985193980234565,0.985195640986713,0.985196092613913,0.985197762982964,0.985198805119548,0.985203817068597,0.985212431352773,0.985213248640834,0.985215277570805,0.98521576759927,0.985219700948397,0.985221756263528,0.985223390235726,0.98522477971599,0.9852302669809,0.985233318029524,0.985235260553478,0.985235420977247,0.985235742980219,0.985240915957064,0.985242262250933,0.985243177834105
0.491898287894805,0.62609128480747,0.63521011531563,0.642948405349747,0.725159149454678,0.741581745469071,0.747715121600912,0.753533605412375,0.797466690650988,0.810640213328163,0.826629126939497,0.829630802401658,0.842913399163845,0.850586615072026,0.855343551074753,0.860244029387084,0.865416235795395,0.866521512854131,0.868114810590085,0.870767187381559,0.873222356013425,0.874529781627401,0.876617201896229,0.879503660164081,0.881849945546633,0.882844985860301,0.884225262241154,0.884974371504162,0.887459092432484,0.887827132522023,0.89003674728553,0.890696432474376,0.892285444113445,0.892855595313826,0.893402095779071,0.893672496738405,0.895026383064844,0.896655098451991,0.89761799659835,0.898253881602288,0.899086420149635,0.90005874416676,0.900520384629889,0.901557288182064,0.902735043731302,0.903707034725222,0.904694218412901,0.905371905009732,0.905771198496648,0.906640296170299,0.906945641326158,0.907708758585548,0.909700586089656,0.911211987740021,0.911937501820726,0.912006066657985,0.913973820458134,0.915266261233603,0.91577519951929,0.916933565463615,0.917687480842739,0.918068391035908,0.919785944194569,0.920448945122307,0.920783647559873,0.921201729674405,0.921868760268619,0.922508466542503,0.923420042110927,0.923640131328649,0.923997151838096,0.924288732551124,0.924546276264828,0.925138057768962,0.926046352511175,0.926428374832235,0.926679995952089,0.926876702534923,0.927250152671509,0.927576447508945,0.927696693509197,0.928055653198169,0.928219347765488,0.928321834002925,0.928580891885896,0.928825999201658,0.92893368351463,0.928966285093462,0.929109707916748,0.929445951861912,0.929552863159712,0.929672392504059,0.929735001929402,0.929855047849895,0.930009967839764,0.930817357257621,0.930937234654635,0.931095659564594,0.931157711172329,0.931254046619707,0.931395554889182,0.931530173702638,0.931648879741561,0.931702719318136,0.931828365400603,0.931920764213563,0.931978501872378,0.932009020409174,0.932083499722021,0.932135300769572,0.932193004147596,0.932260823942872,0.932320121443393,0.932402369341342,0.932461460463781,0.932503744540441,0.932601803078815,0.932653825454757,0.932692136188347,0.932743464104939,0.932778150360811,0.932860652848072,0.932901653249762,0.932934996584358,0.932958062456418,0.932977821062422,0.932996264647772,0.933030562749077,0.933053258567057,0.933091566497813,0.933108646342687,0.933152154492669,0.933175398018297,0.933198117204496,0.933220076440548,0.933260145689193,0.933276634215001,0.933287924155042,0.933310845871157,0.933331531403681,0.933346653417045,0.933380671941446,0.933424001747821,0.933447142904943,0.933455910644973,0.93348583066621,0.933501773503858,0.933530018134108,0.933564279565804,0.9335876009318,0.933599320794369,0.933614366965278,0.933631892328662,0.933652742963442,0.933668014493441,0.933683790569597,0.933716216499652,0.93373013414619,0.933747293106066,0.933777777952844,0.933790560267925,0.933804093206255,0.933827243395,0.933842470388518,0.933851187007808,0.933879273579382,0.933901072189373,0.933914289031891,0.933933541854872,0.933946479093225,0.93397408216212,0.933990313216929,0.934005122278699,0.934031646593361,0.934036621156969,0.934039317031964,0.934055534921631,0.934064436176015,0.934070498286481,0.934090994256658,0.934099601827279,0.934116164154113,0.934117574605916,0.93412641441864,0.934133772049583,0.934147694950651,0.934162036585864,0.934172589297514,0.934179439451965,0.934193236837188,0.934201632562523,0.934225320499508,0.934232077314284,0.934239632077753,0.93425268754037,0.934275316168415,0.934288901352858,0.934336225861655,0.934348399271688,0.93435339872318,0.934373264777425,0.934383545973312,0.934400589055239,0.934411257578451,0.934423599661498,0.934427100374122,0.934429912094732,0.934439441245718,0.934444333908636,0.934452685041367,0.934461874662996,0.934473374934795,0.934553178890259,0.934558622133474,0.934571751007568,0.934581406311643,0.934593042242775,0.934604827334944,0.934627019019685,0.934632398237876,0.934642369432452,0.934652850757565,0.934656732692849,0.934665852131134,0.934674052817075,0.93468626491901,0.934688773396882,0.934699746954641,0.934708049562533,0.934716095731033,0.934722250923856,0.934731611271622,0.934734718330465,0.934741104611694,0.934751809094234,0.934758157050968,0.934768112282622,0.934783633284154,0.934791740255764,0.934802412529695,0.934804410482314,0.934808450952094,0.934815727960249,0.934818531792644,0.934823041890652,0.93482964871002,0.934834469168545,0.934839149476795,0.934843143373159,0.934848759310379,0.934859429880057,0.934864940694173,0.934868397286543,0.934881769420197,0.934892682470178,0.934896635032095,0.934905081544191,0.934908392626115,0.934911746132148,0.934919139886655,0.934923702832399,0.934925438940441,0.934926961222275,0.934980916771275,0.934982854146571,0.934986700907831,0.93498772984438,0.935002021506484,0.935011808191689,0.935018441396654,0.935022495201303,0.935024766109707,0.935101596223205,0.935107370053572,0.93511066070791,0.935114909983211,0.935115530420931,0.935119514141764,0.935121234071192,0.935124703272579,0.935125972227912,0.935128989145468,0.935133322537134,0.935137381018401,0.935138429696106,0.935141550683752,0.935145924739184,0.935152517638385,0.935169427935305,0.935171242581546,0.935176507582926,0.935178701443862,0.935185467818217,0.935193607621848,0.935196047431321,0.935202185056738,0.935209267335106,0.935217030257502,0.935218317075709,0.935220337655708,0.935225927275824,0.93523336255531,0.935236060227408,0.935238911071144,0.935243936108853,0.93524564651442,0.935253500108952,0.935254176061901,0.935255867740973,0.935258333295577,0.935260253982942,0.93526237290073,0.935263418894279,0.935267033986116,0.935270979327003,0.935271669064751,0.935276375146854,0.935279627765833,0.935288091370344,0.93529063529302,0.935293783172569,0.935305947218559,0.935311243402457,0.935314677731172,0.935320110940234,0.935327907157372,0.935329432089917,0.935331764311735,0.93533940214423,0.935341784303153,0.935347193488043,0.935350951580835,0.93535618006809,0.935362106438084,0.935370583390806,0.935375596022088,0.935378684456276,0.935380803327597,0.935386253253313,0.935391595421833,0.935394482159061,0.935398047098005,0.935400027531531,0.935406360397166,0.935407861999658,0.935414207651778,0.935417236211602,0.935424578441474,0.935435020181502,0.935437521493836,0.935438868216377,0.935439950725297,0.935449565569523,0.935452896870992,0.935454554119011,0.935455068355632,0.935457060524954,0.935460546591486,0.935462563555724,0.935467560356196,0.93547408899237,0.935474475350322,0.93548135393865,0.935486307757744,0.935491382763783,0.935493171723013,0.9354939784809,0.935494191906118,0.935496540046075,0.935498324836726,0.935514848612484,0.935515575412059,0.935515850025098,0.935518037150827,0.935521570882716,0.93552542056922,0.935528430021584,0.935530633717253,0.935533663269598,0.935536103857458,0.93554039385586,0.935542432023888,0.935543504949904,0.935547579870064,0.935550304303074,0.93555062163995,0.935553416133697,0.935555679514645,0.935558907831895,0.935559852458304,0.935562043442542,0.93556256024184,0.935566358295862,0.93556807737997,0.935570213124675,0.935578292561711,0.935585499556138,0.93558849549458,0.935590732764061,0.935595501544652,0.935595887819551,0.935597414191357,0.935598156203036,0.935599136800993,0.935599982858193,0.935600972484185,0.935604373527577,0.935608568550085,0.93561297141667,0.935618451849497,0.935618717261252,0.935619756709191,0.935621905541535,0.935624556297401,0.9356266000778,0.935627253048556,0.93563034416459,0.935630697613828,0.935632511296548,0.935633725096821,0.935636603225985,0.935637511504685,0.935641144508808,0.935642336775918,0.935643925814044,0.935644839615812,0.935650398561597,0.935654518254647,0.935658886865072,0.935662811640417,0.9356633010431,0.935665650788936,0.935666476128259,0.935667901288192,0.935669302858039,0.935669658539698,0.935671729665065,0.935672578312061,0.93567335885696,0.935673455996038,0.935673937793951,0.935674390150953,0.935674564485448,0.935675404516443,0.935675657097755,0.935684590895333,0.935686956198358,0.935687844047917,0.935688286601487,0.93569131665448,0.935693359363923,0.935695036257198,0.935696013568701,0.935697585891599,0.935712244564588,0.935713525919174,0.935713792498794,0.935716719889246,0.935719361634025,0.935720708336617,0.935720937728612,0.93572240887742,0.935723628269018,0.935724000825354,0.935726430844422,0.935727822672459,0.93573044812474,0.935731864781441,0.935733839346624,0.935736000009172,0.93573876643239,0.935741746184057,0.935743241405798,0.93574487659192,0.935746320137361,0.935748748236278,0.93575156817705,0.935752527519395,0.935753077607316,0.935756337719201,0.935758665089008,0.935759598600629,0.935761858308631,0.93576312763189,0.935764383248932,0.935766051715559,0.935766684345839,0.935768546953265,0.935772929900739,0.935774958878445,0.935777427807116,0.935780628152178,0.935781225575885,0.935783269098515,0.935785114335531,0.935787776728058,0.935788543220991,0.935789964946201,0.935790171200096,0.935792467359553
0.515370064832538,0.563431323397216,0.567237608682108,0.606214724517343,0.63243647280985,0.641648793015094,0.645425067206145,0.655640909037574,0.665869533412611,0.702207479787621,0.711099837708351,0.713942568682971,0.736660451101178,0.743475955302958,0.747739037062702,0.755050885428455,0.802136247396699,0.81607300470173,0.819611327154944,0.82512604542379,0.832610995185993,0.836914085048509,0.840239508039786,0.841976566381065,0.842860467481604,0.864243435224268,0.868090337643192,0.878814992280459,0.886570260182272,0.888223179530107,0.892687940202547,0.89570753321496,0.898733761149184,0.900497950175178,0.901919644057926,0.904634562230355,0.906084299392538,0.907665872532238,0.910067977456578,0.911327040075663,0.91198955159903,0.913111423939661,0.914743418151381,0.9152572470634,0.916194827490259,0.91884621436806,0.920943660967493,0.922172714330754,0.922588508613583,0.924141725192736,0.924555972654891,0.92568629042919,0.927237536236135,0.927986747516367,0.928516513165845,0.928856709713018,0.929550128934581,0.930038953735982,0.930548233088315,0.930850441711814,0.931495052082211,0.931843588256766,0.932147233163655,0.932598660824589,0.93282175204287,0.93309711080318,0.933276124424972,0.934690698530991,0.934995302384501,0.93519976083162,0.935503292993508,0.935708277047643,0.935882693229854,0.935983491785518,0.93608038205929,0.942149551465947,0.942690156703868,0.943594754833291,0.943751464574681,0.943847446489837,0.944049200433773,0.94419508499532,0.94475753408983,0.944908237711125,0.945224823931302,0.945485191112759,0.945507424069069,0.945669567078428,0.945773559147884,0.94591972773892,0.946076658208692,0.946382210860605,0.946434957273592,0.946672859916556,0.946783548222647,0.946891638353654,0.947110823216493,0.947181731991342,0.947208404283935,0.947267336045153,0.947332768868003,0.947383912081597,0.947459250637287,0.947497328278294,0.947747130528768,0.947839857848022,0.947902214227636,0.948051209401525,0.94807707376266,0.948130448673612,0.948177833995187,0.948217276332095,0.948258329653563,0.948264951802402,0.948294448869937,0.948341230874026,0.948907624899216,0.948932037660258,0.949368788948801,0.949428702341103,0.949452083482697,0.949457380437248,0.949473723673188,0.949540068540857,0.949570443515355,0.949686265781784,0.949710368294765,0.949726727899845,0.94975485064503,0.949808978602801,0.949856675602402,0.949869360270721,0.949880753390781,0.949902664806746,0.949979760217029,0.950022273457811,0.950093371644095,0.950099934620025,0.950158436730847,0.950199897007494,0.950207528978652,0.950215921640031,0.950234530901787,0.950283683537307,0.950374638006737,0.950436922771205,0.950444300616425,0.950560874568659,0.950590287532152,0.950601186205108,0.95061258865874,0.950633505360001,0.950655585187036,0.950675371885911,0.950711113766074,0.950725785388471,0.950825404838182,0.950850688979655,0.950864769468317,0.950877293788956,0.950896162754067,0.950919083957191,0.950956497791038,0.950964690561016,0.950983178471085,0.950999698686722,0.951007756147684,0.951010925020412,0.951020993630956,0.951059563839756,0.951073488389745,0.95109192744319,0.951112755707362,0.951122860792936,0.9511530176908,0.951177106432528,0.951190445733006,0.951191685912579,0.951202577492667,0.951217216125654,0.951229552811143,0.951246352583337,0.951286746859181,0.95129763614496,0.951309177220805,0.951329842851114,0.951354036865001,0.951365137096409,0.951375033375778,0.951377680872167,0.951385683865027,0.951402872596746,0.951408073312266,0.951425839382937,0.951444960537031,0.951456933351879,0.951474297598704,0.951489233902692,0.951500126870068,0.951510160129796,0.951515599982474,0.951536055282259,0.951544517097067,0.951551815592565,0.951559208343526,0.95156576081582,0.951575276841695,0.95157826074705,0.951597601334529,0.951604241122969,0.951616732587249,0.951625203357853,0.951631098162947,0.951636575708932,0.951647120411736,0.951649905358205,0.951659825354613,0.951667889624118,0.951671714834375,0.951680556277188,0.951695003723362,0.951704758685898,0.951709559574637,0.951712452875731,0.951721359648385,0.951729164412466,0.951737052094154,0.951746816677727,0.951766528397882,0.951779080086263,0.951785641538735,0.951790528150316,0.951797827327398,0.951819981218028,0.951830301173,0.951847080805745,0.951857566810412,0.951870538303844,0.951883347223529,0.951889491649883,0.951912925933517,0.9519166112257,0.951923006206358,0.951930200202937,0.951940074328524,0.951949021372433,0.951956023413975,0.951959331185155,0.951965775757672,0.951968866896924,0.951972370266694,0.951974261996855,0.951984898526822,0.951993118793528,0.952011324717142,0.952018759768508,0.952023618054164,0.952040296496392,0.952044790038391,0.952049197366382,0.952052201911634,0.952057935053869,0.952064755616351,0.952076491260311,0.952082581247189,0.952090496092132,0.95209529666173,0.952096787432957,0.95210103969552,0.952105538118376,0.952113191391582,0.952130836044509,0.952135420573006,0.952144287746093,0.952150553112028,0.952156378067839,0.952160682496086,0.952162552389294,0.952163244573251,0.952176658025546,0.952187216585843,0.952192546559805,0.95219596425521,0.952202998209628,0.952213402628743,0.952220420003186,0.952229995336084,0.952237041663493,0.952248595228188,0.952252963520275,0.952262920783478,0.952263900044545,0.952266013407474,0.952272320498599,0.952274953701806,0.95227631662212,0.95228520223891,0.952292867092402,0.952302103825983,0.952304942600546,0.952313208979773,0.952314969605119,0.952317084756768,0.952322910297399,0.952324490680489,0.952328793050299,0.952331987896766,0.952334309435917,0.95235459793692,0.952363255121227,0.952370785624574,0.952383444130093,0.952397669258559,0.952402564161443,0.952407073465202,0.952412315636815,0.952423903080368,0.952426687235023,0.952444267448355,0.952465792962368,0.952466607059334,0.952471957659477,0.952473862958961,0.952479000610288,0.952483638332872,0.952485087903324,0.952492167813761,0.952496324650756,0.952502610511425,0.952504864726963,0.95251244719506,0.952521805825476,0.9525232118862,0.952544849478302,0.952550903443294,0.952554003511887,0.952565385946755,0.952567546000537,0.952569737031395,0.952569994684443,0.952573177572669,0.952574984340607,0.952585460412252,0.95259063691722,0.952591825058025,0.952597177170294,0.952606706065676,0.952614180929695,0.952616638443981,0.95262248992018,0.95262681597723,0.952629264407544,0.952630510324956,0.952636185278741,0.952641455304253,0.952642706224069,0.95264663834555,0.952653031452519,0.952653544219329,0.952654706717088,0.952661552003409,0.952662231497499,0.952666712544872,0.952673798166543,0.952678812644082,0.952692490951758,0.952694219828846,0.952704638167932,0.952707968887142,0.952714349918518,0.952727352017863,0.9527297189974,0.952731202906014,0.952739384855041,0.952744875496815,0.952747241057955,0.952748036558845,0.952752730448606,0.952768624217747,0.952769314320092,0.95277283607165,0.952774016132652,0.952775366664786,0.952776680836059,0.952778637199708,0.952785795099785,0.952787590003542,0.952812041674573,0.952819988647546,0.952824309958787,0.95282827664626,0.95283268727752,0.952834836038212,0.95283844049008,0.952839932280685,0.952842329340146,0.952845270984957,0.952860576273866,0.952869152268252,0.952869957500479,0.952872119241317,0.95287607119895,0.95287664933659,0.952879111916204,0.952881074396852,0.952881790003167,0.952888689802596,0.952896649199384,0.952901750754873,0.952902311433323,0.952903122493796,0.952905146322962,0.952909877244828,0.952910889188065,0.952913229065103,0.952923791487177,0.95292492336452,0.952930335277456,0.952940335842217,0.952946939187272,0.952948815875889,0.952948852660846,0.952950468494018,0.952953310570439,0.952954340665305,0.952955169950016,0.952955669825184,0.952957055444752,0.952960948481407,0.952975321526717,0.952976106368591,0.952977168381278,0.952979910665967,0.952981298353305,0.952986268196612,0.952986470196335,0.952987415192719,0.952998489246781,0.953002276100102,0.953002594658042,0.953005826478152,0.953006030806701,0.9530159963909,0.953018693915649,0.953022047021405,0.953023239840351,0.953024774930171,0.953028548079892,0.953029443719058,0.953038808686762,0.953045991465527,0.953047006070677,0.953048466488915,0.9530516813771,0.953053549161059,0.953054641879644,0.953058426634505,0.95305859766182,0.95306066052086,0.953066556829577,0.953066701857803,0.953071643220637,0.953076759818909,0.953093156392165,0.953094378586332,0.95309628770312,0.953098283890308,0.953102550709212,0.953105836973512,0.953108091305954,0.95311326969042,0.953116886339347,0.953120260772415,0.953123963175868,0.955534681076376,0.955534908005796,0.956029041573778,0.956029983648196,0.956035592199289,0.956036428467759,0.956037407085003,0.95603797736357,0.956041369311795,0.958724628740888,0.959002739852058,0.95916203326804,0.959168424927529,0.959320905869426,0.95948297600602,0.959484524279496,0.959497164041841,0.960312384560942,0.962775901604125,0.962991745937206,0.963026736023272,0.963631624854984,0.964251624128452,0.964333333976152,0.964607565092704,0.964651812548676
0.520594824800807,0.530829800839622,0.573065719684253,0.582573858801231,0.670519047308888,0.700944867252132,0.718622571701864,0.74711982961684,0.749429301843828,0.780348616095519,0.792946852047808,0.799758723560902,0.803011507672153,0.825927732141457,0.833347060949755,0.834774991868861,0.847738425391048,0.858300342440308,0.866151614418235,0.869961538842613,0.880848272949166,0.892678887185931,0.909138871417357,0.915018932195465,0.92217705674034,0.925795597462746,0.928848380584182,0.930484138527399,0.933772847149811,0.936126417039757,0.936813462870723,0.9387629814394,0.940737460116403,0.941831078053808,0.943352397262337,0.945098288720959,0.945663516311286,0.947214778393169,0.947702778323223,0.948011649717758,0.94885473417292,0.95092900932222,0.951386744626055,0.951729963374676,0.951893378570039,0.952233067472918,0.952411844720142,0.952656516726487,0.952919436312556,0.953300358777918,0.954254261512322,0.954553094626095,0.954815911975876,0.955038972569922,0.955206004719148,0.955435413884885,0.955703195291279,0.956842217228265,0.957012728889538,0.957174605254442,0.957602992182932,0.957743069804871,0.957867068409884,0.958173456982786,0.958353086813181,0.958449659231736,0.958637851273098,0.958686179387354,0.958909665434017,0.958988717892612,0.959109855394916,0.96338951707062,0.963463801091125,0.963790639597618,0.964642280751925,0.964949745994008,0.965011590326101,0.965134296177376,0.967764089633973,0.967910706295602,0.968056928914653,0.968140357675699,0.968194920482266,0.968266390902241,0.968296266556293,0.968381456634401,0.968447848682559,0.968555823966639,0.968592550705527,0.972848718564487,0.975736987194401,0.977105024225062,0.977315753914154,0.977505581732397,0.977923540120903,0.978387481777899,0.978464095934672,0.978554230056474,0.979080317211068,0.979409632051798,0.97958941656197,0.979612142431605,0.979812716149339,0.97990342158064,0.979971703241141,0.980034232974649,0.980076950479964,0.98023111108667,0.980259774439615,0.980300252887711,0.980333782690435,0.980363236162889,0.980444077447783,0.980478314832823,0.980543271574007,0.980582832406064,0.980621125976879,0.980687395231012,0.980739842940259,0.980763694127329,0.980824810092019,0.980860940965127,0.980887540419079,0.980893753955415,0.98092942497111,0.980959741866036,0.980979623063272,0.981010039182846,0.981021078433856,0.981048165318588,0.981075144808009,0.981093530580182,0.981125829574046,0.981139126894942,0.981193528333664,0.981202138931293,0.981229331175828,0.981294452843337,0.981324620600628,0.981341883264917,0.981392619140488,0.981407696194141,0.981423145245874,0.98143086428366,0.981446276693803,0.981461714678006,0.981485683792165,0.981497310307404,0.981508587287342,0.981517252069989,0.981539304532373,0.981548199339904,0.981561116622289,0.981591589135797,0.981606450891063,0.981611630799431,0.981626841846579,0.98164780909858,0.981661671093413,0.981666517445242,0.981698908432747,0.981709213478572,0.981720316302769,0.981742713316088,0.981748288952191,0.981767297621754,0.981776066522184,0.981787938838251,0.981795329052891,0.981806711424336,0.981832026371146,0.981842431139466,0.981861560404736,0.981872223381739,0.981890846570825,0.981907966602928,0.981923934640189,0.981942457303273,0.981953977820397,0.981962057101124,0.981970349827682,0.981977153955445,0.981986578059065,0.982006395131446,0.982012018987612,0.982029695044944,0.982046834585724,0.982061552675564,0.982066428906073,0.982073621349908,0.98207623551472,0.982088039189248,0.982110152519246,0.982132705180413,0.982142886711663,0.982147168730737,0.982160443654501,0.982192640404393,0.982271074649599,0.982287742834238,0.982291257355381,0.982298162711305,0.982309265534549,0.982323767410507,0.98233236549452,0.982350759545066,0.982370159629956,0.98237296363338,0.982377989656766,0.982382350686432,0.982396422616771,0.982408516149144,0.982417362150397,0.982434700393908,0.982443103582441,0.98245612759879,0.982468704843026,0.982493175642786,0.982502750830363,0.982511539741579,0.982517612782657,0.982520053664152,0.982522686986744,0.982528633958367,0.982533518603059,0.98254113967843,0.982558542370645,0.98256723363139,0.982573265074818,0.982579934363515,0.982586965678029,0.982604324933612,0.982649993646728,0.982659184152095,0.982672260231001,0.98267643990414,0.982687672044091,0.982700609927607,0.982703634582528,0.982714884737584,0.982798893931514,0.98280773992959,0.982811479231957,0.982814427491066,0.982819152703368,0.982826973227266,0.982834272188504,0.982837756120911,0.98284158268789,0.982847217027243,0.982855637043399,0.982861570293093,0.982865522535809,0.982869914990302,0.982872113538433,0.982888432543529,0.982914609416988,0.982929264003692,0.982932701250383,0.982942552991677,0.982952938568258,0.98295773434866,0.982966149478367,0.982973230121348,0.982977951147464,0.982984451197553,0.982993350087078,0.982997676233326,0.983001698735518,0.983004512736032,0.983014723469105,0.983023512614786,0.983032602872716,0.983037564005693,0.983040817979792,0.983043157952033,0.983047453507948,0.983051585310506,0.983054707064638,0.983057119249329,0.983064314333576,0.983080436564195,0.983083322018241,0.983086278754934,0.983086838583444,0.983097007424688,0.983106512079776,0.983110936285094,0.983120723499368,0.983131865091333,0.98313506802225,0.983142547231441,0.983157869769801,0.983161751955881,0.983168002488437,0.983180707885843,0.983186134649237,0.983195529664197,0.983197984140703,0.983206288784727,0.983207458553283,0.983218427459301,0.983222097260541,0.98322564903289,0.983229820764331,0.983233437269697,0.98323884840722,0.983241918106708,0.983254030365409,0.983260759118424,0.983270151097579,0.983275117122892,0.983277558524204,0.983284354180322,0.983287512486381,0.983291814380449,0.983302402056112,0.983306036696233,0.983310488814132,0.983321180182083,0.983324972388898,0.983328244375854,0.983330180179223,0.983338348516262,0.983345323107426,0.983350731743262,0.983360471029686,0.983367444564248,0.983371075431678,0.983373805454974,0.983377186638964,0.983377693771593,0.983379970649754,0.983381944866496,0.983384365008277,0.983386720797772,0.983389403971643,0.983392322608064,0.983394654320062,0.983397790518334,0.983401967321072,0.983407327085735,0.983420846860605,0.983429765544255,0.98343703593619,0.983440238983571,0.983443537760691,0.983445086633908,0.983447720857605,0.983453173367929,0.983454859423408,0.98345698723977,0.983459729122627,0.983461580209071,0.983469683428531,0.983470575607966,0.983475961326141,0.98347749596117,0.983481733626596,0.983484320534851,0.983487572940143,0.983488258328834,0.983492536157873,0.983495835296279,0.983498404560344,0.983500138959699,0.983501564014228,0.98350702688181,0.983509073974813,0.983512041720737,0.983513962390667,0.983517737084209,0.983518419472625,0.983527787221955,0.983528144519374,0.983531257413858,0.983532863291336,0.9835356346117,0.983536496776645,0.983542222879839,0.983548560309687,0.983552802379574,0.983556898921559,0.983570858496719,0.983575982675668,0.983576733179787,0.983577779313427,0.983580661608313,0.983584894579995,0.983590588425426,0.983594411602767,0.983596374908645,0.983599214691442,0.983602692841632,0.983607325995685,0.983613330004673,0.983617763314174,0.983623442234521,0.983624007472423,0.983628418956618,0.983631927762584,0.983633940531986,0.983636394673465,0.983640410649668,0.983643484215125,0.983646058737446,0.983649960134111,0.983651744703608,0.983655072707235,0.983657678695335,0.983660266396899,0.983664921944109,0.983669545719378,0.983673331879645,0.983676530154292,0.98367843764475,0.983679878921797,0.983681290271317,0.983682561021592,0.983685860561073,0.983686383124749,0.983689345587954,0.983691523548949,0.983694569390969,0.98369597651477,0.983696487856519,0.98370259812138,0.983706020470906,0.98370903690325,0.983712583115008,0.983716028570604,0.983717533960585,0.983718740582091,0.983720948299646,0.983723357397539,0.983725254576894,0.983730026478036,0.983731208828437,0.983731480866489,0.983734256638211,0.983736546907157,0.98374019477963,0.983744275859115,0.983747225108323,0.983749126075867,0.983749656159327,0.983754933498141,0.983755960885336,0.983756804429871,0.983757760674365,0.983758387135725,0.983760933109155,0.983764087792298,0.983769184480418,0.98376970685282,0.983770461072571,0.983772015531998,0.983773308719889,0.983778302477024,0.983779593362463,0.983781822288508,0.983782851063834,0.983787000131731,0.983788355993225,0.983791878213624,0.983794650375945,0.983795922014197,0.983796544670736,0.983801083547138,0.983801725300142,0.983802885696802,0.983804049977263,0.983805536450107,0.983806952094874,0.983808705117288,0.983812979141666,0.983814404134919,0.983816491420627,0.983816967407306,0.983819441767069,0.983821088143515,0.983821901955405,0.98382365648759,0.983826514788187,0.983827012777329,0.983829407215712,0.983832171397069,0.983833070673518,0.983835991181123,0.983836776051886,0.983838853780986,0.983841731257623,0.983842655373115,0.98384354849285,0.983844915698197,0.983847101348082,0.983849688416573,0.983850942731113,0.983853406807711,0.98385501964057
0.612537882684903,0.623501884300722,0.627209619306257,0.635132654626078,0.643195518472029,0.65454626166244,0.655937523070189,0.674642466508915,0.705442268388857,0.718214840610275,0.72237808283018,0.767953270672781,0.786372402750259,0.794600297005487,0.808419283776417,0.809450561466307,0.822296584629465,0.825986473557327,0.832465013823889,0.841436155536757,0.850527895084558,0.854246684705031,0.86866525651099,0.873890030967141,0.880352919348505,0.886048795910102,0.905675178229767,0.9089784366407,0.913607552140003,0.916109013433067,0.920502092075372,0.922504640450526,0.92498594487964,0.928058362499447,0.930819456544603,0.932775761985386,0.934404917572509,0.937159731357141,0.941655215145687,0.942302877955548,0.944594323685496,0.947462101926259,0.94800505725049,0.949563885821321,0.950384686091764,0.952802907173374,0.954092198662256,0.956124961307701,0.956878950880476,0.957501794562233,0.958458520449787,0.96124376568727,0.962214140863533,0.962977501454105,0.963520638948801,0.964144626142678,0.966818129741349,0.967141224354046,0.967595594717958,0.96798969562101,0.968327479098083,0.96879793160116,0.969406788917561,0.969647910446903,0.970724587036242,0.971120166497748,0.97160306548136,0.971870660820044,0.972215176620592,0.972781448644612,0.972932988014466,0.973576782070793,0.973770819333263,0.973917755609576,0.974205319050667,0.97439317329868,0.974637730692877,0.974932118125295,0.97508161101877,0.975246397814176,0.975465821674859,0.97588392969742,0.975976699708674,0.97607961097176,0.976251617956976,0.976492494203517,0.976616330108019,0.976855082458343,0.977052042694363,0.977460575974749,0.977553165889787,0.977694732961622,0.978259505513846,0.978332060467112,0.978482101267889,0.978546547506538,0.978651561684005,0.978726194091659,0.978905683067746,0.979569215649849,0.97965326802099,0.979684293885456,0.980104480492694,0.980150578812025,0.980189343898032,0.980367867492128,0.98055479055861,0.980580435332683,0.98060829793391,0.980747051266243,0.980837994915805,0.980910450516501,0.981231292478251,0.981353160529257,0.981628600988977,0.981885833446091,0.981943623039355,0.982055507658802,0.982097854264212,0.982141162660208,0.982172037845448,0.982235738517378,0.982310648747966,0.98244879497042,0.983211882948976,0.983307597191206,0.983343840238901,0.983446930292984,0.983477895193767,0.983613402469751,0.983665626588405,0.983719413733333,0.983766749547188,0.983798988010175,0.984123754589566,0.984162040966148,0.984240691804297,0.984256056841741,0.984478558405695,0.98448990480781,0.984553502908557,0.984594702580124,0.984670038844603,0.984878252670259,0.984931898231642,0.984952819740026,0.984999905809325,0.985036831513286,0.985203153918148,0.985250700551956,0.985329538605577,0.985402042880665,0.98543312670504,0.985518459385524,0.98554612661146,0.9855883247408,0.98562450560476,0.985641207720636,0.985675936262022,0.985704773131885,0.985721831345929,0.985882489880097,0.985914175933478,0.98593902353777,0.985970992760543,0.986002310090366,0.986117570355533,0.986126857050692,0.98616393349466,0.986207176651791,0.986237145034799,0.986252414246537,0.986273953385966,0.986423667381038,0.986438106413785,0.986516261867979,0.986536635010145,0.986557170331118,0.986562822492434,0.986592231941022,0.986606835818051,0.986675361660235,0.986693583636416,0.986708162993153,0.986732356927758,0.986740484732581,0.986747318898082,0.986764135579031,0.986842237856403,0.986864204022303,0.986874466070796,0.986897206921597,0.986934226186573,0.986944223971815,0.986959389549944,0.986974588852568,0.986979828017323,0.986991487290458,0.987051010760495,0.987095308251603,0.987114375355624,0.987178233748142,0.98718870896393,0.987194918966699,0.987198611315983,0.987231667550245,0.987244803119042,0.987258014075535,0.987298880361279,0.98731296375625,0.987337395956271,0.98734592314737,0.987370287759801,0.987395131425,0.98740030194926,0.987413034383954,0.987426501850389,0.987434855355136,0.987464861717977,0.98746956981286,0.987488716077002,0.987495571504599,0.987528326027585,0.98759662914709,0.987598085608559,0.987606957804816,0.987615477081393,0.987621317820372,0.987638616827119,0.987718392087173,0.987729080561054,0.987753590086871,0.987757438472401,0.987765434252755,0.987776238235192,0.987789601850973,0.987806163567779,0.987812511714942,0.987814092351138,0.987820675412833,0.987824528167664,0.987830682732518,0.987850534098903,0.987864609090824,0.987868615304435,0.987901819492562,0.987909718908957,0.987922792834009,0.987932456377969,0.987947719313844,0.987954065230518,0.98795997689948,0.987974261119484,0.987979319669789,0.987981425853471,0.987986682113147,0.987997928675527,0.988002012774143,0.988007389250625,0.988012256038037,0.988021594612268,0.988027403805354,0.988028972583448,0.988032559703361,0.988040168782858,0.988046454122402,0.988054017411536,0.988067489271069,0.988070185307439,0.988089781383348,0.988097574885873,0.98811308327224,0.988115456726649,0.988125912893088,0.988142253484341,0.988161530190918,0.988167037096999,0.988173558073419,0.98817567389081,0.98818036985167,0.988192453316039,0.988196575894852,0.988198378169065,0.988204356288886,0.988218592739352,0.988218795509635,0.988226192870129,0.988236830698014,0.988243237937319,0.988249103400161,0.988255755007531,0.988264834760691,0.988267342644137,0.988274333953611,0.988276862414985,0.988281703677245,0.988290283114903,0.988313560880251,0.988315362488494,0.988319196468574,0.988323373588479,0.988327158167192,0.988334153540043,0.988336464550173,0.988341326126051,0.988344599557507,0.98834866328596,0.988351772206849,0.988354214607557,0.988357321416353,0.988362038763631,0.988372485677895,0.988373675087402,0.988378557399345,0.9883809220459,0.988382012805801,0.988388932422395,0.988392453012694,0.988395654539505,0.988397687810094,0.988407411239386,0.988410211027299,0.988412591022958,0.988414837203935,0.988416591416454,0.988421118245554,0.988424273695793,0.988428532385581,0.988434594451766,0.988440464149871,0.988441207873069,0.988446615668169,0.988449514637835,0.988451314513578,0.988453805772589,0.988463816225644,0.988465343030347,0.988474165956156,0.988481184493058,0.988483593814265,0.988491864829737,0.988495223801856,0.988496402826725,0.988500951965689,0.988503569572295,0.988507454473586,0.988512739554105,0.988521001412594,0.988524952436645,0.98852639213465,0.988530599024897,0.988533884234038,0.988537918066194,0.988544380787045,0.988545374284771,0.988547363132206,0.988552363428836,0.988554094829922,0.98856004919026,0.988561260325615,0.98856855668152,0.988574532408604,0.988586357249998,0.98859200556171,0.988601918370116,0.988602822405213,0.988604747279122,0.988607389164541,0.988609482840935,0.988619299928907,0.988621136273857,0.988624408324414,0.988632804183219,0.988634289549866,0.988637280706604,0.988638495773277,0.988640395884983,0.988657039852569,0.988658053762433,0.988664501981872,0.98867015871808,0.988671669719266,0.98867198780484,0.988674737674565,0.988679649506988,0.988681843932781,0.98868266345645,0.988685057363178,0.988689858243073,0.98869178699786,0.988692242858754,0.988699345911982,0.988701010676929,0.988701811492681,0.988708490638314,0.988709943349184,0.988711667380876,0.988713884786104,0.988719769939957,0.988721446497799,0.988723915403656,0.988727219911661,0.988734823562955,0.988743539737988,0.988748152735262,0.9887573505338,0.988761987294103,0.988764404480683,0.988767013568484,0.98877064891291,0.988771100776716,0.988773637043526,0.988774193556775,0.988775948358651,0.988776989520433,0.98878121292466,0.988784574841538,0.98878563714801,0.988788706576666,0.988791833456044,0.988797691308678,0.988798138579753,0.988798258364424,0.988801949785953,0.988802387361105,0.988806990749532,0.98880816530861,0.988811078667357,0.988811946932161,0.988812745338607,0.988815229180384,0.988816024232979,0.988816459460148,0.988819548852987,0.988820625472559,0.988822374533815,0.988823922125809,0.98882864566073,0.988830226564599,0.988830572533698,0.988832853146085,0.988835744062619,0.988838151023907,0.988842283158204,0.988844635437347,0.988845230552282,0.988845973809071,0.988848176667243,0.988848870290939,0.988858318601351,0.988860252076377,0.988860896153656,0.9888632889539,0.988863977075948,0.988866107282947,0.988867108565694,0.988867395216794,0.988867836452439,0.988871037026907,0.988872155994992,0.988873498674707,0.988875128940003,0.988876190751373,0.988878815488314,0.988881930719727,0.988882756757979,0.988886681713447,0.988888094899149,0.988892170752552,0.988893147783441,0.988893831067236,0.988894312967558,0.988896307457683,0.988909687869399,0.988911155118839,0.988912204083788,0.988912776193276,0.988917932126955,0.988922435858617,0.988922606951365,0.988923945636478,0.988926577768746,0.988927321390066,0.988927350698604,0.988928412455967,0.988930235253082,0.988932339736991,0.988934533590134,0.988935194831873,0.988936177257271,0.988940467797204,0.988940978576427,0.988942255548985,0.988946699712317,0.988946877976143,0.988947932748524,0.988949694464554,0.988954750657892,0.988971323746639,0.988972492596579
0.553730888846322,0.622557923722013,0.642455704802396,0.660657814318042,0.680171484626257,0.683839613634871,0.695334403094487,0.696628260167076,0.732152320268822,0.734082903557108,0.796012448025809,0.801139301877017,0.823738937453191,0.827235236465813,0.831164601556776,0.836962103627848,0.851040694908941,0.854529977416466,0.862126309517046,0.865665308636911,0.868296269358463,0.874696495201513,0.879390689221697,0.884632236699413,0.887520591662083,0.891168519268003,0.895022795159514,0.896582777675963,0.904009198888812,0.905250421910738,0.905941510061771,0.907720772268658,0.909395130899001,0.910768634446786,0.912341168547778,0.922419044575779,0.923141674055145,0.924573316812097,0.927016612120198,0.92757343159859,0.928243600544373,0.929475783676837,0.931535024824254,0.932686502860249,0.933159778433324,0.934200460737167,0.935023944698471,0.935370402277781,0.935887255572824,0.936413296704859,0.937231602040535,0.937612722093039,0.938171738387284,0.938799304960165,0.93922833471041,0.940108333588178,0.940708282150693,0.941317898101355,0.941578117773165,0.941752264501704,0.942080958554434,0.942396793795951,0.942783993743488,0.942841999883609,0.943061504817626,0.94343399092334,0.943714212335892,0.94462620312483,0.944815628897461,0.94512991823357,0.945336135886119,0.945566211107696,0.945669984146448,0.946038821027533,0.9462585933362,0.946344527000386,0.946624440805626,0.946744414669921,0.946941099820126,0.94703259035238,0.947321790472595,0.94764554523605,0.947867017633709,0.948146942364515,0.94823922171368,0.948344557138324,0.948486228661399,0.948737452694724,0.948887877294582,0.949045712616378,0.949181463800847,0.949262050605665,0.950258220610378,0.950323552035363,0.950539757784257,0.950660895867609,0.950732920669527,0.950833157534202,0.951027969463778,0.951174927850074,0.951230387838267,0.951364066049251,0.951439380356325,0.951511331200683,0.951556437016667,0.951670872382869,0.951715004578932,0.951786288703674,0.951884125201435,0.951938782724928,0.952029254634789,0.952080248586075,0.952130150482087,0.952204626546043,0.952288529302474,0.952367180020564,0.952399826197087,0.952445183211869,0.952483054141354,0.952493957777301,0.952519837373199,0.952548395028113,0.952584963630663,0.952606921675572,0.952663981749028,0.952710940557604,0.952725082045543,0.952765937238671,0.952791809557258,0.95281668247447,0.952860461419181,0.952931298712385,0.952991031504719,0.953032437242933,0.953070507337959,0.953116721176649,0.953142162993024,0.953170335926827,0.953186368686412,0.953203303172724,0.953226010859167,0.953241634176352,0.95327533438822,0.95329716785532,0.95333800545149,0.953357825198469,0.953376978237111,0.953388632532054,0.953410619035939,0.953439787570825,0.953460541624867,0.953484485880875,0.953509400598706,0.953546689492371,0.953580975761684,0.953600617791931,0.95363578077854,0.953660099459067,0.95367348821546,0.953682787786388,0.953704110222549,0.953747525379596,0.953771825648724,0.95379849769154,0.953815310626812,0.953850392968111,0.953860976281119,0.953866957550237,0.95389616276649,0.953926384963175,0.953945104164998,0.953982101359241,0.95400208455706,0.954011050242151,0.954021725606469,0.954037310128271,0.954050526833648,0.954064172300584,0.954079098164015,0.954091041399493,0.954102084700575,0.954111290992361,0.954129550452999,0.954144966384062,0.954159016990739,0.954196894898186,0.95420999065384,0.954227509126343,0.954233649524693,0.95424641995472,0.954250616062879,0.954261261190968,0.954270018577586,0.954286368916401,0.954347254478104,0.954353294845923,0.954370239065046,0.95437885614616,0.954428286407463,0.954443816163108,0.95446894914681,0.954480967932636,0.954490944547258,0.954506919124356,0.95452515889184,0.954538766680034,0.954566528582911,0.954582591554762,0.954599499264686,0.954611877606351,0.954638118551376,0.954645220191167,0.954660499932677,0.954674225181653,0.95468218975667,0.954695294741823,0.954708080779539,0.954720807716047,0.954728873994643,0.95474715279385,0.954758227917568,0.954761783402145,0.954767667546926,0.954781843400548,0.954794831207218,0.954797059032693,0.954804648704898,0.954808160109851,0.954817868198276,0.954820619899867,0.954825210457728,0.954830686689476,0.954838916805448,0.954857756068386,0.954864714180818,0.954873090355155,0.954908836893513,0.954912208403179,0.954932661686798,0.954938469126156,0.954945758566905,0.954946397329171,0.954950396924921,0.954955625740806,0.954958371930746,0.954975821640834,0.954978388437274,0.955001108015627,0.95501259169112,0.95502680583089,0.955040670821667,0.955060747545769,0.955062147990332,0.955074762916999,0.955078330372916,0.955095678624173,0.955098098100127,0.955103100632711,0.955117121637317,0.955120581087088,0.955134455492873,0.955141414802325,0.955142902763817,0.955165333276247,0.955178189696928,0.955187746308154,0.955194231916035,0.955199926234439,0.955209551719127,0.955213940401639,0.955219361434645,0.955228474010405,0.955234860626384,0.955241212494012,0.955257215001663,0.955261751720049,0.955263713834722,0.955277066383825,0.955279912340455,0.955287419003079,0.955291266236686,0.955304972947073,0.955312160399082,0.955315177506019,0.955315639402561,0.955316597554173,0.955317649513947,0.955324985211951,0.95532720197756,0.955331633408444,0.955338828399766,0.955342991771718,0.955345671320616,0.955359102192712,0.955365820697697,0.955374967000375,0.955379411736006,0.955381118109066,0.955388867128459,0.955391509547368,0.955398896470579,0.955403227298955,0.955418616420934,0.955428826950309,0.95543682654256,0.95543955511669,0.955442092900118,0.955447472914638,0.95544996649726,0.955451182521422,0.955458852509385,0.955467984908156,0.955476952647281,0.955482580367496,0.955485927617454,0.955492245388488,0.955499823957419,0.955501688808198,0.95550761127909,0.955515246745198,0.955518310930577,0.955523702428846,0.955526250537993,0.955530854478648,0.955540720922755,0.955543327940343,0.95554426998137,0.955549277612081,0.955555490382389,0.955562468895621,0.955569353834642,0.955574038214962,0.955578166093826,0.955585316090852,0.955587039447889,0.955592983654148,0.955620753831208,0.955630367725376,0.955635814847649,0.955641243677537,0.955643558495522,0.955654832984671,0.955656452190946,0.955659052609244,0.955659594497717,0.955672911922351,0.955674948579736,0.955677737142328,0.955680839758386,0.955683920957076,0.955690032474259,0.955691671054739,0.955697710680137,0.955700738323297,0.955703414299862,0.955709932079053,0.955715492609815,0.955717445754577,0.955723621785231,0.955727369865672,0.955729017262195,0.955731249277866,0.955731452728837,0.955738495447101,0.955741592949012,0.955748640042014,0.955754376771944,0.95575913338272,0.955761906817882,0.955776183119327,0.955781286342831,0.955783103217324,0.955791716748047,0.955797166599123,0.955801003165224,0.95580380094696,0.955812391940433,0.95581446633384,0.955819822668374,0.955824655119498,0.955827420720465,0.955833878933621,0.955839482684276,0.955842797709761,0.9558501203654,0.955852843752397,0.955853612481284,0.955856701020334,0.95586130220588,0.955869253447397,0.955874481430584,0.955881640912335,0.955882913797198,0.95588746841263,0.955888974611058,0.955891234836431,0.955893190579389,0.955895102561775,0.955896523445285,0.955900698979345,0.955910018041639,0.955914365889305,0.955915575098546,0.955917902132373,0.955920826339794,0.955928216566708,0.95592978757464,0.95593653366873,0.955937295782142,0.955942438869567,0.955943741587141,0.955945291611894,0.955946707662766,0.955947710504642,0.955948783858254,0.955952804208257,0.955954619791519,0.955956677439095,0.955962908588007,0.955964408584566,0.955964729215257,0.955974742296002,0.955976342744965,0.955978627849935,0.955981255975626,0.955984077791818,0.955987535426349,0.955990962141773,0.955995659529851,0.95599620106537,0.956042094155867,0.956048199769582,0.956050416129049,0.956056323110706,0.956058052644381,0.956059542498579,0.956061319202591,0.956064782899125,0.956069258539509,0.956071385903885,0.956072517785854,0.956075222870666,0.95607524527132,0.956077322022527,0.956082561391858,0.956086042539497,0.956088236482622,0.956090551838109,0.956092110876295,0.956095436469358,0.956098903568156,0.956100133891996,0.956106357585497,0.956106995630412,0.956111295891163,0.956111373195806,0.956115438419549,0.956118060577581,0.956119542970465,0.95612354448829,0.956125173261782,0.956128161508364,0.956129543580133,0.956130419880845,0.956132988111485,0.956133960167609,0.956136031415662,0.956139319723197,0.956139939415339,0.956140981914886,0.956141713903511,0.956143671393682,0.956144832389458,0.956148597077505,0.956150429546737,0.956155480149239,0.956157523346649,0.956158821624126,0.956160108247222,0.95616477832332,0.956165768973957,0.956166344419647,0.956170534297125,0.956173588215505,0.956174286228201,0.956178318958441,0.956180781261527,0.956181762935227,0.956184429408781,0.956190850659294,0.956192968504332,0.956194882420124,0.956195691392953,0.956197807959533,0.956201248301937,0.956202083940398,0.956203347736947,0.956203757916717,0.956206784290757,0.956207618743713
0.464194982896756,0.513845470270768,0.58526162463809,0.644065392513557,0.724630703906838,0.745054703292491,0.772637012261335,0.773060779806142,0.77463550521033,0.782932922319909,0.787579893584027,0.81779193276526,0.82697073029936,0.839929249435414,0.853849602815712,0.857575118878964,0.86234640442036,0.8727588227929,0.879832094565455,0.886653364358294,0.889809062120076,0.893598698636363,0.898244617306739,0.902216415445382,0.906309937523159,0.907015998233309,0.91032139171701,0.91270400954469,0.916650938548933,0.917995476560459,0.922471629567481,0.923714176453279,0.925879027803745,0.927529499338961,0.929791499027418,0.931069943955513,0.931551735857425,0.933524487579741,0.935528941300609,0.937327445013557,0.938659486822803,0.939241918498107,0.942258734314287,0.943393087676326,0.943918821552415,0.944568668901978,0.946307183319307,0.948132598082916,0.949758976411173,0.950441069421973,0.953032720109607,0.95377169120602,0.954992564904768,0.958528982622941,0.959827730214316,0.960273652450825,0.961426273962657,0.962043996881856,0.962799819512472,0.963138765707754,0.963537823348562,0.963888935756302,0.96410395074068,0.965226063463302,0.966153730263581,0.966373834198709,0.966955646974745,0.968065675367083,0.96837656125143,0.968798337167306,0.969200484770887,0.969781709836324,0.970224828419709,0.970316909267858,0.970850294802704,0.971172078272932,0.971316983042835,0.971643864801379,0.971946265683101,0.972165407595852,0.972248843398268,0.97239206268147,0.972588594573742,0.972758982030504,0.972901107732627,0.973004101828979,0.973167671163365,0.973341635594445,0.97355743032624,0.973695983454992,0.973780754159799,0.973886698178974,0.97391922211567,0.973983283612297,0.974099031089628,0.97448806142092,0.974581335913145,0.974804117849121,0.974881306316352,0.974981697480707,0.975032218892065,0.975086989674538,0.975141654898211,0.975253097214405,0.975354183491082,0.975404155948199,0.975554578483984,0.975684541513519,0.975704317927398,0.975743366885439,0.975845228006532,0.975893753857307,0.97592130033069,0.975976225718318,0.976001368444142,0.976025830133694,0.976110770051739,0.976159870526105,0.976249913643777,0.976317464714509,0.976358059100067,0.976370090955106,0.976400996738946,0.976422009162562,0.976506950540884,0.976573537460232,0.976623448876498,0.976678587171144,0.976726189389801,0.97678913482543,0.976823389446641,0.976895005508692,0.976922521963264,0.976955031832809,0.97697388601125,0.976999295901777,0.977026385298607,0.977043290081038,0.977093740988122,0.977139856089037,0.977192112504466,0.977251028408102,0.977261031531999,0.977276292516932,0.977294401577378,0.977322759518301,0.977371540302887,0.977391536100628,0.977410547586525,0.977460838308398,0.977495085660179,0.977542399043394,0.977560564056216,0.977579906104532,0.977597585586938,0.977626287936169,0.977642104657358,0.977661793873836,0.977692938706444,0.97770870958314,0.977805437906307,0.977845424495735,0.977867572518652,0.977876632688289,0.977895351079405,0.977917906082443,0.977938872970837,0.977959519442995,0.977997048555408,0.978005279481753,0.978070688752728,0.978092225820475,0.978117123691838,0.978126409460041,0.978139152124771,0.978154666743529,0.97818236921563,0.978197438976826,0.978213788865455,0.978222943868588,0.97824064914163,0.978277619881325,0.978292829743041,0.97830884943978,0.978325110243083,0.978335361261564,0.978378838489265,0.978398979742916,0.978417740326087,0.978434507821285,0.978444302173106,0.978452828025954,0.978476424030315,0.978483611001478,0.97850659977637,0.97853182513255,0.978554379291356,0.978567453027504,0.978570138733948,0.978579383640253,0.978589916909189,0.978603277666779,0.978614556190787,0.978636629241009,0.978644684576182,0.978659984415117,0.978678369297075,0.978683575384237,0.978693036590063,0.978703914417659,0.978717353892094,0.978732840223714,0.978742915262239,0.978754713603843,0.978773875632914,0.978778363253769,0.978787968840436,0.978797225849866,0.978827548206757,0.978832301526717,0.978836808690606,0.97884723997114,0.978903421498547,0.978913184266818,0.978922110657667,0.978947858232131,0.978954385827287,0.978960268166423,0.978964647805265,0.978973719477868,0.978979650289688,0.978989408387445,0.978993367895841,0.978996597253941,0.979008778454692,0.97901432905266,0.979037790984541,0.979054035507221,0.97905844491527,0.97906942370303,0.979076358334743,0.97908749533653,0.979095743582569,0.979101428565746,0.979111875889459,0.97911902631496,0.97912599679222,0.979128730446316,0.979135460869999,0.979146226390769,0.979151518481102,0.979162239845948,0.979168104701762,0.979174374234374,0.97917606028483,0.979187763432468,0.979199181019464,0.979202494327108,0.979212262462719,0.979222127473322,0.979229736648375,0.979303391624828,0.979308975328701,0.979312994524347,0.979330492192599,0.97934071976452,0.979343694978643,0.979357230880839,0.979368992245568,0.979386443587141,0.979394014531552,0.97940208874136,0.979404819680184,0.979411505186099,0.979415202620214,0.97942936504954,0.979432682708065,0.979437187558461,0.979443483168428,0.979455855950305,0.979460767461845,0.979462114666616,0.979465887462997,0.979474408499523,0.979481335736579,0.979484571457819,0.979491313893886,0.979500731976321,0.979504021619795,0.97950573790053,0.979519270094821,0.979524658738059,0.979529761307837,0.979538366673008,0.97956126820398,0.979574880688754,0.979577741950274,0.979583921274372,0.979594064512389,0.97960271383132,0.979609776535327,0.979617399155454,0.979623053716387,0.97963010146627,0.979636301918465,0.979637268865543,0.979652293096525,0.979655786406789,0.979659508999246,0.979663961838627,0.979676268828264,0.979683627429139,0.979688415964363,0.979692934727777,0.979697712765172,0.979701241427985,0.97970639146018,0.979714807614805,0.979717210920954,0.97972288517064,0.979727085997574,0.979732730371168,0.979741817249715,0.979748063738199,0.97975511522815,0.979768716293841,0.979782026660906,0.979787249991184,0.97979610537804,0.979800193555599,0.979802776554433,0.979803753736382,0.979809386240319,0.979819927132493,0.979822106722611,0.979833411309653,0.979843022289381,0.979843682583361,0.979850658112366,0.979853724310649,0.979862626966061,0.979862880812401,0.979876526808936,0.979877160601734,0.979880666969119,0.979883757840938,0.979889609175061,0.979893204876929,0.979894258491567,0.97989847157748,0.979902489615285,0.979910705642553,0.979917964074147,0.979919780177753,0.979924542194301,0.979926318408026,0.979930121626833,0.979937819567471,0.979941172234023,0.979945678455883,0.979949724366044,0.979955127855037,0.979957240924491,0.979965700050978,0.979966112732505,0.979972599569456,0.979975138963215,0.979978825270856,0.979983100257618,0.979984491455099,0.979987508670844,0.979988023882792,0.979989479820216,0.979999290989964,0.980000968665581,0.980004467243406,0.980005140361378,0.980005680939084,0.9800076613207,0.980008995681325,0.98001037134388,0.980012567526439,0.980016536036164,0.980019776182314,0.980022543492864,0.980036931312555,0.980037688381708,0.980041747080892,0.980042897420116,0.980045173334006,0.980046841477412,0.980053628618534,0.980057935802799,0.980062831524049,0.980067593811652,0.980071167606219,0.980072772932075,0.980074496256932,0.980080471131165,0.980081956125268,0.980082993072832,0.98008600123904,0.980090650042512,0.980093565574384,0.980095021686625,0.980100702046599,0.980102889424594,0.980105868549972,0.980108282436392,0.980110153974416,0.980112047251376,0.980112904632128,0.980116329744283,0.980119716068651,0.980121555742516,0.980123471532425,0.980124825071963,0.980126940780811,0.980128183308827,0.980130830216887,0.98013707578162,0.980139574696467,0.980143019506011,0.980144749768845,0.980147394102788,0.980149138460554,0.980151594389172,0.980155735898523,0.980157770016664,0.980158575626293,0.980159649588243,0.980161997806141,0.980165094699535,0.980166610056701,0.980167960314994,0.980170029164687,0.980176011108905,0.980179667989788,0.980180466453489,0.980183832269596,0.980184459831786,0.980185614754595,0.98018845022227,0.980188545346273,0.98018937007579,0.980190039752619,0.980192347473122,0.98019384752161,0.980196437870818,0.980197152099301,0.980198942934799,0.980200617380289,0.980202862280439,0.980203658624646,0.980205604905692,0.980210125378405,0.980215248468461,0.980216217172368,0.980217041580746,0.980217731887283,0.980217803326101,0.980218380858191,0.980218687414849,0.980219195188125,0.980220373440799,0.980223039500056,0.980229194623713,0.980230827138272,0.980231436039562,0.980232635542079,0.980236835065162,0.980239811972201,0.980242635781773,0.980244933416021,0.980245943035584,0.980249574667452,0.980250235045466,0.98025634202222,0.980261029800641,0.98026425813131,0.980267779591861,0.980269757245877,0.980271865360971,0.980272132944959,0.980276994532483,0.980279508805696,0.980280938205393,0.980282312638203,0.980284517485058,0.980289414358582,0.980291556586303,0.98029247316054,0.980294547884543,0.980297700824901,0.980303400732964,0.980304952331376,0.980306711505782,0.980309832528132,0.980312701845166,0.980313876740628
0.469648191979958,0.527641133827032,0.537516934894315,0.553748386447646,0.55883113093753,0.637733091284253,0.640888447011089,0.66342008762973,0.673689925284143,0.690456850634278,0.70037493083747,0.71594737777948,0.721223217757473,0.72370924369725,0.787961863041794,0.800385726812434,0.808994679772346,0.827208688298523,0.843941843655843,0.846729687503263,0.865627537714987,0.870119675856148,0.881862401201135,0.882858848203319,0.893793326917998,0.899056326246997,0.902077746787783,0.902979775223175,0.913473094562946,0.916704067165834,0.927794999029631,0.93112808109067,0.941417935531623,0.942584809711594,0.943561784050746,0.944911787430091,0.948371775571754,0.949125861780719,0.951116486956022,0.952702170616448,0.953997128407153,0.954772082827306,0.955740550197014,0.956755177406796,0.958377676861978,0.958949065418188,0.959708695241767,0.960166620720948,0.960619400760061,0.961501804626451,0.961913531281881,0.962726113506755,0.963217749724749,0.963388229959687,0.963608083002271,0.964656673150148,0.96477929744182,0.965640329004403,0.965936572834203,0.966186653154455,0.966591649136021,0.966746381089091,0.967502408618567,0.967682864601529,0.968165817968904,0.968353337031335,0.968545485568591,0.968588736037046,0.969201141754961,0.969412292488301,0.969543953281368,0.96974007780137,0.970091406946728,0.970197805276105,0.970466157043543,0.970548085260869,0.970671622453277,0.971037145899899,0.971182357007974,0.971398130252912,0.971493029438883,0.971654069434134,0.971695016252256,0.971865828735228,0.97205083327777,0.972196517240317,0.972368131169775,0.972525620471545,0.972711177461233,0.972775485278413,0.972880939602127,0.973031375479055,0.973186534446188,0.973267355508955,0.973348290809202,0.973426021746603,0.973514423407566,0.973641712040915,0.97371509071742,0.97382008325693,0.973861544404757,0.973972302516424,0.974054985291127,0.974112109248615,0.974205518758266,0.974292667036722,0.974362760062775,0.974455533473729,0.974495478724367,0.974556577830708,0.974605865127347,0.974640252602409,0.974685524700752,0.974720637786926,0.974740467980346,0.974810390200432,0.974874931003309,0.974940505567126,0.975030331439368,0.975083914704281,0.975113023848174,0.975148137068037,0.975191948348286,0.975228957683484,0.975249173106923,0.975311571441504,0.975358977243962,0.97541781455273,0.975454197872181,0.975517520990051,0.975548737481515,0.975605503176733,0.975663422419828,0.975675622624778,0.97570880517537,0.975729632260355,0.975779090831202,0.976587219949927,0.976731079355957,0.976792492297295,0.976827529137126,0.976898933233748,0.976911613963673,0.97695664687538,0.976982678648521,0.977289972110539,0.977323417377813,0.977342375552156,0.977370817721079,0.977391395467579,0.977417056537905,0.977439216731448,0.977460391157772,0.977473358278932,0.977515764400558,0.977539349840229,0.977572035928798,0.977585298024235,0.977597604976529,0.977642061291106,0.977652746257257,0.977673917219352,0.977687862902011,0.977698688986929,0.97771521780688,0.977767728996044,0.977779876042017,0.977812228117707,0.977842764573239,0.977872406196551,0.977879813988601,0.977914962883293,0.977946360917494,0.977983420293772,0.978004078888432,0.978022801900948,0.978031388499756,0.978054032432748,0.978080880249701,0.978226715563485,0.978277028677451,0.978299850243426,0.978328065561145,0.978339395399877,0.978402504704427,0.978418318691117,0.978552056770521,0.978577575477278,0.978603328004617,0.978614104957941,0.978642136668315,0.9786579351158,0.978667201190164,0.978683499030286,0.978695426120079,0.978722984613957,0.978730538018277,0.978783487418018,0.978789261010204,0.978805415082248,0.978821674738826,0.978823454908044,0.9788362739249,0.978840949308432,0.978861744070476,0.978876375545192,0.978881594106988,0.978901119248987,0.97890952692458,0.978928870925299,0.978936302374942,0.978969430873643,0.978986086809702,0.979004942868336,0.979020950224408,0.979025571431561,0.979044383251218,0.979055736600891,0.979067811244253,0.979090313438936,0.979100615044326,0.979115720186493,0.979122601601399,0.979138609214576,0.979144281536219,0.979157251653077,0.97916455591902,0.979170398376899,0.979184724101269,0.979272646281525,0.979286005180577,0.979301050899425,0.979304990805027,0.979318179793084,0.979321532055108,0.979327046463507,0.979337940104364,0.979345051434212,0.979350582341948,0.979360426277007,0.979372835905502,0.979375243545603,0.979378556636665,0.979389727026608,0.979395997001524,0.979411412243549,0.979421822833972,0.97943245076193,0.97943852768082,0.979448115021335,0.979453429115547,0.979459722401033,0.979464208504773,0.979476844471839,0.979481511974373,0.979487916312346,0.979508962902269,0.979513242913477,0.979515826026298,0.979524072670231,0.979531284849803,0.979532508535488,0.979540818048099,0.979546419033503,0.979555233436315,0.979559057047057,0.979567126321587,0.979573427994078,0.979582766571981,0.979587673346538,0.979590955855573,0.979593494717387,0.979603964159095,0.979605974627952,0.97961188493773,0.97961615349658,0.979624818351305,0.979639031505338,0.979643087253656,0.979646808959029,0.979650744859981,0.979652040318731,0.979656023704661,0.979657910069104,0.97966249518231,0.979666420685105,0.979674058704159,0.979681684600308,0.97969041498,0.979695647444023,0.979736869202072,0.979742562985394,0.979743334775712,0.979748162466033,0.979751217034075,0.97976119480953,0.979767961226694,0.979774475443219,0.979779464627024,0.979781095234247,0.979787824985066,0.979792312164086,0.979797212143201,0.979807735590068,0.979812183622599,0.979817081992634,0.979820843168121,0.979825162953659,0.979831153300806,0.979837484136879,0.979840635842465,0.979844020018131,0.979850401329877,0.979862919259414,0.97986946784642,0.979873164907458,0.979878259622788,0.979881697068508,0.979888241947918,0.979889880366357,0.979893071755778,0.979900402424087,0.979901658606476,0.979908861448353,0.979911016158311,0.979914878882373,0.979917170849223,0.979921214658203,0.979924952348132,0.979927012353106,0.97993606189237,0.979943438753796,0.979945282292819,0.979948937437967,0.979951828172245,0.97995572326743,0.979960136759826,0.979960568753687,0.97996308990911,0.979968322412772,0.979971080684123,0.979973264569507,0.979982708427462,0.979986101345282,0.979991301644871,0.979997093975492,0.980005044632475,0.980006470866519,0.980008530009734,0.980009855052288,0.980013187357955,0.980016739303173,0.980018263678219,0.98002371342883,0.98002744232744,0.98003124132756,0.980034052143874,0.980036318705637,0.980041109416597,0.98004216659863,0.980043664724299,0.980051378950615,0.980052452647462,0.980057630700518,0.980062268586745,0.980064470304476,0.980069230771989,0.98007518203483,0.980081328122993,0.980087398285039,0.980088686996689,0.980092278720747,0.980093830124161,0.980094767148072,0.980097164933071,0.980102716078426,0.980105900343706,0.980107281912233,0.980109708788431,0.980111667072537,0.980114533051719,0.980115903781865,0.980116708907839,0.980119583661985,0.980122987816628,0.980124198745885,0.980130733229301,0.980132973142356,0.980134850422545,0.980135074523942,0.980139393983047,0.980141199512307,0.98014444084494,0.980147166065082,0.98014800611275,0.980149687895521,0.980152004270691,0.980153060895296,0.980153823784474,0.980161000804839,0.980164146281503,0.98016480073656,0.980170614145728,0.980175235148789,0.980178901213317,0.980182652075509,0.980184702253925,0.980187327109902,0.98019211702554,0.980197243264158,0.980203361628811,0.980203939473112,0.980204918144177,0.980205564584537,0.980208226044958,0.980211278989215,0.980213110689715,0.980214859587695,0.980216876766085,0.980218421361384,0.980219090478634,0.980220142248848,0.98022066479589,0.980222556005095,0.980225637926229,0.980230268104169,0.980232308650268,0.980234039886388,0.980237263117475,0.980241141717492,0.980247364761706,0.980249869803819,0.980250882819304,0.98025188019425,0.9802553745747,0.980261753852651,0.980267894209403,0.980268273835184,0.980270771964765,0.980274153878347,0.980277724789873,0.9802802908182,0.980282581709464,0.98028475852365,0.980288199502275,0.980288512953394,0.980288698780157,0.980290868171073,0.980295997917215,0.980297286242617,0.980298906508631,0.980304281284504,0.980305718237179,0.980308468877929,0.980310210640798,0.98031153202742,0.980312897995337,0.980326172162452,0.980328948771154,0.980329727618205,0.980331831150429,0.980333708606185,0.98033810539509,0.98034099413478,0.980341464831959,0.980341495264898,0.980345380844336,0.980345682796673,0.980346976306524,0.980348484042539,0.980349369800964,0.980349813458704,0.980350652073227,0.980354639561126,0.980356030195973,0.98035819870073,0.9803599081272,0.980361835707522,0.980362643988776,0.98036366526379,0.980367535071298,0.980369316580081,0.980370991804319,0.9803711023572,0.980372475627706,0.980375177434203,0.980376277412636,0.98037987584782,0.980381291439809,0.98038303965807,0.980383910875383,0.980385924258249,0.98038737378889,0.980388628696594,0.980389216940726,0.980390339306287,0.98039137391053,0.980395341157124,0.980396690394001,0.980398885929488
